91
19937
28001
31328
18367
10997
23456
12345
33456
23910
21484
23458
38267
31415
19937
28001
31328
18367
10997
23456
12345
33456
23910
21484
23458
38267
31415
19937
28001
31328
18367
10997
23456
12345
33456
23910
21484
23458
38267
31415
19937
28001
31328
18367
10997
23456
12345
33456
23910
21484
23458
38267
31415
19937
28001
31328
18367
10997
23456
12345
33456
23910
21484
23458
38267
31415
19937
28001
31328
18367
10997
23456
12345
33456
23910
21484
23458
38267
31415
19937
28001
31328
18367
10997
23456
12345
33456
23910
21484
23458
38267
31415