2978 165
1642 94
1401 305
2686 1727
1132 871
1918 1897
2109 451
68 17
2808 685
2601 2073
2595 555
2255 708
472 158
2585 63
2003 512
1365 1156
2788 1152
2678 749
1700 1630
2636 2308
2505 1123
2435 1452
2554 1482
1725 1136
896 764
2962 1731
996 173
2373 564
1313 10
2431 2343
2522 1995
386 88
2264 1993
2922 1317
1854 862
2002 1444
2751 326
2692 464
2961 2614
2727 155
659 220
1101 776
933 319
1316 344
2774 1941
1057 330
1845 768
2435 1929
2091 1505
2173 612
1272 264
1584 1014
1268 846
2603 376
2509 964
1930 243
1991 1805
1296 244
1667 5
2625 2123
1301 21
2838 1768
2521 465
2307 71
2752 196
2940 2036
2679 85
1679 69
898 762
2182 1794
1681 1092
625 296
1934 1397
1345 16
1395 441
1094 553
1999 77
1862 329
665 149
2318 1242
2973 2252
1659 1188
1750 171
1818 97
1914 1428
183 64
2584 1018
2416 1147
1353 88
229 53
1886 431
2388 805
2764 699
812 212
927 122
1986 1147
655 539
1795 1790
2880 823
2220 41
