2891 357
2941 2923
1469 1370
1835 1057
1676 550
1975 734
491 79
539 66
2822 911
2369 646
1249 308
2167 1811
2407 1831
1285 807
592 410
2396 1734
1886 300
2805 2747
2363 1707
1782 1443
2440 790
313 245
2931 625
678 203
1358 586
2833 972
2862 683
2686 1834
2343 1233
1723 1200
1996 599
2369 1393
1585 1402
2055 226
619 525
2176 1272
1779 895
2188 249
1903 391
2881 261
2288 1021
412 382
1731 1730
2787 587
2870 542
2691 1078
2499 52
2732 596
2664 702
2984 2551
686 197
2197 1916
2610 2353
1740 671
1430 176
2237 1997
310 228
2765 2701
1231 321
1992 623
2976 695
2493 1493
1908 960
665 350
2726 1601
2996 202
1276 1122
1603 24
1572 855
2094 390
2192 445
1303 942
2788 987
381 107
2630 1143
2314 1924
2755 2064
2833 1615
1894 1354
2162 488
1639 865
2235 2230
2500 1898
2367 1196
891 131
555 266
2777 2196
2089 1985
2528 2183
1781 748
931 124
2472 2401
510 41
1202 149
1358 894
1826 1142
2796 604
2298 1665
1030 790
2876 1518
