2630 255
2473 42
1394 1327
2579 1784
2997 904
1566 1462
2227 2056
2999 1144
997 230
453 173
2611 821
1243 893
2175 2064
2925 1705
1389 1058
2818 1798
1633 286
2643 1425
949 533
1703 857
2372 1690
2593 967
1221 1067
1091 1
2759 1429
938 330
2520 433
2513 609
2152 1851
2126 2067
1904 67
2804 1069
1469 599
1644 391
1952 1030
2917 2799
1554 706
2566 1267
2622 1952
2162 379
2486 1179
2634 2599
761 556
2314 2297
2831 2243
2895 1923
2090 934
1378 1289
1325 1019
2430 965
1432 1136
2217 1232
711 302
1025 920
461 166
1999 1504
2663 6
836 383
656 521
1795 489
2992 2168
2489 2207
1028 1002
2530 655
2996 774
986 71
2890 1435
856 401
1591 815
2948 2706
2662 2552
1566 329
2412 1251
1254 1201
1567 587
2959 2077
1586 1382
2986 1572
2940 1340
2838 913
2436 1373
1152 528
2766 1539
2983 1634
1485 99
2604 972
1422 626
1629 31
1930 1783
2345 1453
1674 100
2728 602
2178 747
1665 835
2099 1762
2003 1373
2438 1282
2898 2489
2952 199
2732 56
