2552 754
2730 2158
1866 1729
2363 352
736 248
1194 763
2203 870
1446 487
1394 964
1853 827
1069 91
2940 2347
2771 2009
2862 2590
2680 997
2384 1441
978 300
782 87
549 81
791 622
1816 171
2752 2680
2912 444
1785 12
2256 1572
2038 692
610 35
2974 2931
2670 1585
2262 143
1408 423
133 27
1978 967
1225 610
2349 2290
1816 930
651 278
810 182
2204 1445
2924 2306
2615 1480
1945 189
2737 2266
1697 1695
2318 522
881 502
1603 543
1780 924
1163 482
2498 501
2833 2058
599 182
1943 1147
2784 46
2765 2415
1617 771
2765 956
2981 1562
1209 169
2320 58
1624 52
920 608
2062 113
1355 655
2676 801
2396 1112
2320 1696
2954 913
1221 1077
2130 1515
1456 1187
2306 1231
2674 1331
2561 546
2776 23
2104 900
1718 119
1759 82
1905 263
2921 2359
2009 1846
2702 437
1209 776
2641 1961
2929 1197
2644 907
376 209
1666 232
2407 550
2006 1133
2839 2707
1504 475
2598 423
1846 122
1300 1128
983 7
2054 978
2169 664
2897 2239
1151 1135
