1510 941
2566 639
894 149
2719 654
2580 2323
2429 1254
1694 2
1742 1477
1015 93
2081 608
2838 2095
1035 340
2790 2222
2291 1907
1944 1382
2133 553
1196 74
2140 2023
2071 1117
2127 901
1740 1702
2902 532
811 433
2655 1847
2604 436
2482 1917
1640 713
1311 1304
1695 184
1960 1126
2848 1842
1663 1642
2788 924
1334 369
2149 65
1468 1121
2040 277
1885 920
2146 1460
2742 783
1493 584
2424 602
200 50
1800 1753
1566 644
1461 974
2346 1021
2876 545
940 552
1203 561
1330 1313
1199 32
2101 1489
2173 590
2385 2352
1996 1120
2703 406
3000 2659
2438 2341
2549 2244
1306 155
1296 974
1109 45
2048 286
2995 568
624 487
2009 418
2577 562
1266 688
1322 422
2846 1341
2024 748
2794 942
2756 7
449 143
1939 241
1467 894
2334 1269
546 85
1590 1466
2937 980
1863 1642
835 229
2761 1830
938 253
2751 911
2906 303
2331 1135
2157 445
2749 2226
2314 679
2232 787
1597 88
2801 1037
671 63
2772 455
562 484
2579 519
2895 1483
2272 103
