1695 1512
2018 872
2825 2812
2468 2198
2302 308
429 388
2973 2618
2389 2213
1506 1257
849 659
459 114
2389 142
2456 1843
2470 1630
2494 490
1041 543
1851 1031
2525 1745
1208 1152
2308 1596
2945 930
2243 1640
2261 366
2007 775
1949 642
2505 1770
2775 2656
2554 2007
2686 1842
2289 1853
2734 992
2154 1549
1588 1017
2666 303
858 633
2965 1871
2009 1382
2822 485
976 900
1491 1201
930 382
2451 1646
867 799
1439 704
2550 66
2753 1272
2203 1560
2090 259
2074 983
1817 851
2608 2396
2712 2162
2194 2014
2936 1797
2723 2551
2231 186
2438 1475
2667 1161
1884 1027
348 336
1726 1672
1959 410
2570 2201
2781 683
2511 656
2986 1621
2734 1526
809 247
1238 716
468 189
1644 1441
2774 2005
2951 540
1731 1147
2918 1514
1345 730
2710 1675
1749 290
2881 1736
1644 403
858 151
2631 1226
2269 2018
2754 486
2836 83
2225 1836
1225 1197
2650 2131
935 296
2453 2232
2401 1048
1620 189
2772 93
2413 2109
2255 624
2069 964
1708 52
1113 538
2540 1820
2837 1788
