144 134
662
68 56
124 23
57 35
96 4
7 133
42 105
124 9
1 40
142 80
134 115
83 30
112 50
59 109
32 25
2 124
127 105
128 57
30 4
1 38
10 129
114 48
114 86
130 50
110 103
56 123
65 105
128 34
94 14
11 71
120 92
30 28
27 22
47 50
132 63
40 93
125 79
32 78
121 55
29 82
99 35
10 50
16 116
7 41
103 17
27 118
128 59
55 50
20 41
48 41
55 65
75 98
99 82
24 127
60 110
130 22
139 124
43 15
58 105
67 121
115 58
49 131
84 102
58 57
95 84
40 31
73 40
8 127
29 106
113 129
136 85
141 77
91 41
43 86
112 6
111 119
79 69
95 53
100 116
140 92
46 134
48 63
18 88
52 69
75 61
83 38
143 133
94 63
66 99
6 76
56 89
51 16
87 100
74 33
88 22
89 29
51 2
143 66
119 55
126 115
9 53
16 71
1 55
25 24
61 35
70 27
62 14
107 133
34 126
5 105
45 63
115 87
115 64
117 65
61 76
29 85
10 58
133 30
110 106
33 115
3 42
9 21
70 121
139 55
50 22
24 13
56 129
42 83
96 25
92 22
5 29
131 128
93 40
13 78
70 56
40 124
132 23
132 95
10 22
69 65
53 80
131 109
47 120
115 122
27 27
116 2
96 49
128 8
78 29
38 125
39 127
24 108
120 81
19 121
59 85
46 104
25 104
86 112
45 59
21 73
57 132
34 105
97 45
12 105
127 39
101 92
67 61
110 11
131 32
56 35
66 39
96 32
83 109
100 114
38 111
31 105
70 108
115 105
96 63
60 93
77 105
42 92
114 18
50 68
93 97
143 78
132 74
106 72
137 14
65 111
105 40
31 109
80 90
79 134
101 80
72 90
99 129
106 7
140 25
54 116
108 106
94 132
27 79
29 61
121 36
98 133
7 120
76 74
136 13
141 86
62 125
45 95
79 89
80 130
79 120
111 98
71 122
69 77
119 125
19 114
91 62
142 43
136 24
28 95
36 56
12 37
67 88
108 15
48 94
69 14
42 54
17 7
83 87
135 85
62 2
136 101
83 114
122 104
131 79
103 74
101 61
115 61
128 7
69 61
22 74
21 131
55 2
15 42
127 81
35 113
62 87
73 87
8 97
110 92
24 83
10 101
59 122
6 95
41 40
62 110
94 114
61 99
63 38
14 27
16 36
20 93
29 96
139 42
102 116
91 8
129 15
103 121
27 117
41 25
40 128
79 114
81 13
10 110
83 97
47 2
82 44
78 47
118 42
102 32
6 51
99 33
52 75
57 64
67 112
134 112
19 89
26 7
58 18
19 25
61 6
11 19
82 71
24 57
2 134
13 33
128 45
141 60
25 17
144 46
35 114
72 118
50 19
10 13
8 42
36 13
134 37
35 133
92 101
73 32
30 116
69 26
102 68
137 4
34 24
42 117
28 133
129 9
102 28
43 112
57 60
20 117
97 95
20 107
144 49
78 67
84 36
39 128
130 107
52 109
77 30
113 21
134 52
68 77
74 11
49 12
10 82
8 89
10 40
74 10
115 107
61 37
17 93
74 70
129 39
98 86
136 82
1 14
34 114
88 55
76 125
2 1
90 109
48 26
35 118
25 16
87 101
38 123
72 64
19 86
11 48
42 7
114 77
26 22
64 129
91 2
23 12
111 94
96 89
47 114
117 113
25 9
75 72
9 42
126 82
138 103
110 56
137 51
96 123
48 31
28 115
81 64
15 1
104 5
140 104
101 93
49 62
91 40
61 48
129 13
94 76
110 123
29 74
61 45
23 2
13 22
142 93
57 68
144 27
46 72
76 36
44 130
75 11
51 95
139 9
44 41
114 104
9 44
12 18
137 16
139 107
61 20
114 98
44 113
58 63
92 18
79 36
95 115
84 115
112 134
80 17
74 125
35 99
7 118
134 80
54 109
16 63
36 42
131 49
3 55
4 129
109 44
119 108
5 50
22 60
5 55
136 108
103 48
87 66
4 31
27 105
66 11
130 72
47 121
141 10
75 64
49 133
52 131
17 54
21 86
87 56
73 59
121 96
35 56
116 8
90 118
46 5
78 71
67 122
19 6
99 31
117 36
83 27
16 101
55 31
4 14
48 74
74 35
139 103
134 96
77 124
84 12
76 122
131 107
101 131
32 74
12 88
144 107
32 3
131 112
67 77
80 37
103 133
104 66
84 97
130 110
133 79
27 2
84 50
42 5
20 64
104 97
73 81
102 98
86 97
28 85
82 91
28 34
55 1
136 90
141 28
1 125
134 68
12 65
53 17
37 97
23 106
10 85
4 120
117 93
63 62
105 56
135 3
80 126
21 103
134 18
66 79
116 52
90 122
108 59
61 56
5 118
106 127
85 76
42 9
64 7
125 59
105 126
20 80
55 82
103 2
122 115
90 35
134 58
130 92
108 36
97 92
10 132
85 112
106 88
6 11
12 113
54 26
64 121
53 32
144 106
11 91
1 81
20 8
74 126
27 111
102 44
40 111
39 116
65 113
18 36
43 73
55 132
120 70
63 133
91 76
14 58
1 111
104 129
123 102
99 117
96 121
64 75
75 42
112 44
130 84
40 11
27 106
1 117
43 14
121 128
114 22
5 94
99 28
83 132
120 105
38 21
69 72
32 7
117 68
2 74
30 75
135 134
107 130
12 100
4 124
3 103
144 113
126 128
76 76
71 18
6 57
26 35
71 75
89 52
50 53
101 124
144 88
99 26
144 90
55 97
9 88
76 57
111 35
30 130
16 37
82 87
83 129
99 123
106 123
112 117
129 4
89 55
109 62
120 12
91 54
114 57
27 131
114 17
11 21
69 124
25 133
126 19
85 87
113 83
69 63
2 40
113 121
68 51
59 46
130 4
48 91
39 32
133 85
132 43
109 24
16 73
7 128
143 31
124 35
125 44
48 9
133 18
87 76
61 26
52 80
68 80
12 117
121 5
34 117
99 60
99 36
6 97
6 39
