768 437
401
66 4
515 5
609 111
713 242
25 379
617 383
276 237
395 35
47 282
524 376
514 183
765 223
259 334
187 67
72 151
630 153
495 354
644 191
534 79
263 89
470 312
626 127
700 2
363 74
352 278
27 300
390 259
378 314
322 362
469 146
230 180
77 421
707 285
240 306
305 361
77 133
722 333
762 382
14 2
268 55
474 377
396 389
644 151
49 221
689 99
651 196
761 188
160 197
288 304
481 395
609 252
321 277
422 399
718 201
674 359
667 55
96 46
768 19
478 72
157 86
274 273
585 71
714 132
680 165
363 17
511 385
593 393
490 268
694 381
226 353
101 279
568 55
386 51
196 121
19 116
432 411
724 179
133 189
28 145
723 312
377 25
512 413
96 229
385 211
734 185
239 248
308 39
159 388
302 96
291 422
198 266
7 163
619 342
564 178
133 104
181 334
315 248
76 356
604 65
669 347
74 287
631 144
52 167
353 315
388 117
82 73
198 130
352 146
166 234
525 166
349 85
565 278
546 133
256 267
112 28
552 248
637 44
438 183
67 292
677 169
513 79
57 217
497 55
131 258
712 202
461 135
693 211
32 374
591 115
707 198
577 261
82 224
128 98
651 32
279 207
201 156
615 89
25 93
737 411
318 272
523 206
522 270
400 154
620 242
421 89
3 255
523 29
152 85
523 331
634 303
221 411
740 16
408 276
486 185
312 404
160 405
130 433
308 165
552 267
579 269
322 3
364 115
717 376
105 288
616 125
430 296
334 30
676 308
195 29
222 434
197 386
555 313
588 1
82 187
110 42
52 112
7 141
113 10
619 230
10 156
363 26
632 50
265 253
68 40
585 240
662 153
83 120
247 328
508 81
433 106
367 214
616 110
41 178
678 177
280 196
597 95
321 25
732 169
481 274
25 216
262 52
569 360
74 227
547 249
571 293
664 19
339 147
460 32
653 289
662 406
183 430
436 365
540 164
371 93
468 118
581 403
693 349
735 177
614 345
655 60
13 389
57 276
119 257
335 436
201 228
634 304
233 117
38 402
5 199
653 161
271 109
744 358
737 365
95 134
455 52
389 222
726 72
432 433
65 260
405 243
697 37
303 13
570 106
437 9
558 345
110 220
533 9
522 74
104 46
272 327
28 310
534 321
165 420
22 281
505 4
703 262
579 290
319 375
85 308
72 8
247 80
613 82
436 72
288 15
495 91
292 281
541 290
196 39
169 67
581 313
732 289
240 324
338 386
485 39
455 83
706 427
80 179
19 176
176 137
217 392
660 341
733 19
458 357
738 322
630 349
581 139
669 314
186 308
511 398
612 85
638 260
122 234
442 132
253 404
352 95
263 317
494 173
76 383
81 387
420 384
202 132
39 343
427 230
639 281
109 280
519 270
158 145
121 434
168 335
296 241
254 115
556 191
577 391
177 360
51 4
597 334
96 100
113 150
112 71
648 18
21 99
617 184
230 224
554 402
387 94
428 211
268 150
287 144
713 41
46 195
328 196
34 45
275 108
605 35
400 148
708 239
744 267
730 278
165 376
286 428
58 266
354 224
126 382
471 230
343 331
419 413
302 199
194 421
234 343
199 298
316 148
161 417
57 358
464 199
453 182
256 113
557 298
366 44
164 283
396 276
114 195
495 434
629 428
692 301
161 379
629 284
155 3
251 359
514 354
477 283
547 302
404 395
395 240
676 196
338 208
678 125
142 415
681 216
623 276
656 129
676 434
68 292
421 76
513 247
122 348
225 69
704 246
462 255
448 232
445 227
33 3
197 224
34 72
105 79
540 409
172 94
534 206
448 36
221 409
233 217
202 402
