675 593
776
525 492
639 104
268 585
237 319
221 562
132 55
424 567
513 317
64 576
517 381
636 107
377 588
324 172
532 27
3 188
575 551
598 436
365 453
225 129
222 275
633 212
538 582
534 113
521 344
97 445
252 446
153 206
368 359
176 27
644 145
400 392
214 145
24 497
353 233
673 474
406 210
262 389
581 180
348 404
394 467
528 269
570 407
415 398
219 16
30 449
330 90
650 130
184 385
63 101
649 98
557 397
26 158
489 55
421 525
367 497
559 169
578 1
97 334
648 398
266 359
447 336
617 416
390 222
625 374
443 514
259 242
16 544
192 434
161 309
526 56
159 510
468 166
178 125
658 442
327 184
594 536
643 505
46 395
461 273
618 62
431 314
292 263
200 271
51 393
569 42
202 76
384 349
138 569
58 233
232 530
29 359
406 239
318 526
169 328
432 216
468 361
436 107
87 212
495 126
418 576
52 300
479 262
101 444
393 146
122 308
530 102
511 540
563 547
239 400
295 84
209 30
617 81
262 113
482 528
540 102
596 247
110 196
166 91
364 527
658 230
233 455
602 248
456 290
419 74
199 491
319 519
576 576
104 392
138 38
281 105
606 35
253 541
649 550
192 331
183 270
394 35
448 80
560 354
442 41
404 526
22 582
311 146
637 221
645 559
504 125
303 125
321 315
102 59
255 178
281 471
508 342
36 573
27 265
518 516
557 142
47 241
533 38
479 572
452 105
493 387
669 447
651 492
569 155
108 189
471 411
297 90
631 509
327 591
255 554
332 30
269 153
232 570
170 244
552 333
506 413
603 566
449 130
596 371
56 580
600 60
39 315
161 294
51 217
560 381
436 571
204 309
291 533
170 527
491 303
51 336
570 78
162 206
649 490
53 122
556 1
279 473
657 495
577 481
587 263
350 285
508 22
362 561
507 382
454 318
307 401
631 138
658 326
308 553
408 441
281 460
278 526
526 199
348 11
149 420
246 56
579 65
527 377
502 5
654 507
29 47
508 141
140 420
107 52
426 17
640 367
304 564
635 191
30 456
478 442
536 31
44 82
343 348
205 509
28 420
158 227
267 436
86 355
464 451
524 573
380 519
555 241
369 130
275 208
577 388
310 361
498 558
23 467
512 249
524 143
625 311
592 393
585 156
270 123
521 381
252 162
670 448
671 229
544 464
386 552
418 525
210 62
635 409
59 131
597 35
580 233
537 34
582 553
516 93
279 440
585 68
363 251
287 416
406 242
210 413
663 166
352 543
473 382
115 413
172 557
511 425
136 110
6 242
453 570
567 173
292 291
121 442
140 53
539 228
18 525
658 175
343 480
207 445
175 109
671 513
451 111
544 319
202 129
420 291
531 100
339 297
674 318
248 198
261 51
115 384
404 114
479 169
8 497
438 24
600 519
643 127
358 203
26 518
605 247
6 101
71 418
454 548
548 239
579 420
252 476
271 430
655 146
515 482
347 154
199 157
70 503
577 349
108 48
576 427
616 125
74 74
18 494
183 458
88 396
323 409
129 262
136 17
550 384
108 125
337 18
121 275
156 252
656 312
166 511
573 543
15 123
344 281
328 427
168 4
662 184
288 84
37 274
414 523
663 580
222 41
254 377
596 29
616 18
629 591
92 469
201 73
298 576
203 583
185 111
194 262
285 295
245 591
624 181
157 359
137 359
393 500
612 332
119 352
369 509
670 563
362 199
535 116
398 324
492 133
658 10
126 254
205 434
398 574
575 56
555 500
509 210
498 357
636 479
70 284
593 78
370 467
569 570
401 101
321 238
61 522
613 299
544 126
11 342
28 161
234 462
252 26
48 61
542 452
325 478
314 306
76 119
37 465
635 252
224 66
550 375
165 379
323 300
63 333
175 265
668 430
338 356
131 343
543 376
267 56
54 407
575 440
385 543
538 193
644 540
666 420
331 585
636 198
525 276
626 370
204 276
318 247
512 196
190 330
32 450
599 201
374 222
602 60
487 207
438 550
659 180
397 558
76 336
369 555
565 56
92 256
556 20
561 385
248 451
478 299
385 329
79 13
176 279
618 104
406 586
428 183
193 284
100 401
628 91
434 472
217 484
303 35
64 120
254 20
166 517
365 412
154 250
321 396
122 244
625 325
667 26
293 587
294 333
32 347
207 298
666 132
585 225
473 183
604 291
190 125
604 466
328 448
276 279
521 329
615 285
359 234
451 458
406 576
536 515
537 451
341 434
254 128
237 580
303 380
594 172
328 377
532 496
311 123
428 151
204 494
667 513
19 467
208 59
482 27
130 39
335 485
53 397
212 263
194 345
193 446
641 590
2 420
237 208
95 351
509 430
91 258
562 174
332 225
630 473
523 499
465 293
626 474
49 208
671 525
134 152
583 565
17 34
328 114
534 390
105 307
654 366
176 77
446 541
317 17
286 400
550 481
280 472
670 535
440 269
245 357
659 365
214 135
55 361
428 224
568 102
421 528
502 353
140 154
255 438
226 303
642 247
367 546
614 573
497 50
669 172
463 270
641 498
29 421
184 101
74 134
553 304
657 346
117 467
479 418
485 171
562 165
343 585
369 264
21 500
405 465
8 307
282 466
260 296
105 233
178 19
321 269
65 348
260 533
559 238
186 567
421 585
501 284
164 508
192 93
323 512
380 345
519 13
663 545
139 122
63 388
609 486
570 5
573 503
448 350
354 441
202 157
187 2
658 562
419 552
506 44
379 554
412 453
66 74
607 310
228 330
199 193
374 114
352 512
373 567
388 344
301 580
180 174
352 235
385 157
10 72
309 539
51 586
211 109
269 165
426 247
92 388
157 266
120 361
146 492
562 301
627 64
448 448
350 96
361 348
426 181
666 225
391 306
585 527
442 120
446 25
360 375
487 248
113 371
542 352
309 593
372 109
559 21
562 356
199 457
400 437
64 502
662 242
377 279
151 168
86 115
186 509
254 454
604 52
141 571
225 13
197 513
506 354
31 36
306 83
237 180
17 64
126 38
508 163
600 499
248 6
316 317
45 521
203 60
454 138
96 538
420 369
78 272
488 169
604 33
490 548
618 402
309 146
323 514
326 435
638 162
203 131
446 300
579 349
242 202
411 409
292 392
529 117
38 276
45 200
422 405
43 339
605 13
643 290
178 488
239 135
268 592
474 55
417 479
560 542
275 67
415 31
250 468
97 238
231 522
494 349
450 419
675 340
23 482
632 454
542 581
475 92
650 431
57 543
555 111
646 582
394 121
294 286
576 95
369 525
112 58
131 429
624 165
297 293
330 37
383 530
476 508
260 512
458 283
485 322
337 312
132 56
180 562
505 571
657 493
389 406
478 469
539 545
287 100
16 327
661 87
306 171
525 53
458 460
340 32
242 532
385 482
619 3
117 258
7 577
366 33
621 409
515 558
590 288
481 209
279 184
161 524
416 183
229 201
413 33
440 441
332 149
255 243
171 205
542 201
453 237
264 137
278 184
267 466
244 474
108 240
112 262
187 129
216 222
594 74
620 184
590 388
297 3
125 434
