466 912
9594
375 522
281 605
103 125
423 61
11 784
137 589
305 115
437 21
243 487
459 496
21 576
55 188
217 175
378 84
340 179
83 799
82 792
87 856
463 499
206 434
380 227
294 598
155 107
4 295
279 11
413 428
260 206
67 464
236 622
107 77
74 906
79 192
222 711
94 355
436 317
276 840
304 16
130 552
196 245
76 143
459 513
251 110
6 658
390 747
424 415
153 293
106 865
11 262
225 721
368 828
34 476
120 59
423 269
261 754
232 619
283 793
435 910
341 616
139 175
188 690
171 504
246 551
48 597
400 104
459 155
339 228
276 182
152 818
360 752
454 55
178 482
368 797
17 378
209 854
255 534
141 742
179 726
76 453
231 246
91 619
70 547
13 196
353 509
194 682
144 607
8 295
79 645
83 212
282 260
440 531
13 168
37 671
346 35
183 450
466 42
337 125
33 211
368 912
276 248
359 279
14 96
177 432
353 634
136 612
214 770
308 389
83 642
198 657
437 896
140 388
189 357
229 725
393 462
239 466
278 589
102 95
309 159
68 618
50 747
312 802
1 287
433 218
143 256
453 585
33 658
93 706
115 824
238 815
432 499
38 693
243 566
324 493
349 606
459 507
282 215
223 885
276 737
41 899
123 62
315 315
125 198
93 496
105 814
193 301
155 843
347 145
128 374
324 452
89 761
361 395
456 455
438 752
1 230
433 456
341 32
464 377
81 19
349 406
106 753
186 169
207 105
159 752
87 882
10 821
310 616
452 293
395 347
219 650
342 244
224 197
364 154
195 790
309 72
279 154
21 826
237 900
424 656
256 876
96 669
320 43
231 461
413 549
167 586
169 729
324 304
252 186
117 862
41 783
37 577
454 545
326 635
347 15
171 345
269 214
156 458
165 227
123 210
364 725
160 437
89 717
221 880
99 661
29 815
437 166
96 580
86 477
344 165
254 165
98 225
305 239
2 4
29 868
358 219
62 767
433 765
251 349
45 535
80 775
226 859
462 200
114 263
266 874
213 223
11 323
74 595
129 314
56 345
320 730
439 497
93 460
35 278
389 123
22 897
297 615
430 718
146 496
320 887
328 648
4 412
247 477
227 152
128 390
2 716
116 231
285 254
363 173
422 599
79 613
4 761
392 409
242 908
356 844
275 775
234 746
15 80
12 537
418 1
103 379
1 246
464 817
89 702
316 438
289 753
97 873
230 882
406 908
404 701
465 813
24 852
9 806
14 619
199 736
321 322
53 420
409 878
62 551
314 113
364 770
113 176
212 469
392 57
24 594
20 184
138 59
325 95
151 177
59 190
283 236
440 837
283 471
297 877
213 181
289 414
451 160
224 354
63 302
26 850
284 83
226 594
326 361
304 159
181 777
146 261
120 511
435 658
217 27
383 684
367 55
267 748
215 709
86 190
161 561
299 826
197 837
132 871
25 349
440 14
454 13
333 602
287 28
441 690
355 744
285 308
52 800
344 570
265 854
16 657
248 774
330 749
280 33
299 889
208 896
49 745
458 845
201 498
36 803
352 576
143 491
230 238
154 434
261 771
282 187
95 173
81 251
113 554
451 799
236 611
430 332
455 125
31 285
179 135
283 543
73 636
9 145
426 600
364 448
120 332
402 88
172 145
103 305
34 432
172 40
175 263
144 185
374 851
3 881
209 455
168 472
447 523
327 827
356 873
122 672
433 252
199 893
63 908
157 786
390 498
368 35
445 114
280 599
80 699
181 471
228 140
258 442
304 618
41 542
229 303
396 356
66 480
297 712
135 574
438 340
404 157
130 608
444 302
301 129
344 247
291 340
39 751
62 446
461 590
61 855
453 64
273 159
343 900
211 824
172 703
355 782
271 351
115 38
225 810
4 209
50 511
204 91
118 439
237 539
227 491
409 411
257 164
312 645
96 189
312 363
363 34
406 48
227 208
332 478
171 446
166 124
307 670
74 771
288 113
435 25
461 403
72 353
125 772
243 68
302 852
343 376
168 160
349 696
300 481
280 385
182 523
272 630
31 549
343 815
21 882
231 793
175 190
146 857
82 908
308 855
37 302
129 499
83 155
275 638
360 878
168 414
69 593
312 99
27 623
31 639
179 672
148 448
167 212
47 559
376 585
243 33
341 517
205 69
190 910
47 272
145 356
146 167
110 839
455 558
96 743
365 774
183 590
325 344
302 352
322 409
156 800
168 130
61 482
428 514
86 664
206 69
40 135
249 85
7 393
61 497
266 109
21 407
35 82
357 221
344 89
126 783
324 563
373 142
155 473
126 272
359 713
272 695
93 537
76 398
239 83
392 601
275 526
218 353
27 487
90 253
161 865
4 68
83 887
145 171
352 138
273 188
172 418
443 83
394 220
447 470
377 139
383 360
135 757
294 670
17 507
246 3
85 221
115 909
200 451
37 377
448 704
365 223
92 777
420 760
74 559
118 202
340 691
332 310
112 909
76 625
46 514
237 127
276 203
428 119
122 836
270 37
135 906
161 802
193 816
287 406
5 621
292 413
273 610
65 456
182 794
367 897
221 411
278 166
97 802
171 655
416 166
232 480
400 307
433 278
38 396
250 28
442 217
461 622
462 207
72 800
348 371
350 699
230 71
167 702
145 773
185 784
206 477
204 341
270 169
315 393
406 695
220 363
373 854
317 45
14 602
198 456
280 203
321 287
419 295
285 380
85 87
48 253
49 472
57 44
250 799
172 528
461 237
401 431
428 137
312 75
259 372
331 322
58 687
443 204
384 244
155 358
459 404
293 70
116 276
86 435
243 795
361 525
240 566
92 421
320 875
366 810
66 203
408 461
351 618
76 86
202 489
333 830
129 728
308 54
361 662
11 74
345 289
166 510
431 188
80 384
457 439
321 846
328 751
438 219
416 148
180 498
324 665
419 235
184 100
189 563
180 152
94 830
407 464
322 129
232 873
214 508
457 363
198 116
65 835
413 105
20 166
108 820
144 334
16 140
253 384
218 16
289 116
89 823
419 246
318 617
177 118
309 621
192 276
26 35
225 825
224 155
59 408
20 630
300 744
438 500
359 331
350 303
390 17
339 169
358 365
208 866
177 213
161 216
132 763
424 560
278 822
328 575
55 19
361 266
154 541
181 67
208 381
303 112
466 462
61 585
8 703
121 456
303 346
323 64
137 345
391 147
141 521
155 121
5 364
23 251
423 888
248 630
323 838
383 266
292 591
459 93
165 625
74 483
396 817
305 376
296 260
40 147
65 373
378 400
112 500
13 51
264 215
74 484
410 540
403 894
212 875
200 868
162 707
123 400
239 98
305 67
79 725
192 42
152 556
1 198
343 653
218 860
326 227
64 231
201 299
263 614
224 605
269 234
245 419
142 340
363 298
390 552
101 867
63 22
19 87
301 875
367 433
180 3
189 670
391 67
15 812
124 167
101 61
172 791
385 327
369 413
460 465
422 20
152 721
257 194
434 634
86 650
385 828
270 730
358 606
291 258
64 724
213 235
219 234
100 75
338 314
114 718
55 353
161 568
223 802
417 169
40 810
325 795
95 536
267 317
164 896
138 729
130 402
110 753
353 320
340 349
210 468
59 24
373 148
87 438
438 260
423 291
408 694
372 456
157 421
358 400
239 760
268 838
315 850
15 19
205 61
395 225
239 271
196 126
83 250
22 877
215 678
235 795
17 716
338 328
120 560
147 380
423 698
450 518
374 569
182 484
49 788
208 121
400 578
192 320
189 40
86 761
459 91
412 337
287 742
461 460
101 606
395 701
79 531
279 70
185 541
358 20
141 656
223 82
354 674
213 789
410 463
280 291
337 276
154 557
65 114
458 889
134 335
132 637
153 546
464 870
210 192
59 679
361 653
350 141
255 29
366 414
179 563
254 79
191 419
198 20
148 803
439 135
410 265
102 331
135 646
80 817
211 319
292 612
380 611
60 414
450 323
102 498
96 909
323 862
59 102
188 854
288 589
267 835
400 820
397 460
76 291
5 566
389 412
272 367
373 48
232 318
43 795
366 259
166 492
78 748
210 634
182 45
258 389
50 40
256 746
410 249
31 887
44 521
191 83
403 41
173 692
312 587
193 45
66 549
321 332
265 58
146 354
424 714
301 857
187 898
269 222
118 221
212 484
157 695
162 167
260 569
351 45
243 187
243 195
236 745
18 712
124 261
4 285
36 558
93 244
72 20
458 911
90 5
304 305
152 763
206 449
15 29
60 891
4 161
148 777
53 532
235 1
143 781
374 181
427 829
5 437
85 9
400 251
463 746
448 253
234 193
230 141
126 393
77 45
390 342
370 875
206 7
116 563
3 689
88 494
377 422
364 422
445 405
321 62
306 434
427 199
386 739
309 297
448 309
456 404
376 159
401 162
14 593
133 47
261 508
181 589
306 831
225 485
348 765
196 613
182 502
59 738
291 158
50 85
331 495
196 605
214 28
334 41
111 493
197 8
302 83
235 83
393 896
25 801
347 368
6 306
399 366
256 572
200 511
21 518
403 718
204 681
162 736
264 27
453 491
466 618
30 24
22 182
416 615
79 550
132 216
115 869
324 763
14 199
278 182
332 285
239 513
158 760
29 281
123 12
57 839
367 905
101 808
221 117
426 837
420 34
309 48
296 829
348 628
146 453
62 571
84 546
151 372
422 311
137 903
254 63
86 738
242 85
162 883
466 376
314 276
260 20
230 768
48 204
424 354
47 337
281 3
397 342
53 285
81 785
44 534
149 626
29 437
437 840
278 161
200 197
433 832
395 803
465 794
289 607
75 185
112 323
269 286
438 465
171 200
63 219
174 841
297 718
28 638
42 884
247 651
12 681
26 251
163 201
53 12
458 765
20 625
151 665
186 123
417 594
365 426
290 292
65 294
345 438
348 259
447 881
459 148
204 369
228 709
305 673
449 841
59 684
43 320
288 92
164 277
66 784
55 560
207 413
187 200
353 662
161 716
232 603
75 352
102 911
162 853
187 415
323 331
94 264
320 576
442 289
196 894
284 154
316 733
292 676
345 170
419 220
257 220
381 716
320 400
89 689
385 518
58 66
298 174
257 695
367 20
260 821
304 610
150 777
31 352
125 864
321 395
352 816
330 325
177 242
291 697
37 304
215 642
153 610
81 465
258 8
408 17
395 141
338 147
209 253
297 71
1 693
146 688
201 360
346 360
42 24
284 654
250 274
223 808
292 606
199 175
325 478
211 708
48 418
125 776
425 93
414 785
254 619
272 470
179 373
436 61
255 294
249 209
311 316
154 603
294 887
102 163
374 327
122 197
6 56
185 290
213 522
74 128
348 350
387 30
437 688
71 639
327 334
121 27
245 513
213 157
20 303
199 338
464 357
142 380
454 161
349 597
289 769
280 659
410 292
346 121
275 24
15 93
259 160
278 123
135 656
345 523
247 365
307 496
361 128
386 231
272 541
173 500
409 686
219 70
16 574
16 3
419 558
319 164
297 249
88 418
80 281
342 414
460 132
295 57
186 777
350 824
312 729
102 730
372 666
298 335
12 245
458 384
268 121
345 274
379 552
295 448
118 483
227 494
136 14
126 198
227 222
96 599
424 352
282 906
186 726
255 828
142 369
258 400
17 551
364 893
235 233
384 907
58 416
397 669
228 279
80 513
162 890
169 129
322 658
417 870
28 180
197 551
368 892
101 517
77 819
409 81
392 540
293 226
148 43
418 791
406 238
157 207
379 505
313 415
229 903
234 28
278 457
68 859
55 497
102 37
41 10
437 542
205 643
349 705
422 233
295 534
288 721
53 437
55 78
195 426
39 614
388 297
30 638
29 638
150 200
192 454
18 757
262 376
192 27
118 775
105 421
418 69
144 367
248 386
413 539
402 534
384 451
257 131
206 455
230 327
55 186
235 264
95 60
190 332
349 157
93 696
163 293
399 524
36 87
364 78
329 721
270 279
364 853
234 101
94 412
158 796
307 327
165 443
356 35
385 712
411 375
13 464
245 204
31 860
16 752
41 356
180 889
292 196
69 393
406 769
340 760
130 10
312 773
128 46
191 511
235 473
21 708
81 525
229 155
109 757
18 50
209 354
330 695
143 760
462 131
328 181
355 33
188 47
108 141
306 523
304 620
83 579
394 522
325 401
398 199
369 264
36 501
59 228
33 384
61 210
35 254
274 80
297 650
385 452
408 51
9 428
190 628
250 269
302 837
194 664
124 217
156 667
373 501
15 55
450 265
34 699
384 413
313 46
291 570
13 753
243 884
168 778
446 777
130 745
268 769
337 604
42 722
121 332
81 256
278 361
61 59
373 439
457 79
17 700
214 743
448 764
279 341
437 417
269 802
6 141
362 727
254 593
226 327
379 696
16 897
358 879
339 106
132 132
410 784
462 419
214 138
318 719
130 78
92 161
275 280
273 700
262 720
393 533
177 13
383 204
261 400
320 729
215 848
238 718
144 306
458 81
54 266
223 124
57 105
58 87
452 377
203 443
31 80
109 32
209 357
412 198
60 257
274 374
289 301
197 769
393 823
329 314
28 16
347 784
74 248
242 303
450 417
343 427
456 449
147 8
181 149
433 546
451 901
408 44
70 85
372 107
283 94
344 319
283 732
305 110
80 475
198 166
106 472
182 808
444 107
62 46
32 569
150 40
385 90
99 845
5 697
6 622
136 518
241 297
91 225
98 316
124 79
282 277
217 745
60 280
282 551
96 553
353 41
153 217
187 133
306 541
51 351
286 717
55 724
18 87
167 561
320 490
314 84
429 257
265 400
5 94
303 33
397 651
276 430
93 283
7 763
2 406
194 62
428 284
223 545
394 441
232 302
412 391
237 819
141 898
48 359
402 268
342 294
130 179
374 6
200 54
458 39
458 571
366 356
117 529
409 468
230 418
387 897
389 514
372 291
385 622
374 32
373 566
241 217
243 139
67 808
336 89
53 897
19 313
263 821
223 730
290 133
30 750
44 357
274 57
183 131
165 685
393 844
361 869
455 766
202 749
14 512
240 1
81 405
41 225
439 42
235 499
144 395
314 439
67 860
19 269
435 72
99 21
422 566
152 118
26 478
226 852
133 663
22 435
158 546
181 379
84 73
233 62
73 282
465 549
459 59
157 246
171 514
227 122
369 646
434 173
214 132
122 754
150 709
109 837
323 546
229 129
448 549
107 16
235 458
444 878
74 111
253 368
278 713
358 750
207 562
305 111
134 341
460 740
417 639
277 835
2 334
280 797
466 224
316 721
14 148
421 670
448 445
158 403
64 630
364 732
77 810
367 736
414 77
147 243
164 706
171 544
179 460
329 499
57 469
299 255
37 121
313 823
428 574
447 273
280 540
102 321
373 66
174 423
54 553
447 764
173 255
372 529
180 387
398 324
264 474
179 533
280 228
228 740
424 575
197 248
292 747
19 520
197 98
14 834
274 496
399 510
284 256
100 285
424 121
342 271
266 695
316 68
159 832
168 524
159 316
149 748
263 527
111 349
187 579
364 71
294 677
235 762
465 383
135 619
141 10
215 222
266 484
257 271
367 750
284 511
91 78
203 339
300 547
160 170
78 372
112 850
272 644
244 340
319 879
360 439
357 494
359 855
113 33
14 422
81 140
333 527
182 431
357 870
464 193
25 699
180 837
286 358
228 396
363 635
318 603
124 384
349 726
104 565
311 213
239 572
360 448
34 102
123 871
410 533
99 652
398 869
138 94
387 755
203 108
342 486
75 911
458 139
209 241
165 137
138 135
141 872
393 675
134 747
260 553
282 258
46 743
329 471
106 760
388 583
7 729
131 853
114 669
466 467
243 356
180 53
372 262
147 907
319 677
58 420
433 503
223 757
135 623
218 334
218 473
16 454
308 829
77 769
174 604
363 780
462 884
149 454
271 720
239 85
282 92
104 264
324 643
77 706
129 337
309 38
238 476
349 616
388 545
31 684
379 326
165 143
279 264
217 265
375 761
405 112
281 78
4 671
358 542
28 894
323 612
113 222
17 541
253 574
84 400
259 870
429 508
193 715
255 420
375 128
114 169
192 108
179 330
129 235
38 468
220 685
6 206
329 698
112 11
389 287
414 626
308 390
466 450
216 768
160 61
82 827
265 239
171 64
298 477
95 603
200 73
194 108
55 29
75 817
144 832
421 254
288 448
223 638
245 624
135 871
312 411
131 643
125 296
51 180
8 702
453 181
159 664
424 703
356 485
328 427
186 202
465 526
57 165
136 592
119 890
65 568
53 687
206 651
424 297
15 123
64 181
12 736
172 216
14 285
62 506
172 415
308 663
452 904
200 399
9 757
89 707
351 849
7 508
1 55
262 79
140 66
112 107
260 365
364 230
133 494
375 507
159 845
54 647
185 677
161 207
89 765
92 4
40 59
44 160
28 177
258 664
174 755
241 704
173 173
445 718
239 442
226 741
167 68
429 739
174 349
238 366
80 901
461 118
366 523
21 339
302 679
423 157
127 575
280 311
87 634
284 205
235 384
318 652
433 629
274 756
407 462
82 118
336 553
286 35
210 466
7 686
18 194
96 168
146 550
110 172
240 238
311 843
204 695
362 365
260 159
441 883
97 348
104 755
288 300
340 359
442 2
215 901
355 138
277 481
156 789
109 344
240 490
328 877
173 788
102 797
295 571
39 762
287 12
339 349
447 741
148 317
29 144
277 622
38 333
252 332
128 691
81 543
283 151
355 692
389 240
441 84
225 653
266 612
321 757
103 842
172 316
375 112
43 600
159 571
125 525
16 245
304 214
26 888
362 806
356 197
300 111
109 576
259 218
75 145
133 84
138 81
76 294
184 746
342 365
318 684
128 461
353 861
130 773
78 390
339 648
155 36
235 27
5 62
353 47
451 259
257 606
287 124
177 892
321 16
306 670
299 604
294 37
122 304
403 179
432 609
402 717
399 758
7 440
452 412
462 703
17 132
305 103
77 812
229 796
415 757
278 448
445 441
25 644
268 755
41 179
16 229
100 274
359 63
368 372
259 125
440 326
54 135
126 839
270 185
446 278
377 114
414 362
191 306
241 59
280 344
16 425
267 140
238 63
408 201
249 869
414 70
23 173
243 127
88 790
91 333
109 704
109 589
65 263
258 200
405 341
416 904
377 43
355 615
106 600
39 398
424 759
188 84
208 625
271 251
142 881
242 183
319 246
138 162
32 566
242 308
64 797
263 350
56 293
46 174
95 410
377 536
413 479
150 830
262 608
264 651
120 25
238 424
419 830
75 192
341 244
101 86
296 468
377 46
44 501
67 728
164 596
173 44
453 3
65 857
451 61
450 812
452 736
339 119
293 11
396 217
196 680
284 647
392 426
233 795
396 259
412 843
136 530
385 445
91 204
400 749
177 452
267 774
210 142
185 512
129 409
86 489
391 521
153 787
275 804
3 633
238 689
274 874
212 831
261 42
186 65
237 234
104 147
255 374
81 655
1 21
429 782
235 59
57 167
43 65
11 824
241 844
337 206
113 449
260 746
60 83
404 4
380 98
204 455
136 865
253 282
138 724
367 526
157 824
432 422
105 172
153 175
319 401
264 99
167 321
436 166
262 424
256 47
238 392
111 864
219 112
264 638
2 40
156 103
460 504
45 688
53 427
270 38
179 56
147 247
361 681
436 286
8 642
100 6
288 516
333 213
254 13
408 515
373 826
272 310
302 68
75 694
224 501
160 335
331 598
336 770
425 418
291 690
166 178
430 70
52 904
121 97
346 351
117 605
29 470
273 734
299 101
261 378
56 461
172 180
193 436
78 358
332 704
127 44
321 321
362 86
322 382
61 811
386 774
434 169
116 257
28 570
419 198
100 150
120 150
334 702
12 869
60 671
139 814
328 821
37 533
206 887
206 213
324 727
305 298
412 529
355 404
400 540
4 623
265 504
185 418
317 853
110 596
59 130
360 613
319 589
220 408
440 427
338 129
239 264
358 407
201 666
214 254
218 430
241 857
181 232
301 651
379 146
366 354
249 140
203 370
197 427
354 40
45 511
174 447
106 854
23 907
359 271
78 151
406 422
29 116
284 487
314 692
171 723
337 825
111 703
234 843
184 203
183 512
38 217
68 393
198 23
54 545
392 847
445 135
261 305
206 56
428 248
385 403
97 64
312 139
312 871
440 72
143 696
75 451
420 292
51 546
145 569
269 255
252 701
295 257
165 110
345 875
38 75
177 611
146 625
65 795
72 384
258 210
148 210
234 190
405 12
67 535
433 35
403 258
383 585
162 163
255 554
398 87
202 897
201 377
360 901
423 468
464 26
75 558
233 901
249 703
364 113
278 643
87 849
135 801
126 81
324 331
50 446
432 405
74 912
254 702
461 652
378 343
223 305
66 289
252 777
439 575
15 534
304 640
60 802
134 1
406 866
239 570
151 714
408 838
260 694
20 531
8 231
446 31
342 878
65 442
346 195
129 25
200 633
185 577
5 611
320 52
171 527
462 154
332 87
381 493
268 304
397 142
189 338
426 491
232 190
450 260
64 825
211 239
278 64
373 224
267 844
171 513
421 226
92 184
403 161
110 646
450 493
404 44
297 146
309 26
231 757
313 698
190 27
376 469
86 163
93 668
323 229
147 123
67 488
230 621
378 123
186 438
460 410
263 260
263 47
35 226
49 27
194 82
428 474
238 178
147 507
124 164
202 426
113 61
39 419
7 595
72 840
318 496
333 275
380 217
161 474
217 192
219 80
224 8
377 812
257 720
461 154
373 38
418 130
311 242
272 227
159 738
75 605
327 737
185 724
198 843
379 544
389 664
32 151
111 386
90 603
19 850
391 725
192 8
389 119
348 92
330 893
168 757
212 48
269 199
253 66
237 693
68 15
33 173
77 545
49 10
23 115
167 495
329 688
176 179
444 649
159 786
237 692
412 492
30 286
160 423
4 543
223 245
83 264
253 591
196 739
113 461
322 529
61 294
134 27
331 673
103 820
379 347
418 655
188 230
101 27
85 376
396 800
385 710
265 755
449 614
129 856
406 179
288 418
92 648
414 195
76 396
299 782
293 334
439 629
412 236
168 32
367 698
235 862
109 759
83 885
121 216
279 319
300 436
150 842
371 326
337 815
152 92
85 177
255 864
365 44
181 317
297 420
241 794
269 819
151 691
380 567
245 675
187 353
332 34
448 883
190 879
196 152
327 298
250 843
3 18
6 451
278 36
74 293
74 488
367 904
208 423
201 169
275 147
248 158
237 402
141 170
323 395
296 541
458 475
264 259
221 566
260 895
303 270
24 323
247 295
2 890
229 517
224 767
52 809
425 820
261 491
459 34
256 151
173 491
102 539
142 177
190 813
415 359
185 113
171 569
130 712
402 42
190 189
389 237
197 601
323 660
192 583
32 259
279 840
406 249
199 242
387 509
389 911
91 895
309 216
191 904
154 555
210 385
266 760
333 170
395 776
284 384
430 581
261 594
310 276
305 24
334 584
247 433
255 235
26 740
186 855
452 869
240 31
122 43
192 464
45 762
408 484
371 146
111 609
404 421
163 88
45 6
171 126
234 429
330 477
424 98
461 221
216 597
128 699
147 346
304 884
94 810
102 146
416 653
352 457
389 519
361 848
137 173
447 504
342 750
75 797
340 63
215 328
402 366
466 594
387 14
421 67
317 309
335 70
206 40
406 444
297 49
60 292
147 166
201 354
116 301
255 673
227 342
400 777
377 455
177 551
48 234
159 550
91 755
10 741
176 63
290 876
61 389
337 605
247 321
135 189
36 219
127 192
242 50
448 579
385 234
436 468
424 529
441 397
329 198
462 128
25 622
112 474
4 340
414 845
178 142
411 887
391 899
259 224
32 111
80 448
333 508
42 450
440 404
355 754
56 905
135 603
326 577
345 627
453 320
366 132
409 401
358 166
42 158
407 427
446 111
10 679
410 883
225 74
450 329
221 181
182 440
187 548
433 316
255 629
40 743
39 288
214 699
387 72
226 468
24 263
56 335
338 836
453 557
169 820
182 610
224 833
15 705
224 224
377 205
4 575
45 576
421 899
308 874
157 415
423 62
319 545
165 424
9 174
232 818
224 269
289 322
283 609
312 714
190 896
462 612
110 887
361 553
94 55
8 709
349 310
126 116
86 132
239 483
104 314
98 835
249 19
188 412
220 808
419 322
391 24
154 753
147 769
105 703
394 569
320 244
230 450
279 367
298 300
324 497
208 157
296 5
221 621
463 195
40 202
218 812
288 797
393 535
181 746
81 365
337 190
145 39
150 631
13 383
124 288
159 577
213 552
416 488
21 53
135 830
72 116
335 31
369 855
10 296
140 176
161 374
68 739
313 243
226 68
190 516
343 356
219 620
81 274
448 308
384 267
146 497
231 354
455 868
409 524
295 757
272 329
99 666
375 109
97 226
225 275
16 313
458 855
13 297
343 703
431 623
159 671
434 669
31 582
98 297
403 398
420 83
130 630
227 319
375 385
170 120
35 101
443 259
87 466
166 292
258 578
163 247
358 46
213 117
431 795
259 698
141 564
256 584
269 702
25 841
164 365
417 649
195 283
80 129
4 737
308 37
311 705
36 884
328 442
21 126
299 741
248 408
169 343
396 155
129 367
79 34
383 763
68 473
305 768
334 832
179 596
38 275
233 749
425 187
466 846
241 169
110 58
209 664
124 263
233 340
249 388
206 889
290 746
440 354
67 292
370 437
88 308
201 438
368 858
252 402
223 724
109 258
392 304
302 436
109 579
245 30
88 641
367 184
197 29
45 530
321 433
64 279
81 438
376 123
16 394
431 355
118 100
159 872
309 482
225 470
381 850
195 50
369 435
394 221
11 368
335 533
379 248
324 390
278 50
399 546
223 620
272 572
189 463
136 910
146 405
339 837
4 113
456 396
41 5
208 223
435 78
65 187
58 176
280 827
261 692
91 407
98 708
212 52
390 809
159 391
354 282
422 763
329 313
77 755
443 299
39 97
397 44
32 821
103 272
24 724
417 620
10 362
385 71
126 225
47 253
265 896
179 469
147 338
8 534
175 784
424 704
100 765
146 528
296 317
91 508
48 162
144 432
124 616
385 336
95 583
241 67
233 559
58 424
233 549
195 298
61 594
140 883
420 10
373 492
450 537
98 535
50 474
136 52
46 121
339 469
326 698
227 119
298 317
148 244
165 669
449 452
455 752
349 489
287 268
124 269
65 153
146 656
267 895
252 93
110 379
266 273
117 444
230 653
125 379
296 195
377 355
101 402
274 299
443 632
44 196
323 671
97 603
391 737
355 273
82 511
192 54
248 749
432 847
163 725
434 489
441 42
213 911
110 750
268 678
200 7
295 156
69 474
141 851
44 563
85 73
70 262
77 413
64 358
394 179
348 780
294 583
203 782
266 105
458 790
295 341
177 625
404 576
61 601
184 460
102 653
17 864
221 276
21 747
134 444
130 559
444 306
53 517
397 132
388 118
380 780
284 473
314 494
279 810
28 19
92 504
247 603
279 207
392 787
394 168
388 898
9 659
115 122
382 499
198 805
260 120
455 768
195 594
239 406
315 478
342 145
225 314
145 751
79 713
4 10
31 20
322 245
192 900
137 707
235 288
291 32
277 433
126 185
63 255
357 726
420 741
428 350
95 289
287 540
74 580
190 460
461 14
141 838
317 352
93 120
159 795
77 357
309 612
429 357
315 233
109 348
132 599
258 374
412 836
96 461
128 311
330 443
288 475
436 738
188 780
161 380
246 171
179 897
228 555
312 419
180 202
153 395
326 630
287 167
270 739
96 363
303 665
429 740
447 20
21 710
343 771
181 494
4 61
362 168
191 51
41 643
88 65
210 449
189 718
304 549
338 859
334 375
378 442
337 501
244 267
99 150
393 341
352 373
111 309
121 514
226 349
374 284
7 288
173 486
395 509
325 273
185 101
226 125
320 461
404 822
347 317
132 473
6 617
420 876
228 475
263 647
404 113
315 316
157 491
218 594
102 341
420 786
137 669
268 757
230 688
358 405
34 545
423 682
2 339
230 427
360 73
352 586
127 744
246 379
131 209
144 783
412 659
173 858
41 66
137 436
270 357
426 316
175 328
231 131
6 857
420 11
438 374
418 320
255 781
438 610
459 142
182 164
238 798
386 115
11 289
79 533
16 406
45 486
301 616
3 464
222 9
51 474
117 551
372 304
252 388
123 38
324 661
397 328
448 540
61 433
181 121
151 575
284 193
236 289
403 779
211 316
447 655
79 722
358 175
63 54
189 37
141 545
340 866
276 138
285 313
365 580
352 363
438 868
341 785
135 394
230 665
145 675
112 687
256 704
233 382
91 343
343 439
163 403
238 274
391 871
371 793
265 295
353 542
63 689
340 630
226 717
148 431
409 622
464 154
43 605
25 617
198 277
45 875
25 381
354 259
438 256
322 60
336 252
106 643
447 386
132 480
189 345
397 435
262 238
131 62
312 374
19 172
320 152
48 396
110 415
74 524
184 216
8 68
193 292
438 831
404 256
262 227
215 566
200 685
146 729
190 510
345 750
95 736
286 152
70 311
14 183
157 736
110 789
10 532
416 95
257 505
38 19
165 834
127 24
417 797
263 720
261 660
149 40
267 658
148 570
464 697
376 639
354 109
205 348
392 105
125 454
111 515
141 575
448 512
288 542
448 670
7 743
29 459
456 269
232 268
276 730
403 607
91 309
414 27
106 226
237 16
384 420
3 710
444 60
58 872
427 286
366 269
414 140
379 758
76 848
313 381
54 701
290 312
429 384
53 527
329 415
316 432
201 566
244 276
400 796
313 212
65 333
26 679
22 771
275 883
73 758
36 562
311 230
300 558
15 481
287 226
158 549
195 423
43 546
382 388
459 548
92 507
132 153
258 633
101 335
367 113
71 700
60 847
261 210
375 264
130 518
174 192
22 728
387 905
346 184
384 783
206 294
67 340
289 723
141 227
69 711
225 181
444 782
183 16
426 35
240 789
186 22
212 682
20 367
32 881
208 188
122 712
398 727
431 237
72 93
447 18
160 675
429 805
376 823
401 232
373 910
224 695
142 838
356 739
446 798
39 147
26 840
396 519
194 535
451 772
252 394
48 865
106 618
1 628
279 334
215 219
243 170
58 595
431 669
338 361
375 446
63 79
288 407
29 106
10 316
38 191
23 577
350 382
257 890
82 167
322 482
384 459
65 878
79 633
323 67
291 431
349 819
93 189
352 854
421 662
131 382
448 289
285 346
184 4
114 250
457 845
231 421
419 243
415 252
143 738
269 210
401 770
148 687
65 663
13 711
318 391
286 383
194 109
308 178
198 69
100 847
222 840
116 71
155 430
185 351
146 587
317 239
407 234
383 483
327 86
261 281
428 532
53 757
409 301
140 462
46 520
339 351
441 812
320 499
295 627
340 223
155 269
275 18
226 440
99 561
67 497
391 564
20 458
229 758
367 542
302 416
236 521
234 622
457 437
109 69
4 637
30 55
424 57
47 560
218 864
107 236
174 742
149 21
225 48
372 349
349 154
23 326
85 344
39 667
5 284
458 76
69 281
16 888
111 899
24 624
143 94
220 690
163 17
458 540
238 632
402 202
101 505
69 333
392 245
157 487
353 761
361 59
103 221
376 378
339 364
250 909
53 484
73 568
60 844
85 798
323 372
212 637
259 363
80 653
394 738
117 10
171 511
397 476
136 150
427 504
103 426
129 303
151 876
339 897
398 328
397 835
396 45
408 260
245 827
316 208
166 758
92 785
387 510
331 349
206 382
379 808
151 610
285 353
461 176
121 535
5 282
415 416
97 130
134 403
330 161
69 203
97 100
25 627
94 229
321 199
414 358
123 539
97 220
342 707
284 555
332 876
130 34
134 412
182 338
216 111
460 428
307 390
446 805
139 344
280 353
279 771
134 457
290 686
304 503
189 43
130 216
391 585
379 481
325 416
227 351
186 153
190 148
50 746
3 752
81 95
424 572
455 801
286 672
377 576
118 425
174 433
450 800
91 559
129 211
366 370
298 597
231 231
209 66
231 78
120 843
335 362
86 370
44 556
273 640
79 541
310 581
134 753
391 836
147 626
197 343
230 220
54 646
416 697
249 152
162 102
267 834
101 25
78 648
430 101
339 858
214 338
321 228
281 437
90 494
406 820
377 528
416 221
203 581
76 632
188 519
174 570
148 441
301 882
121 592
113 303
64 233
251 409
175 704
89 704
31 385
14 464
233 280
465 632
19 223
116 182
257 370
304 26
258 402
18 677
351 317
251 779
177 823
360 446
38 717
47 456
227 156
61 604
160 808
194 581
359 232
362 778
353 826
382 730
402 513
312 756
140 797
203 850
137 598
241 668
345 181
103 144
389 411
46 492
313 249
66 518
412 745
445 516
184 677
53 499
69 755
70 702
300 285
349 344
340 20
73 686
155 744
52 147
313 455
228 137
237 170
76 386
399 768
324 601
371 214
38 646
159 278
321 132
158 448
195 85
264 196
434 321
427 786
134 766
421 244
60 5
440 188
420 871
169 132
268 609
175 533
329 396
247 721
322 558
252 780
369 827
213 221
71 784
287 577
337 141
355 185
52 416
461 490
74 155
4 837
422 127
59 525
38 140
462 222
87 381
241 49
25 177
118 195
154 373
460 571
249 205
237 242
233 381
154 547
327 591
393 745
457 119
99 88
5 500
244 566
204 283
106 519
2 404
385 83
430 619
194 405
102 902
284 533
115 121
4 206
223 893
76 150
97 540
236 305
385 626
465 399
426 393
68 363
410 133
394 155
409 313
323 635
29 456
267 463
64 75
120 17
196 776
73 790
330 665
342 282
50 431
297 803
49 866
223 193
205 398
447 211
52 240
458 156
5 880
101 269
293 314
73 651
295 701
298 455
2 317
238 35
396 170
448 343
306 769
291 586
230 191
129 717
257 820
154 776
50 217
32 5
260 165
206 518
308 128
33 411
42 704
286 548
178 162
427 366
143 891
116 785
2 607
147 86
282 557
355 665
382 591
139 56
17 626
219 3
333 505
319 377
39 404
298 97
51 63
76 684
376 890
349 93
450 243
72 771
332 395
185 465
327 588
308 45
206 543
442 151
386 874
230 215
337 781
66 61
182 752
394 834
230 295
451 703
433 686
163 541
412 8
377 156
359 430
197 17
394 622
353 461
425 745
450 310
56 885
223 526
178 797
241 3
375 218
93 592
401 294
61 584
430 169
192 51
201 829
183 680
249 92
40 496
420 731
109 707
175 55
304 436
320 557
396 161
259 578
195 543
21 158
223 738
365 665
45 383
119 214
248 176
361 63
248 178
372 787
353 635
370 828
110 680
434 5
305 587
464 500
398 550
239 421
55 374
429 767
196 820
305 142
40 283
147 623
240 559
48 236
270 795
7 239
434 222
256 354
192 616
4 36
322 825
386 799
122 526
135 367
384 507
54 41
256 818
207 782
328 792
188 676
78 248
158 778
261 685
157 269
95 655
411 409
98 858
189 61
254 234
96 604
185 386
327 275
318 364
146 178
146 640
255 2
422 817
139 730
279 358
162 388
142 2
246 532
20 258
130 906
13 765
80 258
128 239
111 487
114 538
363 44
182 222
357 191
452 462
403 909
320 890
371 467
153 59
415 846
337 456
260 300
81 819
334 45
389 210
141 184
333 886
113 653
110 138
149 815
212 581
51 163
279 871
337 620
416 147
74 703
334 539
177 198
400 839
11 561
125 747
144 380
50 262
108 219
12 176
315 414
179 197
20 561
286 618
116 550
350 330
264 113
223 519
300 75
140 279
297 48
460 393
259 297
187 500
434 747
284 472
73 266
207 742
453 744
353 880
38 92
371 751
409 681
176 493
287 520
4 673
264 773
29 378
254 835
200 213
408 757
249 815
149 713
322 464
240 70
375 92
64 582
264 400
59 149
255 856
79 639
218 576
353 591
215 312
262 431
291 826
69 70
195 669
341 660
226 895
466 111
22 831
407 807
302 30
419 380
167 584
258 5
251 520
413 460
388 468
219 493
228 775
436 855
54 387
20 482
301 811
462 655
24 864
171 13
341 233
265 292
387 571
116 199
364 444
64 354
152 573
379 68
255 158
203 310
331 318
140 115
137 226
53 641
311 847
454 577
70 516
287 179
367 82
155 653
59 271
181 201
201 27
360 759
378 868
248 597
193 637
229 247
69 418
301 564
343 488
456 707
149 597
33 391
404 47
428 518
152 379
365 215
126 159
380 770
44 515
416 406
306 266
457 375
177 641
272 246
456 7
218 111
262 626
147 587
356 98
322 160
156 497
35 633
382 840
215 19
340 780
392 726
51 515
192 667
201 769
203 519
6 309
173 576
41 585
169 720
445 269
53 278
366 894
218 806
237 203
115 342
110 185
337 336
190 10
51 158
415 314
416 826
80 158
315 248
266 501
279 199
216 192
185 362
176 669
3 861
183 395
248 260
12 732
94 635
207 525
202 358
39 376
427 478
147 726
434 721
359 675
67 843
152 466
338 411
51 757
142 434
39 683
326 116
419 656
392 820
342 643
330 640
338 346
422 163
33 42
63 627
298 20
147 191
66 858
179 427
241 814
310 28
13 211
292 389
244 216
123 610
151 620
329 394
99 315
58 850
87 826
453 374
441 553
292 219
191 288
14 128
154 624
58 276
340 853
340 372
389 706
287 619
449 279
396 424
323 51
226 74
208 419
162 837
385 319
402 276
157 872
204 516
244 300
333 8
17 768
380 881
81 225
90 280
362 110
252 661
202 432
459 220
52 706
54 364
58 113
49 519
384 479
6 527
337 433
57 202
40 1
22 752
92 459
9 383
90 558
219 289
329 623
296 802
251 77
45 880
15 294
154 119
326 830
98 285
456 746
186 906
337 138
416 179
51 220
376 397
101 411
427 759
283 551
421 79
62 872
442 787
94 506
119 868
254 564
216 301
192 875
278 45
393 493
204 368
327 78
358 548
216 142
62 482
255 754
221 205
448 857
321 474
390 503
380 663
279 292
420 554
228 837
9 410
340 863
67 851
141 756
4 180
276 799
120 61
238 80
433 148
340 623
135 610
121 346
174 232
359 674
150 215
12 636
216 84
244 250
165 87
221 769
249 821
382 467
445 800
384 716
394 492
307 631
423 319
379 699
225 532
221 403
440 217
424 136
307 295
214 575
313 402
258 600
83 903
216 753
431 818
128 577
195 710
327 80
189 866
435 237
436 798
55 873
94 793
93 574
121 682
357 128
313 651
3 687
6 410
182 855
375 766
28 140
347 577
89 366
285 382
38 512
98 86
202 462
129 714
394 363
207 752
179 370
283 871
4 69
55 701
327 754
93 159
379 617
46 317
364 481
20 437
317 766
82 91
309 293
433 506
131 494
112 512
84 836
168 3
231 32
4 139
211 233
145 557
302 382
6 770
222 907
457 75
164 558
126 678
295 294
332 307
240 291
69 419
51 129
343 911
216 793
394 236
14 883
425 893
366 94
285 828
259 31
116 451
23 425
149 374
98 649
440 623
411 303
9 342
326 371
14 404
85 168
401 807
102 526
133 289
157 808
318 120
244 815
356 408
438 528
406 401
432 899
340 879
457 401
64 447
365 366
111 56
416 219
150 610
256 251
86 371
86 86
316 285
201 319
191 234
200 580
356 94
232 685
341 673
14 287
384 82
350 25
127 477
386 855
84 798
341 418
58 819
459 439
16 842
370 273
220 683
268 229
306 42
338 757
176 524
333 173
66 425
466 626
87 661
347 567
232 663
155 751
38 202
136 130
201 373
5 690
168 87
361 906
74 860
340 487
70 863
189 790
77 796
192 244
417 610
242 624
99 883
302 272
164 480
142 658
86 907
350 619
245 536
49 307
373 598
387 632
79 894
437 270
333 417
273 345
376 291
134 649
259 127
53 621
74 722
158 469
265 107
377 531
445 406
270 639
131 741
454 351
332 409
205 106
330 243
93 517
295 678
413 182
402 900
58 392
33 345
422 745
75 135
141 210
340 502
225 393
37 344
381 780
23 538
337 393
274 524
139 769
58 293
267 299
248 120
278 177
394 537
392 696
224 178
204 801
425 318
5 301
49 873
71 54
372 863
159 209
79 863
415 303
417 34
296 171
301 447
116 110
448 295
441 778
191 895
209 116
25 150
337 719
126 48
362 67
370 849
238 210
10 435
225 185
295 695
309 84
341 175
452 704
4 383
175 274
45 615
65 671
60 892
300 639
248 551
133 88
153 821
378 594
98 506
286 22
309 841
458 333
197 565
277 746
220 640
278 908
140 223
187 550
329 56
166 861
30 422
87 573
210 461
238 513
21 338
168 786
242 609
190 92
287 246
197 369
198 83
206 135
32 79
73 911
402 362
379 894
325 900
394 120
87 821
209 801
440 615
22 432
425 204
54 239
9 761
279 225
119 723
99 582
447 596
168 256
212 838
153 781
176 446
156 319
257 859
257 814
109 478
435 63
325 432
257 114
367 411
130 93
377 668
120 712
183 887
390 96
409 651
153 771
168 532
365 908
17 285
323 102
232 341
161 659
458 818
230 806
193 20
288 154
11 274
280 771
19 45
55 185
101 490
317 836
277 231
293 189
155 625
419 262
285 652
458 390
207 244
274 68
123 451
402 480
255 610
367 816
335 828
178 712
437 625
69 364
376 90
171 296
465 461
433 758
144 273
287 558
189 530
188 845
317 630
269 766
257 620
397 640
152 344
373 852
250 218
455 164
93 29
282 751
101 394
119 300
359 411
269 774
308 32
120 836
51 235
41 41
173 186
8 618
207 68
227 652
280 859
62 474
396 476
168 157
299 666
62 817
351 86
123 631
314 638
444 449
247 893
180 333
8 81
290 176
432 574
157 10
273 395
48 133
312 41
37 245
131 712
427 643
458 809
451 855
363 139
183 174
185 111
121 617
13 2
383 130
397 499
390 313
98 520
323 870
417 119
342 756
465 849
309 375
359 262
119 716
41 190
139 763
128 730
374 635
107 674
60 284
34 331
380 310
249 23
432 119
229 27
378 465
142 19
454 668
37 722
297 600
51 553
387 207
40 732
16 149
413 579
464 592
255 151
323 81
89 713
196 644
47 507
314 474
445 622
246 654
239 552
159 650
462 342
142 40
177 204
95 807
191 496
183 719
254 826
242 618
444 101
131 456
55 825
178 855
459 871
430 448
87 138
371 598
461 857
276 45
114 691
230 21
64 677
155 248
229 151
178 664
255 641
391 661
177 113
253 351
282 819
154 179
174 288
436 476
325 559
92 381
168 72
30 260
352 826
21 637
312 64
82 575
25 66
196 760
305 363
309 449
143 155
256 911
205 554
190 266
166 748
325 487
151 898
387 743
378 716
402 272
94 93
148 805
342 361
415 547
394 328
31 191
18 134
197 361
295 317
449 203
320 892
200 109
332 380
332 647
39 568
124 171
358 788
434 793
159 401
87 203
139 801
265 864
256 564
219 140
102 363
383 534
198 432
203 566
355 807
157 548
103 719
342 617
338 828
320 601
61 690
119 31
400 766
172 384
5 645
268 343
56 147
31 389
206 462
315 356
68 258
13 440
82 104
284 308
245 282
98 389
3 436
70 887
215 342
315 392
131 226
428 277
404 444
65 95
248 875
116 635
350 53
419 648
230 237
420 527
68 670
210 893
264 720
339 531
367 6
418 797
326 253
17 880
337 145
75 780
25 632
452 258
400 345
349 255
360 291
317 763
426 746
70 844
131 517
173 494
443 681
425 332
137 474
155 597
246 766
124 329
321 760
311 135
67 21
156 478
324 250
385 600
26 219
169 860
248 460
155 166
328 433
210 200
274 484
225 619
117 716
340 521
313 901
271 749
455 371
73 309
429 614
413 619
237 507
62 120
100 170
317 144
213 470
413 17
457 441
306 763
451 25
440 238
302 287
132 468
316 798
109 848
448 882
376 520
257 115
445 693
251 308
99 629
200 713
464 16
77 174
61 832
326 495
294 736
383 373
223 833
15 904
27 308
91 170
393 628
408 538
75 26
194 404
445 555
27 657
397 217
359 647
353 592
316 669
74 146
370 890
50 645
330 716
232 856
242 824
286 807
301 867
117 378
296 249
439 436
311 356
211 546
395 690
167 306
438 244
373 4
87 130
123 751
195 696
427 579
317 151
420 681
33 890
217 689
146 77
199 222
12 385
12 104
240 888
79 4
7 58
51 791
176 614
244 368
97 299
345 378
306 151
440 833
28 866
385 739
403 119
378 618
210 86
136 475
220 410
391 903
6 337
302 212
265 579
442 531
64 713
391 340
379 704
320 580
222 331
339 509
429 844
414 774
457 533
461 416
199 17
450 359
428 134
339 366
120 868
168 251
366 635
282 393
322 607
134 803
351 347
199 414
77 844
133 3
444 314
163 235
466 691
229 280
332 326
46 609
147 728
398 141
23 506
325 585
197 722
310 268
387 839
220 22
89 335
423 229
190 103
276 793
113 146
271 599
382 510
263 610
73 749
394 156
96 171
93 518
156 26
221 537
236 405
358 633
454 343
462 606
391 58
424 70
233 88
15 389
222 129
30 708
6 201
421 85
413 801
216 635
363 640
346 92
257 790
48 884
140 83
90 47
319 27
100 863
301 725
175 897
58 377
138 14
466 282
152 667
62 795
150 339
330 857
117 377
32 888
456 225
268 878
341 448
251 264
411 307
33 699
190 410
31 114
450 86
329 378
37 431
177 200
4 308
369 261
110 626
448 277
281 259
290 494
315 323
298 282
217 527
101 626
303 575
84 181
356 858
205 146
220 818
126 91
335 296
120 129
465 827
463 624
366 902
355 739
463 711
254 590
150 209
390 558
422 687
399 37
56 566
16 817
180 803
414 583
463 666
315 662
311 136
281 570
79 691
441 188
55 890
222 745
300 905
279 853
379 794
176 618
117 431
239 912
1 448
300 151
371 394
450 84
112 360
47 764
61 448
465 854
265 269
162 80
364 863
245 580
311 127
301 636
385 225
444 452
87 166
349 233
444 459
321 11
210 640
453 322
27 502
387 508
277 861
224 464
427 107
465 269
401 469
14 145
314 348
130 697
189 644
447 679
224 70
459 120
465 266
427 340
204 574
56 34
418 158
315 469
369 603
368 60
366 420
445 761
367 278
12 147
387 453
355 3
15 76
387 356
411 491
218 391
58 379
200 118
403 82
406 148
340 761
152 562
185 731
180 618
91 77
3 201
204 180
112 175
105 254
204 576
256 429
117 670
274 599
381 91
282 630
109 780
127 671
19 325
396 572
230 434
141 566
119 255
148 366
179 860
296 175
102 114
343 149
66 725
126 325
133 756
169 303
287 746
299 490
333 448
18 721
190 537
442 325
26 860
283 455
98 796
233 374
349 202
166 154
161 284
448 903
167 379
404 481
317 758
424 381
66 867
368 640
119 831
245 890
432 628
187 330
93 33
25 550
247 258
256 215
290 87
224 277
323 167
392 263
40 179
198 594
71 659
174 341
466 619
276 86
165 194
140 175
153 88
217 881
170 306
122 429
248 619
159 238
465 254
227 756
257 248
50 316
207 491
54 123
113 341
330 47
303 271
113 642
444 357
351 568
222 208
182 414
392 772
100 898
288 483
378 452
360 782
20 319
43 418
80 431
404 366
30 573
343 901
60 877
383 666
158 746
59 641
188 837
195 26
314 706
360 292
58 240
118 861
461 158
196 353
78 896
393 486
15 726
349 638
253 844
26 721
192 408
276 331
315 321
195 421
110 720
453 275
98 183
292 880
366 185
42 155
292 81
112 194
257 692
144 638
109 317
31 410
252 139
316 795
83 444
310 348
341 492
162 892
388 410
257 377
396 261
107 687
402 835
249 799
200 659
257 610
375 212
307 722
396 493
136 177
67 4
353 178
17 397
168 891
159 800
144 159
340 625
416 57
273 388
262 31
242 21
373 448
92 357
182 250
158 11
171 239
19 704
117 620
155 254
366 215
314 591
103 424
423 193
148 825
111 635
215 907
446 785
28 807
359 399
289 639
110 539
12 395
403 67
14 298
233 313
214 736
191 394
156 594
401 304
316 682
114 195
317 383
351 387
422 892
192 413
113 249
109 62
47 818
349 58
185 637
368 609
302 7
375 11
3 736
103 250
367 515
460 765
85 779
390 646
460 146
211 807
438 277
263 612
157 772
242 494
8 177
132 164
274 729
386 578
340 772
151 891
321 624
114 657
338 22
276 744
263 13
356 355
353 788
138 879
15 275
99 320
346 729
86 81
188 549
171 754
230 760
157 206
233 407
461 692
309 157
203 263
184 859
135 637
98 442
152 10
155 247
25 725
89 491
73 550
93 634
84 656
156 30
254 257
160 435
377 549
433 865
38 456
466 477
48 449
452 499
375 674
86 404
115 471
423 105
5 546
234 889
281 202
255 836
145 721
5 794
326 20
14 615
353 490
224 412
358 896
227 478
47 282
427 678
56 710
399 371
329 359
364 57
82 592
378 744
413 800
314 686
275 293
449 734
444 717
448 259
217 405
353 273
28 327
359 420
372 91
17 538
447 99
102 909
278 649
50 146
69 40
317 178
235 294
236 158
250 21
146 651
15 791
62 846
391 743
342 382
262 486
13 827
90 504
319 270
285 105
153 779
85 833
376 646
250 730
262 904
153 27
236 767
51 809
66 137
40 671
356 782
97 188
456 121
309 477
103 1
308 603
401 535
146 120
361 779
102 784
121 890
464 632
261 33
155 818
411 819
283 619
141 409
357 653
60 483
401 64
250 852
34 640
463 138
120 687
307 585
108 597
99 702
365 45
315 872
359 240
83 665
32 565
123 416
86 212
443 605
7 812
312 355
301 321
430 441
228 47
35 554
370 269
460 20
243 783
225 440
333 482
233 564
95 316
87 210
119 429
399 545
175 877
460 349
316 780
235 124
250 889
292 527
435 351
299 236
273 372
233 602
206 209
369 363
243 805
355 39
26 294
259 350
139 818
412 588
237 271
29 29
140 583
293 473
102 709
85 696
192 795
191 16
169 68
129 407
466 481
128 190
315 483
248 902
179 256
419 57
76 56
183 750
454 539
371 489
385 203
328 608
270 477
49 712
362 505
202 140
306 82
409 184
253 878
210 90
146 694
28 331
192 899
455 394
68 627
449 448
108 136
130 838
68 401
132 552
462 816
56 32
57 345
368 745
425 832
136 724
40 232
406 387
152 674
206 482
276 446
81 862
30 193
461 555
302 849
441 235
307 574
444 79
140 170
336 816
214 87
39 564
176 888
77 59
466 73
371 442
460 30
142 696
44 86
80 750
377 182
126 56
254 887
261 303
234 123
120 842
346 562
144 99
202 764
112 790
443 848
192 135
193 63
335 262
231 469
410 831
210 371
51 232
347 806
297 221
371 845
390 800
392 800
461 757
114 253
116 597
150 544
35 696
11 186
272 638
35 687
334 497
204 747
343 522
312 358
56 224
446 890
99 291
259 531
401 903
279 556
129 551
337 860
455 38
433 749
34 3
189 488
175 8
435 294
321 717
60 558
392 594
174 337
345 623
49 827
86 8
364 638
24 471
23 831
320 74
39 325
317 363
386 895
123 413
466 841
275 220
347 775
317 700
328 801
383 105
215 201
87 451
15 486
399 275
442 652
116 100
285 478
385 606
350 571
460 887
347 578
320 777
128 293
67 737
167 278
169 812
174 176
83 405
359 4
108 263
184 45
156 580
412 191
234 487
80 164
8 495
81 826
361 405
137 540
327 468
199 400
282 180
106 908
263 74
434 215
353 565
193 368
26 269
247 672
213 15
58 77
238 147
66 384
342 478
358 785
21 488
263 113
377 679
234 735
350 359
449 90
196 769
20 573
110 361
112 101
2 664
460 37
368 634
212 721
258 492
340 629
292 486
263 424
383 866
435 61
264 155
25 895
105 127
345 597
330 803
174 560
15 169
346 507
378 326
459 740
108 795
318 241
348 466
240 696
322 230
395 64
403 29
19 537
331 790
11 399
431 343
178 813
81 753
400 264
405 650
202 636
93 822
442 157
277 740
47 831
136 316
48 196
282 728
38 65
204 823
95 362
224 229
152 84
411 291
201 317
99 796
315 65
340 203
285 12
76 99
90 417
183 148
449 807
95 5
466 733
76 891
428 387
183 88
19 744
344 465
109 534
16 716
401 544
219 424
248 301
458 381
86 172
312 461
314 407
309 502
42 789
368 216
53 774
457 768
50 824
148 785
115 376
142 911
78 821
385 343
30 225
315 618
374 188
347 760
97 553
26 564
382 199
328 823
353 632
390 644
69 316
397 598
339 309
232 841
296 186
190 448
461 302
295 877
35 21
394 7
42 305
106 145
150 562
7 153
84 204
130 860
127 433
116 223
22 498
216 206
255 178
265 875
115 617
240 200
105 888
155 262
165 802
437 622
96 61
236 866
152 520
101 11
176 229
245 388
365 510
328 551
58 178
288 386
41 272
97 797
28 401
205 471
387 486
168 826
369 428
132 373
79 307
363 32
225 603
11 80
439 869
67 227
337 467
463 126
390 214
265 811
55 877
81 640
85 564
129 225
142 102
190 403
122 527
70 386
308 846
129 638
68 331
318 208
292 213
171 620
63 226
151 182
206 91
135 418
256 831
249 393
144 896
95 676
196 572
458 742
178 437
207 676
381 476
22 832
460 142
193 836
84 337
30 297
309 395
96 139
114 659
286 324
223 824
262 896
187 98
152 241
200 649
181 418
405 215
20 349
166 818
321 139
128 317
17 810
204 739
158 396
424 602
19 40
277 106
297 808
231 640
32 874
108 201
336 895
222 498
459 235
195 375
23 368
343 523
260 382
379 863
420 688
62 170
134 627
150 582
230 113
355 653
453 507
312 751
64 648
460 408
179 585
238 794
122 573
349 325
296 554
224 684
456 795
322 1
447 491
170 780
430 94
428 810
6 325
332 506
329 96
76 26
103 443
128 359
78 229
434 548
148 461
115 557
370 17
197 139
101 222
435 746
355 510
69 903
111 283
372 428
83 518
459 754
41 420
340 681
7 341
380 274
457 655
377 363
375 50
212 135
449 313
442 252
333 530
393 454
443 219
329 135
39 637
360 822
234 446
418 422
241 441
435 152
276 442
26 47
427 852
340 84
464 179
408 728
387 401
426 504
193 483
231 302
398 190
269 117
4 440
413 597
417 145
397 726
79 86
70 831
406 744
416 601
399 298
49 736
112 765
397 86
254 884
267 473
218 592
178 108
197 787
421 877
303 173
24 487
141 389
40 96
319 414
259 464
178 771
394 309
139 67
148 513
388 490
280 122
29 10
278 263
85 239
160 649
181 170
441 382
213 679
282 409
200 569
52 838
186 265
234 736
204 13
32 596
110 154
70 584
367 508
18 736
80 889
229 648
309 494
346 202
301 819
426 239
434 850
347 416
257 108
386 782
27 723
68 687
86 543
25 717
303 704
409 88
332 674
330 314
134 59
125 653
51 653
154 163
300 881
354 425
42 238
78 809
415 647
237 447
178 796
448 737
88 123
259 766
30 690
183 21
414 759
133 672
276 912
117 546
52 844
305 630
228 403
386 587
315 135
121 382
218 3
229 761
413 159
367 97
395 709
72 84
448 527
250 640
414 15
186 139
372 109
317 114
13 43
75 131
56 155
213 905
171 896
337 660
328 886
347 17
417 688
360 674
15 497
224 720
349 43
324 567
193 323
94 664
78 565
348 707
145 644
126 209
140 220
229 491
226 548
8 781
259 26
371 64
336 296
379 679
296 624
432 202
342 815
41 684
185 336
137 856
30 478
130 164
312 274
375 583
255 487
144 745
336 640
457 140
47 777
140 835
359 320
194 804
310 853
137 756
287 209
9 312
53 657
242 495
36 163
191 386
81 517
144 66
109 229
100 484
13 548
222 752
216 342
134 332
276 897
156 891
25 556
411 114
218 143
89 382
57 684
365 743
463 514
393 537
119 746
327 137
15 65
1 742
416 27
302 343
333 464
184 453
182 361
361 718
165 721
419 739
409 565
85 66
379 129
414 422
74 495
237 369
252 358
355 858
443 16
8 147
203 761
9 43
186 242
28 564
141 421
314 383
306 390
38 712
299 832
159 403
53 856
149 192
261 908
204 420
461 160
201 720
107 509
401 38
421 683
301 646
10 114
158 781
219 870
191 643
271 326
22 299
155 57
24 595
8 471
389 836
163 347
240 390
61 395
9 527
212 47
64 863
441 654
207 827
21 725
280 595
28 137
262 202
98 780
187 13
421 863
41 807
326 228
174 93
36 438
320 640
284 113
8 255
352 39
408 854
276 178
206 552
374 884
416 317
41 532
272 371
375 717
237 37
401 892
295 329
62 511
444 118
313 118
120 852
201 226
386 802
90 732
116 639
133 71
140 516
165 94
92 429
432 308
96 466
222 742
249 588
337 690
317 23
133 206
447 339
291 307
224 597
383 787
403 384
198 316
105 619
142 452
30 668
322 612
373 881
208 33
339 92
262 221
89 551
96 497
107 228
393 788
264 736
59 40
295 617
152 688
142 279
95 835
149 249
191 338
295 144
270 145
373 643
234 743
373 28
12 811
135 893
56 361
149 810
184 132
219 633
440 234
382 731
213 180
208 311
395 82
465 833
293 818
424 131
123 372
293 605
329 439
178 671
390 255
51 539
308 507
1 317
370 286
361 172
24 573
219 637
371 39
315 435
407 209
261 48
38 889
296 819
207 461
274 281
265 629
38 511
292 667
360 8
235 619
263 582
393 532
336 91
134 646
125 437
370 583
409 121
119 578
435 771
256 907
368 197
426 142
372 251
252 15
458 637
203 269
32 877
64 749
2 869
91 420
253 627
140 43
364 677
62 428
384 636
229 646
96 415
344 594
367 107
74 29
350 463
351 496
201 702
320 172
282 107
253 114
133 469
272 157
355 606
101 130
217 426
155 520
389 13
130 267
198 265
347 829
3 885
238 626
176 849
253 779
430 422
315 12
232 828
309 33
197 153
451 531
366 70
59 507
266 96
220 478
382 832
179 353
286 13
447 897
9 553
196 137
187 427
274 851
266 713
216 804
37 195
13 550
237 726
163 735
113 209
429 452
163 690
422 71
355 71
201 57
300 294
113 798
415 253
313 498
98 97
413 552
65 476
396 487
209 259
203 620
464 311
392 590
6 592
75 172
136 114
439 449
134 638
105 159
62 140
70 228
67 494
118 229
10 587
326 127
211 341
429 390
466 465
412 116
222 843
328 716
429 252
240 488
269 552
244 160
283 596
262 90
457 829
15 540
349 899
22 85
220 143
387 820
202 691
366 106
239 325
220 45
115 20
305 408
421 644
336 562
109 852
358 13
437 235
333 437
40 340
63 724
345 203
284 520
102 130
395 902
320 571
150 418
257 658
144 647
8 778
168 522
36 404
135 277
16 808
274 228
33 56
244 760
2 800
185 342
441 704
29 514
325 148
158 63
446 624
120 659
227 49
254 852
286 294
143 573
132 197
109 252
329 419
29 21
137 562
43 64
381 144
276 804
141 254
34 395
337 166
6 46
443 649
443 48
261 874
101 856
299 632
251 334
267 227
12 21
254 814
443 260
242 286
234 759
141 152
271 388
124 233
127 858
90 59
406 143
97 113
333 117
43 421
36 101
38 346
86 146
295 432
407 546
284 355
458 681
187 378
12 587
276 399
229 330
311 802
306 111
253 365
179 63
34 724
33 285
455 226
102 720
237 703
163 514
160 627
410 70
131 636
212 489
311 278
322 340
326 526
195 128
190 409
79 75
141 117
450 93
254 784
372 754
388 390
442 679
454 872
257 886
213 533
286 823
273 487
217 358
343 661
174 695
321 577
230 226
400 732
296 626
319 820
51 528
390 135
254 177
304 120
131 329
310 534
295 873
43 50
181 208
126 73
343 254
31 328
224 663
343 497
96 103
60 339
306 448
443 269
171 21
167 315
238 439
215 557
314 600
388 888
176 17
366 470
38 49
406 855
440 45
101 780
408 469
400 300
458 129
48 766
354 497
146 43
90 540
165 26
148 242
70 508
207 479
280 390
174 654
455 203
75 839
144 321
170 867
162 696
356 642
211 342
44 205
178 568
16 389
360 557
46 62
50 122
264 771
297 330
14 442
124 719
431 57
437 265
345 294
427 167
68 73
391 828
54 162
385 647
371 557
36 338
276 264
123 497
329 533
160 146
174 365
78 321
54 109
252 731
190 190
423 898
368 34
300 212
463 105
28 92
11 574
351 773
380 844
65 912
11 590
311 369
127 895
13 52
337 312
29 341
291 819
149 546
338 856
255 784
268 897
339 878
428 384
85 231
232 10
230 259
203 453
308 112
198 800
255 617
113 376
394 386
51 332
141 574
270 780
459 110
23 743
414 537
157 318
74 1
419 877
177 737
154 211
147 886
335 646
212 286
458 568
36 155
46 68
35 346
384 84
217 469
73 834
280 24
446 435
169 726
338 590
250 710
227 728
110 362
422 574
163 443
64 81
215 853
182 770
384 642
256 146
177 415
231 903
391 201
217 467
3 850
152 421
109 145
53 797
187 865
57 661
273 678
409 245
313 655
444 576
161 545
222 491
265 675
367 387
43 443
368 302
232 882
76 346
319 335
268 166
356 262
280 175
245 755
71 420
150 6
451 418
126 27
229 572
358 871
424 784
43 57
140 692
232 572
309 34
30 188
370 846
409 868
193 821
106 838
355 16
181 178
328 174
399 198
450 192
330 601
224 512
101 465
320 139
460 322
26 796
216 581
240 518
140 429
290 752
167 12
240 258
92 104
430 714
427 722
333 354
133 596
397 753
194 831
84 729
155 619
310 453
391 94
453 109
333 638
204 332
41 104
75 120
275 259
319 509
340 660
10 164
327 439
342 483
13 158
163 912
16 702
245 794
211 873
201 16
46 69
187 611
220 858
307 824
254 903
332 271
396 284
289 739
362 403
152 318
285 140
343 681
403 435
103 59
326 369
317 267
441 720
167 727
288 695
319 808
376 295
129 426
50 586
342 663
212 533
296 460
155 602
256 115
8 553
221 796
430 437
23 321
277 368
62 577
149 786
224 599
181 215
366 725
104 113
427 711
442 519
331 608
460 444
388 137
458 591
261 696
170 192
307 829
289 749
137 699
124 32
440 558
86 737
341 29
16 287
132 264
299 795
257 888
383 340
229 578
373 694
122 171
369 129
59 528
25 60
100 389
440 128
420 386
425 10
80 200
415 242
37 321
141 28
308 602
356 601
342 163
313 122
231 555
167 647
318 862
263 656
11 521
405 226
451 155
80 733
442 454
12 834
216 107
203 695
115 594
226 204
82 838
413 710
322 803
410 646
96 593
191 135
97 591
415 541
441 582
246 531
269 107
207 75
220 570
350 174
41 214
273 547
368 909
150 806
312 630
446 132
181 275
447 502
206 59
367 23
415 630
59 614
271 243
300 903
341 647
454 186
245 139
225 255
27 691
362 64
441 27
344 883
26 42
450 860
131 111
313 725
395 606
364 508
299 499
104 211
213 358
399 381
215 253
110 795
44 821
405 126
83 491
346 731
402 903
309 861
432 586
98 641
169 684
3 93
429 409
130 383
352 518
405 132
57 227
81 712
251 725
90 383
323 725
210 810
205 536
234 208
33 23
94 262
141 52
80 45
216 418
131 628
329 846
162 9
385 866
315 693
59 792
445 217
134 835
70 328
296 299
91 756
292 79
281 621
430 810
127 484
73 488
110 45
360 466
50 319
136 468
122 54
343 358
294 378
212 366
2 578
219 700
238 508
315 408
48 614
139 205
238 83
264 184
121 193
440 403
344 493
222 279
212 258
274 775
377 426
181 598
431 738
259 816
234 244
202 404
204 485
9 496
94 306
270 766
331 36
418 621
296 72
73 667
286 584
214 775
362 906
350 752
363 423
332 757
165 459
344 129
382 514
23 773
429 784
293 525
81 591
393 441
74 99
46 126
113 315
228 909
276 141
250 664
399 60
241 203
357 291
270 704
205 139
452 371
208 466
105 52
312 809
408 651
108 735
280 517
5 213
286 271
213 134
354 153
58 564
107 724
103 136
325 656
231 334
56 322
162 133
442 400
69 870
413 275
415 680
235 67
179 33
5 95
22 410
194 711
221 127
321 72
198 45
378 581
416 10
48 647
360 115
40 723
3 156
201 366
407 911
223 891
458 296
334 11
121 224
266 729
370 773
395 316
154 261
293 608
329 535
362 478
310 200
115 17
9 836
56 281
152 233
91 96
241 605
127 252
3 609
189 641
138 743
396 803
428 454
75 631
138 692
395 6
438 839
264 492
35 103
148 447
8 281
336 842
398 528
331 339
334 548
55 340
18 740
4 541
426 51
124 831
296 381
123 525
373 75
30 825
262 855
225 611
354 667
94 801
381 314
314 401
106 655
209 668
249 349
426 710
178 195
219 616
13 598
361 740
318 6
336 205
354 209
450 796
442 876
356 617
311 536
328 617
57 901
380 542
414 810
149 195
99 639
233 607
100 260
434 499
419 277
268 736
416 472
380 295
379 104
174 228
143 149
57 554
320 488
158 713
226 878
239 68
262 827
386 59
13 278
357 382
287 814
403 479
52 181
396 767
41 754
125 89
191 779
197 738
101 81
313 884
249 265
162 911
8 199
8 838
314 833
358 3
158 4
22 100
182 407
391 405
418 769
38 405
131 448
337 671
199 255
258 591
249 702
411 900
13 197
246 554
408 747
203 118
452 387
17 77
235 430
147 455
461 822
411 330
269 598
229 111
273 164
441 642
55 54
147 37
12 209
184 403
57 823
47 92
436 481
71 358
304 135
40 68
289 348
183 5
301 320
368 709
464 213
181 51
208 749
120 719
219 842
62 398
202 231
337 900
416 770
221 319
297 893
16 167
118 307
236 526
167 744
443 383
310 844
320 876
278 302
11 469
125 891
376 557
421 131
373 303
245 73
217 539
290 367
306 216
19 439
409 356
20 851
177 488
125 659
139 517
438 486
260 58
97 748
58 330
354 834
416 182
50 137
349 350
128 376
316 71
441 506
398 670
419 875
8 142
382 29
126 503
285 154
345 783
26 376
236 543
155 626
16 276
338 767
361 82
365 214
353 602
15 828
313 45
454 188
307 126
361 163
90 655
184 412
81 308
169 131
56 459
24 684
135 595
62 105
318 288
13 684
115 305
56 185
3 177
126 260
257 837
233 298
205 305
48 364
13 591
40 683
399 499
273 92
411 869
383 712
253 416
442 210
388 64
312 242
385 882
70 650
47 72
377 611
251 26
271 247
305 76
72 461
450 627
161 98
125 242
209 497
362 224
371 334
45 224
35 683
122 430
406 159
372 700
84 159
341 549
183 335
44 486
401 605
399 407
176 125
338 837
274 369
76 497
444 245
303 469
304 401
199 639
246 248
446 333
114 284
325 546
257 284
419 832
94 473
107 187
33 625
463 735
8 264
26 614
401 318
206 489
42 783
433 645
152 732
356 393
218 424
96 767
355 482
359 815
425 32
9 143
206 419
148 866
72 480
275 824
56 502
336 892
398 833
60 38
125 271
306 255
277 174
250 409
289 751
377 268
149 119
186 385
459 340
456 417
114 15
463 114
73 320
343 880
410 670
35 70
201 821
440 70
391 463
291 231
424 198
148 491
144 154
194 601
353 464
189 691
461 372
338 117
51 169
302 875
68 296
303 671
81 370
386 604
271 781
246 345
230 317
112 471
196 8
316 868
244 174
449 422
268 33
17 659
46 830
323 201
35 71
101 306
316 363
460 882
109 570
81 407
457 252
310 437
163 473
103 690
269 243
56 90
410 801
326 13
72 719
385 787
350 732
303 644
7 531
408 599
330 454
303 98
279 537
273 258
339 511
441 383
315 539
25 456
161 325
380 1
8 580
200 560
17 559
389 292
328 574
225 201
4 652
245 285
26 502
149 672
33 530
56 102
429 611
451 500
92 95
169 685
451 844
81 856
196 378
466 219
217 572
180 465
56 513
5 505
446 258
250 5
407 135
336 120
379 775
189 179
123 398
336 187
70 874
18 575
286 56
273 352
261 432
32 230
408 262
7 745
309 872
306 551
417 692
336 729
190 665
162 843
217 850
147 285
119 735
300 98
184 664
321 141
70 649
55 660
9 192
406 393
379 763
32 332
229 733
192 122
269 729
410 898
332 56
1 421
125 151
146 270
34 190
352 359
364 466
81 619
88 784
235 391
446 502
299 407
362 6
252 747
218 559
39 716
111 811
430 634
299 710
44 331
15 786
131 526
154 162
70 236
137 129
449 709
178 703
253 237
270 203
302 295
22 750
290 511
306 193
381 732
117 2
200 426
83 710
218 902
441 664
145 391
414 702
374 323
114 438
48 440
370 611
175 686
188 503
246 105
131 407
264 381
90 275
459 616
88 775
416 435
277 462
56 105
28 143
350 23
98 341
351 7
217 423
446 300
296 852
260 397
368 447
29 754
311 501
374 822
207 339
422 853
132 524
398 781
259 566
77 266
364 829
421 170
225 402
77 836
267 186
376 483
394 735
120 195
132 511
170 785
283 912
78 849
43 850
406 415
83 717
206 123
309 624
34 90
424 865
321 97
373 466
283 613
181 578
68 480
211 343
402 773
282 188
264 784
159 143
3 536
339 504
114 823
107 547
374 729
179 149
31 227
430 728
248 25
115 197
292 752
353 12
158 422
298 35
147 644
335 311
341 674
47 537
78 824
307 150
251 359
328 255
351 631
61 518
315 663
120 229
191 820
147 134
400 758
299 643
127 204
168 724
373 425
353 604
83 798
441 511
59 366
435 897
281 217
440 687
149 38
283 475
326 163
323 876
19 101
62 497
232 638
161 359
24 26
359 88
446 57
222 803
81 449
30 482
430 636
422 809
270 861
116 835
221 754
343 774
140 204
18 528
103 389
464 671
67 286
132 670
395 415
250 499
130 836
400 400
204 355
311 425
204 760
312 396
70 222
111 42
84 447
431 393
311 478
405 455
450 781
343 430
423 570
240 584
114 364
427 233
130 171
223 61
288 34
363 409
465 437
309 451
435 197
318 387
152 584
256 248
193 781
454 731
37 40
411 670
397 348
88 36
42 456
281 195
191 190
423 183
324 840
437 461
244 317
388 542
196 523
213 860
200 200
403 340
65 485
326 244
308 164
169 71
383 90
10 573
361 335
382 813
251 91
440 149
376 588
198 291
317 565
161 89
324 305
328 286
37 865
110 171
337 674
130 817
444 38
253 220
395 829
298 504
361 759
366 105
306 120
317 186
247 422
376 900
322 243
461 93
385 523
47 862
73 503
387 458
425 735
232 12
398 291
426 787
40 708
399 865
342 463
26 283
52 487
203 592
79 258
346 404
58 860
415 678
80 674
296 106
166 616
312 764
117 114
69 908
346 109
416 6
50 774
27 551
347 404
323 143
178 330
442 344
15 802
129 705
106 481
131 704
278 630
243 824
159 116
400 513
147 440
380 232
196 343
304 210
120 680
154 777
340 658
293 9
207 374
142 265
275 666
356 50
19 446
255 431
363 189
269 108
190 764
433 477
76 527
104 25
285 13
123 370
278 655
152 63
157 133
207 208
117 238
119 421
166 168
454 648
112 808
289 264
403 822
72 438
38 211
371 615
125 122
231 355
326 607
53 167
46 590
261 159
82 754
110 783
241 510
379 381
19 361
341 878
294 615
372 689
329 633
422 136
148 92
107 739
451 873
311 792
305 102
49 856
190 195
58 109
405 458
378 782
330 672
99 145
3 562
26 300
346 28
97 15
195 108
146 314
169 801
465 38
8 852
407 51
183 458
61 116
106 495
18 567
426 462
97 504
188 846
99 562
423 46
252 414
458 810
90 282
91 314
128 195
225 548
277 416
402 135
92 665
421 42
372 845
70 395
244 448
366 322
12 378
35 91
272 264
296 866
31 249
139 108
135 213
276 681
101 301
230 216
39 474
109 669
418 407
243 904
210 369
88 764
404 613
174 1
243 500
144 174
59 621
392 230
238 663
258 180
3 132
126 60
94 645
308 664
411 533
89 585
304 500
246 196
432 50
24 435
98 190
125 202
73 793
385 619
89 803
251 858
347 738
402 394
443 398
286 200
322 122
126 182
116 176
19 385
465 460
216 28
307 476
57 179
111 21
263 136
328 703
26 115
401 211
33 775
441 630
426 270
52 383
75 637
217 579
238 211
22 477
256 27
250 102
456 176
375 568
449 685
216 806
331 227
185 639
338 851
314 516
132 862
341 591
280 38
358 131
343 603
331 735
362 882
294 63
170 365
381 618
425 100
91 825
102 721
249 1
198 379
223 38
437 682
82 71
325 339
293 486
302 541
464 784
313 217
397 220
132 722
419 412
286 332
62 137
220 550
422 849
290 688
142 236
348 415
306 33
422 711
223 177
183 332
40 438
56 858
299 713
114 441
166 441
350 529
390 336
340 324
170 713
19 833
461 143
274 348
204 322
309 211
3 29
125 831
276 115
231 111
280 537
365 508
53 779
220 48
212 699
378 301
139 109
191 666
106 176
314 421
401 39
4 578
374 397
314 28
155 780
50 242
70 797
80 698
97 384
183 356
218 552
81 683
56 118
116 180
261 447
407 437
315 453
107 349
294 776
451 237
281 617
385 763
151 401
408 699
57 814
145 911
330 432
318 711
266 277
380 200
258 276
323 335
226 639
14 180
240 569
390 115
440 453
265 902
239 683
431 112
186 372
204 789
92 103
333 874
225 319
158 681
391 528
165 763
397 641
224 65
173 202
32 840
449 143
101 835
205 711
333 735
188 506
132 346
9 532
77 38
190 226
222 384
108 489
89 102
131 723
288 737
138 648
146 514
174 854
194 636
258 653
51 331
299 805
340 154
88 207
418 167
396 451
109 148
123 100
191 551
206 166
145 818
144 694
409 668
369 589
288 575
144 184
103 778
376 465
21 560
451 659
341 911
449 500
423 675
415 74
187 862
170 414
338 499
105 92
384 273
86 474
255 821
323 142
452 838
15 709
151 879
353 790
461 470
71 74
147 484
441 101
141 149
76 215
216 289
252 733
96 43
158 871
397 694
165 133
21 853
427 429
153 380
356 386
213 377
185 734
294 870
323 345
187 859
105 596
123 622
322 284
332 621
402 291
223 521
287 65
399 739
404 737
359 610
126 5
408 375
24 511
41 878
224 850
418 727
28 302
49 574
272 132
102 368
434 729
136 317
20 29
99 222
87 91
76 907
195 808
286 483
377 4
101 6
188 476
344 867
224 305
309 195
315 586
361 435
348 31
255 162
6 183
179 448
136 666
113 384
199 466
259 1
186 230
70 64
229 496
15 159
304 18
29 717
87 60
370 703
50 855
292 578
384 99
195 300
350 421
304 641
261 846
393 102
53 906
244 785
432 45
77 479
370 266
413 103
190 369
417 336
397 430
292 83
4 166
347 408
442 410
183 7
176 467
368 736
447 203
28 864
108 210
356 804
438 598
332 202
422 3
85 242
119 772
37 397
288 439
120 44
83 781
164 546
275 705
180 357
14 444
315 769
452 24
171 432
161 400
273 899
403 463
251 612
182 796
187 808
431 75
47 763
159 721
325 39
33 65
207 608
318 438
159 51
459 408
374 346
6 159
108 411
208 753
393 214
306 811
230 548
33 589
350 419
423 613
120 183
313 603
292 222
210 403
30 912
350 851
390 321
99 335
102 903
333 260
63 699
433 190
363 819
416 257
13 754
365 462
407 496
289 173
396 674
420 693
94 236
331 592
176 777
434 749
369 140
336 594
77 772
9 794
371 31
210 570
141 632
122 825
463 807
157 601
97 575
319 564
229 794
167 354
150 754
29 97
20 228
441 30
377 522
193 902
132 330
205 805
131 68
146 76
424 823
165 301
51 439
324 788
360 383
248 279
142 323
256 400
413 900
171 615
119 891
68 502
422 2
443 585
293 241
267 757
169 182
302 363
182 741
71 353
222 123
137 377
212 183
230 522
310 525
350 364
163 136
377 517
236 278
139 579
27 178
376 747
305 222
174 74
212 206
339 652
6 512
154 536
23 511
19 777
216 790
265 429
39 10
125 78
424 633
243 779
63 85
21 304
167 128
439 344
261 735
263 325
179 706
84 376
278 56
397 534
321 448
226 685
243 257
317 409
14 736
299 107
403 238
330 511
408 138
10 818
198 256
9 604
163 620
298 560
437 312
102 687
339 783
44 640
205 833
60 230
366 296
43 606
441 750
443 791
79 460
112 761
410 577
447 91
229 87
370 806
263 908
88 622
30 15
40 423
330 254
370 149
200 726
110 627
95 558
234 690
124 884
98 844
67 169
348 617
260 537
239 187
29 753
307 644
236 50
225 380
77 646
17 891
366 713
424 341
277 125
360 179
246 231
35 438
414 634
261 880
388 332
407 64
389 331
306 312
225 609
146 449
271 496
352 342
246 424
428 370
30 453
36 725
441 4
359 553
407 56
426 780
388 263
405 911
176 317
243 672
407 765
321 594
393 620
322 540
26 794
366 656
318 865
222 622
88 833
315 387
103 96
159 146
90 834
305 638
90 83
51 598
67 264
303 697
410 892
126 782
298 118
59 139
99 772
454 655
30 681
441 795
273 614
153 129
321 581
256 521
241 294
177 413
41 306
101 54
95 172
300 633
380 100
273 617
424 369
287 155
356 808
418 163
174 457
211 670
229 632
322 25
242 815
110 394
408 340
364 694
277 461
7 678
105 264
291 696
163 156
28 693
394 235
338 338
65 197
281 107
191 830
455 819
300 366
227 352
398 352
257 298
121 194
136 204
359 787
412 448
393 265
22 773
401 619
261 777
411 282
234 764
323 670
108 77
103 873
269 605
119 583
204 749
222 701
151 463
218 613
298 890
33 730
72 599
287 753
246 905
186 880
257 531
304 268
154 395
151 843
194 737
273 348
208 775
425 363
214 843
462 201
294 279
156 251
463 120
197 506
466 269
351 26
401 670
9 817
104 825
8 530
259 597
249 21
286 154
377 301
447 402
197 898
170 745
423 108
198 698
245 174
161 263
369 285
452 48
359 261
48 208
126 675
254 269
82 433
224 449
9 27
132 890
139 519
352 21
183 664
313 272
95 375
222 3
127 607
210 167
126 632
40 453
129 263
244 704
97 853
207 606
88 770
426 483
373 245
139 144
388 856
387 528
271 734
406 283
398 714
435 147
1 559
19 564
253 126
88 41
357 459
418 143
295 309
127 702
255 401
350 334
145 852
77 444
254 841
88 312
428 412
256 682
124 685
44 867
287 303
226 757
356 407
37 455
227 79
339 556
112 118
253 835
30 908
432 547
320 133
266 80
374 688
410 674
159 910
432 658
319 498
42 532
309 346
341 125
354 903
18 612
336 289
392 535
281 616
352 19
151 212
389 819
441 518
119 295
177 591
295 213
402 290
188 124
182 780
344 668
31 99
176 404
433 728
100 86
260 768
72 774
277 419
374 736
38 150
434 355
143 886
207 705
213 634
410 71
403 872
116 378
216 529
113 440
309 68
271 580
340 632
257 422
315 630
198 333
105 384
412 520
458 800
443 371
147 325
112 896
387 41
30 21
185 490
288 215
446 356
78 663
137 262
87 847
153 209
141 535
61 494
79 209
361 388
1 726
70 151
18 220
36 521
7 144
378 212
274 87
443 906
141 2
128 851
357 216
361 536
373 891
455 75
15 449
28 167
107 786
114 436
442 50
1 458
51 236
206 79
204 555
19 610
438 888
311 580
88 453
393 421
157 510
459 498
424 217
107 289
215 783
270 741
257 433
134 10
324 397
446 830
337 619
438 477
77 457
435 290
255 318
2 614
71 19
297 588
194 744
320 100
256 905
225 190
178 222
116 138
208 308
69 153
124 280
173 496
322 511
179 75
321 426
453 513
353 96
28 740
283 696
401 774
102 723
249 134
418 595
234 685
45 365
335 589
66 387
263 5
161 503
129 691
101 212
38 420
435 39
178 794
16 380
78 239
413 37
220 347
363 663
459 300
296 494
386 285
289 211
122 422
278 609
129 670
236 763
94 662
450 744
370 809
416 864
436 350
221 242
315 447
106 874
341 563
429 879
240 137
357 54
95 383
444 719
99 126
32 206
103 848
49 273
218 116
341 484
342 190
161 221
112 47
118 653
316 730
429 329
346 735
237 417
106 636
118 623
72 493
112 654
127 700
401 680
211 493
90 291
332 238
250 345
418 328
465 193
76 490
94 565
317 478
269 366
65 815
285 7
444 436
47 503
24 12
220 41
174 667
266 734
271 202
422 782
380 789
417 568
169 517
185 757
46 190
394 560
146 588
459 310
436 492
234 425
202 821
10 893
153 765
227 7
133 839
385 562
115 547
229 119
389 220
9 687
286 760
168 906
100 9
177 463
96 162
380 228
460 364
65 578
225 655
371 79
10 152
281 96
92 46
374 812
290 414
339 462
321 780
282 42
320 679
19 136
311 753
58 647
306 857
324 475
32 95
372 215
312 215
196 689
158 627
353 399
73 767
120 11
190 463
278 252
68 135
189 506
13 117
104 486
168 603
279 725
244 728
397 370
249 463
413 731
462 298
336 823
11 613
82 567
318 112
382 159
90 16
466 732
343 721
129 711
204 114
358 142
420 512
377 722
176 580
382 52
419 636
352 180
56 696
35 584
337 481
349 407
249 326
106 92
466 228
446 713
205 822
294 4
215 184
18 102
43 54
166 581
97 302
242 313
24 193
96 183
192 463
73 623
287 215
270 179
73 191
304 355
83 181
237 504
147 562
199 839
83 73
375 638
77 183
431 90
156 732
429 475
33 32
368 702
6 240
154 815
344 34
368 188
154 492
215 826
195 758
96 344
337 140
407 567
65 724
413 675
43 71
211 366
200 308
186 805
242 810
232 707
272 164
160 531
368 43
37 677
58 129
381 592
410 11
148 293
159 653
395 904
260 372
343 161
266 130
152 879
229 643
242 653
167 407
106 444
268 365
332 530
455 270
253 325
248 748
376 292
66 829
5 857
285 239
419 147
191 114
145 290
215 174
196 46
248 644
12 610
341 597
168 482
166 692
316 636
408 218
328 855
193 531
75 741
345 592
314 755
265 83
301 722
328 501
421 794
287 88
364 153
284 851
56 837
175 313
47 853
410 805
46 859
253 817
462 838
206 126
252 37
393 625
328 714
293 748
387 22
65 352
436 661
5 352
394 478
97 212
157 271
11 5
172 819
150 321
80 61
449 67
233 138
209 821
417 717
231 822
214 805
267 240
440 594
316 312
164 721
321 799
442 765
416 414
205 703
207 712
371 852
8 36
292 329
174 624
330 781
251 176
353 603
234 483
82 211
323 577
122 213
228 670
104 120
387 819
154 61
9 670
402 555
257 427
268 34
135 675
371 581
425 130
363 514
161 547
200 406
220 396
168 654
63 50
100 624
147 48
365 468
125 732
349 684
372 775
76 442
82 757
423 214
417 518
104 8
13 877
2 654
227 262
436 580
51 512
136 513
189 262
91 283
312 459
77 335
280 789
323 206
320 683
190 860
137 553
171 883
82 30
378 887
47 339
411 152
297 830
23 171
138 279
313 693
143 28
4 329
429 413
44 229
300 712
359 745
143 559
165 146
172 364
409 863
283 478
47 179
140 193
259 509
74 869
29 8
137 910
388 829
46 81
81 255
360 765
74 765
364 181
70 804
450 542
292 625
378 25
172 256
55 654
228 620
9 261
105 440
161 710
163 349
231 901
369 672
212 415
147 424
375 864
348 261
166 148
266 88
185 551
153 449
197 790
58 471
9 648
10 286
209 902
61 637
322 447
457 798
140 443
84 90
225 890
73 250
350 196
15 234
413 692
209 437
199 610
261 77
56 547
389 462
57 142
301 143
284 782
413 38
103 244
386 819
404 466
231 195
302 886
34 516
254 730
136 571
284 599
456 875
459 543
2 395
12 207
457 356
382 389
240 658
292 286
434 606
63 771
185 388
80 610
3 603
328 516
40 251
187 896
460 276
361 359
303 136
106 112
66 463
140 131
154 188
69 396
295 310
78 672
232 900
96 289
66 19
376 156
27 584
275 767
33 85
346 866
11 555
323 646
465 890
42 85
162 335
465 519
454 417
156 243
322 395
120 695
98 808
417 273
182 208
256 648
260 752
284 637
300 681
361 676
101 507
345 425
108 289
87 689
75 22
440 218
93 566
170 358
464 593
398 387
344 20
434 286
116 232
133 597
247 545
258 269
132 521
363 285
186 290
453 815
148 552
188 432
51 140
463 414
249 585
450 548
464 375
69 183
387 28
43 471
89 849
402 232
167 112
413 604
276 721
150 78
329 441
360 164
292 854
375 193
421 617
103 635
176 855
356 203
319 120
400 21
195 194
446 912
413 206
423 707
197 368
196 901
451 688
238 5
223 343
412 38
104 332
247 730
185 249
453 651
222 485
361 198
188 257
457 763
206 676
438 791
288 266
69 832
206 757
195 515
459 695
397 816
138 227
314 55
51 912
249 776
39 841
297 79
364 524
397 668
462 138
71 788
256 735
187 278
317 896
166 437
351 309
450 610
400 382
178 604
174 471
148 735
111 22
338 611
191 887
425 300
313 98
204 587
392 544
205 96
426 663
374 64
214 56
102 155
156 747
251 546
74 433
27 648
161 43
5 240
390 375
64 868
178 213
441 6
332 379
427 326
337 196
391 548
54 634
325 225
233 147
433 519
200 773
45 537
374 570
405 168
273 792
437 162
456 497
351 246
44 42
149 540
369 461
192 631
20 659
442 646
225 848
66 321
67 696
227 383
389 223
450 898
296 163
180 62
158 688
314 780
454 273
440 772
278 562
329 346
409 85
266 403
125 103
392 53
388 29
332 783
160 100
291 741
217 872
5 559
3 82
162 366
271 101
407 470
428 673
123 433
164 912
318 443
306 437
99 235
293 656
429 472
196 254
218 383
26 676
180 685
370 306
438 833
64 566
188 4
433 138
161 235
307 108
403 5
22 44
194 819
457 616
179 43
45 473
302 96
122 139
270 445
239 254
364 387
196 416
153 370
57 909
355 678
254 54
272 288
156 518
101 731
73 555
98 268
98 308
102 670
171 40
156 721
109 432
262 127
67 663
335 385
141 628
401 109
445 549
56 228
51 646
233 254
144 417
144 883
146 164
226 758
416 452
252 150
283 299
211 89
32 785
454 424
247 659
33 225
13 530
54 385
407 91
5 296
99 605
302 64
172 673
38 337
455 440
64 561
348 34
212 373
87 570
359 267
321 667
383 464
85 166
68 631
453 128
372 203
304 417
439 463
408 452
423 170
9 259
