717 608
8699
489 499
289 332
223 197
513 394
176 431
219 234
686 591
555 3
157 461
354 258
677 250
209 209
265 368
70 581
334 471
470 496
688 398
630 345
573 268
548 523
691 297
63 604
353 205
58 340
17 158
438 589
293 124
582 235
40 485
500 279
42 607
497 552
171 148
84 413
156 596
247 606
618 558
26 170
157 562
365 416
402 96
696 556
61 333
257 217
265 63
235 567
474 378
257 309
41 415
561 435
486 221
313 597
47 402
349 530
576 98
224 54
669 552
709 270
237 112
403 97
135 367
458 33
325 29
481 478
105 225
87 290
614 413
44 445
50 376
634 423
595 95
294 266
264 129
320 433
255 402
223 192
534 407
478 259
663 275
212 82
413 271
69 297
34 442
582 564
143 33
583 585
124 290
363 466
137 232
645 297
84 281
444 169
77 345
694 224
194 175
395 291
607 49
326 260
527 144
241 246
404 604
218 197
53 198
550 161
167 74
67 482
308 551
594 424
410 56
488 357
517 603
578 196
610 316
570 319
236 222
244 313
217 123
223 98
91 551
362 501
20 33
209 160
53 12
445 116
44 540
22 315
578 236
259 228
293 185
231 342
207 441
71 71
356 417
283 437
459 430
686 145
150 497
34 125
675 523
346 393
712 512
40 562
456 460
44 257
676 196
97 576
108 71
440 311
235 57
290 174
420 403
512 210
555 312
273 508
323 436
341 50
301 575
338 266
131 215
384 491
669 350
23 454
127 510
105 514
222 260
316 43
276 186
196 206
378 561
243 541
373 191
376 515
173 257
251 291
623 404
204 10
664 10
514 148
33 131
374 166
369 373
509 272
136 288
212 63
631 401
228 209
576 271
412 341
93 18
420 37
496 589
406 490
117 383
525 136
629 507
639 200
439 350
223 145
553 596
40 484
674 248
253 466
587 293
240 195
383 115
489 595
589 269
161 101
604 99
136 113
307 359
613 277
387 241
46 425
480 436
505 92
560 208
600 4
196 288
15 149
593 597
494 18
606 45
187 93
329 196
575 173
432 139
269 304
215 563
667 373
95 4
7 26
647 333
217 252
130 430
642 54
159 141
695 268
559 295
412 394
281 272
585 302
256 293
665 554
649 422
598 320
670 380
75 185
153 336
40 569
513 184
459 63
411 201
525 485
218 429
297 593
301 217
486 399
268 560
475 601
305 483
572 365
295 27
610 567
512 262
14 26
270 199
290 498
321 491
655 450
383 440
614 344
107 362
215 54
28 477
411 56
657 187
501 447
461 196
68 407
384 360
553 54
696 48
37 245
385 100
437 483
375 405
44 14
166 101
42 335
126 562
419 296
16 398
641 215
436 314
476 305
153 252
675 348
310 49
483 382
570 276
244 221
637 99
264 522
88 490
418 464
423 206
621 605
490 34
338 424
37 276
344 271
461 246
438 258
211 74
169 78
643 564
470 302
207 213
645 422
693 78
58 445
238 536
404 586
589 147
609 540
194 50
467 117
122 274
608 58
678 182
84 359
114 125
79 109
674 291
578 531
383 74
434 95
342 149
118 313
629 42
510 70
17 168
4 255
357 298
659 301
381 321
213 68
311 65
36 79
601 545
234 373
109 362
354 367
454 365
409 5
202 555
11 370
294 2
178 596
482 356
378 53
654 415
309 412
628 359
303 152
43 73
77 128
256 88
183 51
328 32
571 361
311 341
243 170
212 257
550 5
156 542
558 214
359 184
406 503
104 264
99 586
403 557
340 188
325 556
539 523
129 263
78 113
234 249
73 248
612 310
299 555
461 595
561 523
2 452
505 103
409 561
282 224
584 152
179 45
543 546
326 413
139 362
653 248
648 277
229 268
67 62
325 188
263 202
365 376
351 585
232 608
470 181
237 511
320 251
126 118
1 492
214 101
135 512
643 314
221 19
314 378
318 327
176 589
52 589
438 565
716 582
477 246
192 192
214 501
695 480
357 183
335 503
71 587
593 434
553 498
481 406
325 116
553 504
194 477
678 181
566 68
102 564
633 235
323 534
654 602
464 269
343 464
529 462
563 559
399 551
437 339
138 413
403 19
256 572
78 503
510 454
418 214
241 399
281 585
642 80
50 165
690 481
171 367
77 260
538 279
350 477
401 15
180 149
637 597
3 104
447 279
259 56
634 474
7 11
255 581
708 323
116 254
611 446
588 60
86 243
400 342
429 476
644 434
290 257
259 455
477 22
390 166
381 417
236 346
629 183
441 53
671 176
681 319
588 399
516 205
360 221
91 364
406 208
471 369
282 132
122 95
85 362
468 13
61 555
64 589
363 289
637 63
86 326
648 55
15 417
541 474
612 424
25 483
709 479
621 519
319 85
652 537
157 116
195 591
680 525
231 503
88 421
353 327
376 596
690 302
182 488
537 161
336 292
227 412
693 311
717 365
264 335
508 606
100 387
698 170
81 187
625 93
476 572
78 441
174 545
431 554
666 504
272 567
123 175
13 197
389 409
450 491
397 53
667 73
419 82
151 20
716 359
326 411
555 427
37 582
629 27
138 215
316 166
234 110
454 3
10 164
116 348
260 427
17 55
673 175
520 283
452 332
51 176
107 286
320 358
461 317
661 126
151 38
622 65
333 412
542 505
83 585
185 55
648 125
675 466
415 528
299 73
236 327
667 57
196 81
65 167
210 442
193 14
297 362
422 3
688 481
346 477
24 94
610 396
447 291
240 76
108 352
660 244
549 605
255 92
198 539
277 194
251 107
656 594
140 299
363 405
368 434
483 254
488 71
465 449
376 533
611 260
627 160
137 408
36 360
518 355
87 531
237 264
470 467
342 505
48 43
504 135
119 130
547 270
296 441
129 49
185 434
144 158
488 554
453 524
412 141
681 320
369 586
168 446
636 196
546 422
575 305
271 192
483 273
202 353
603 205
503 368
411 286
234 112
212 44
392 120
75 479
411 51
179 408
360 369
42 588
287 460
73 527
437 150
617 480
539 557
212 172
695 90
698 260
189 38
677 137
544 134
173 378
288 54
235 202
425 167
324 289
613 229
366 43
5 259
542 410
277 201
546 291
177 10
697 268
256 434
164 516
82 198
592 581
528 506
588 480
426 45
233 4
405 34
5 434
245 523
136 146
196 84
255 184
189 206
506 68
97 70
496 398
5 560
581 506
662 145
549 499
28 495
683 298
715 584
338 131
155 555
143 309
495 189
293 572
171 48
498 415
444 283
240 146
283 598
107 192
392 545
136 348
179 117
211 389
487 52
640 207
595 176
53 506
696 44
466 243
709 455
231 436
359 439
153 469
552 216
333 181
511 99
452 552
433 505
231 33
129 435
607 278
695 553
304 255
665 457
409 362
237 330
37 270
229 355
474 56
399 289
254 539
130 412
483 333
513 153
617 144
456 380
608 340
324 178
413 369
71 496
698 493
706 329
73 298
239 204
603 386
291 231
402 585
616 325
398 174
383 291
387 110
566 434
610 145
110 438
634 143
193 45
120 481
386 593
87 190
553 246
590 108
251 396
460 154
618 431
331 479
688 537
7 343
408 207
240 89
122 194
709 81
214 142
514 138
651 132
482 152
50 274
710 11
339 28
180 563
410 195
498 590
425 147
574 516
21 344
200 528
146 288
656 485
74 88
540 171
189 83
494 14
256 597
705 155
398 469
198 588
325 111
487 154
397 161
271 492
274 375
378 44
141 383
434 125
663 293
460 115
63 74
548 369
126 237
712 85
11 474
27 379
275 587
186 409
60 13
291 119
670 337
217 573
446 516
162 606
382 592
105 449
629 91
168 244
107 570
71 527
157 243
346 197
444 19
591 494
660 395
152 106
415 517
613 286
363 367
348 171
57 326
73 184
649 28
424 269
525 519
117 490
595 347
680 261
352 582
263 229
471 496
293 456
3 61
1 180
521 394
706 463
114 544
8 305
472 397
356 317
255 36
428 36
138 560
656 520
362 72
500 534
65 225
23 39
167 333
607 490
201 504
505 391
73 493
37 393
139 512
122 109
11 217
91 490
706 502
596 281
302 101
263 249
613 279
631 232
352 53
304 199
663 219
172 24
26 139
145 95
10 22
183 304
243 32
99 544
542 326
598 46
207 66
638 181
255 375
666 597
71 316
333 502
253 557
636 216
486 53
441 269
444 337
410 295
230 39
61 127
104 383
344 53
272 348
677 112
126 163
42 337
694 353
127 437
332 32
152 443
1 5
62 556
241 480
445 66
596 253
539 153
695 577
330 23
192 271
70 204
547 387
615 486
450 284
611 449
471 512
513 41
502 52
705 48
177 548
670 64
525 586
414 31
646 436
223 259
226 46
242 121
104 469
33 145
234 491
423 434
117 347
147 103
510 389
313 482
309 139
482 393
681 476
513 575
369 248
292 352
587 85
577 491
58 245
33 238
501 315
291 424
211 114
99 427
320 405
27 349
441 266
300 72
16 228
366 570
367 377
422 398
465 179
433 69
403 496
113 354
369 208
44 596
538 56
32 448
455 316
6 605
400 108
176 302
600 394
630 186
310 603
362 71
341 515
278 294
670 283
655 360
660 540
208 110
250 35
425 16
539 577
702 477
201 73
206 536
193 196
271 411
404 519
205 79
249 312
71 344
561 138
93 192
236 119
54 484
568 118
581 240
637 34
691 246
285 274
399 490
574 69
426 309
450 542
575 583
313 207
272 271
640 126
571 543
72 178
368 211
343 502
665 293
519 134
609 220
26 357
129 138
286 390
79 521
529 536
369 590
226 70
665 70
641 158
660 541
208 407
597 484
625 80
113 175
105 227
259 432
219 48
270 117
416 158
293 49
628 234
436 269
591 398
676 160
362 500
30 262
250 257
513 10
514 490
55 186
497 522
57 77
133 404
9 584
610 494
333 586
159 478
318 37
379 195
333 98
622 418
354 170
473 303
507 329
633 256
534 516
146 471
270 300
205 400
263 10
342 559
660 478
150 63
472 597
236 141
631 85
396 570
267 366
141 104
609 48
428 276
159 27
97 545
221 359
520 170
462 83
39 25
387 77
342 432
481 259
252 490
519 606
90 592
58 227
232 600
376 18
293 502
280 381
268 328
194 194
278 21
228 199
220 61
203 126
5 355
93 37
161 586
287 405
572 113
406 286
240 400
284 67
425 343
14 372
86 166
15 367
614 320
362 267
461 375
481 29
398 468
601 522
104 534
117 424
192 196
61 565
222 589
689 582
87 417
680 21
105 222
503 60
372 353
487 352
85 341
270 522
507 450
439 254
642 457
633 146
167 323
81 360
307 169
353 521
308 76
157 422
52 444
425 407
250 552
683 238
407 386
686 365
549 441
171 562
21 426
507 540
288 141
598 595
519 120
713 303
519 259
452 521
435 433
621 458
498 303
139 563
95 45
415 229
599 376
584 325
20 210
600 584
655 401
145 582
424 150
357 569
590 319
387 4
132 135
167 565
560 178
2 406
448 585
305 517
85 206
612 514
633 196
61 589
463 589
699 466
257 391
36 429
621 216
457 230
119 82
240 533
675 34
391 271
214 542
353 237
485 275
443 318
496 257
495 56
149 137
509 139
172 282
394 115
457 465
14 557
338 573
263 563
8 38
28 136
455 405
233 268
380 76
422 327
169 529
252 511
687 592
265 1
596 401
514 275
126 126
315 417
505 257
585 167
363 199
627 109
25 259
659 65
315 143
477 459
342 539
567 233
593 196
636 538
567 344
331 501
104 338
153 216
282 266
352 606
196 47
167 357
523 158
443 329
109 187
672 136
219 447
658 570
251 68
608 311
232 5
589 129
453 13
373 426
192 73
313 384
76 361
351 244
418 526
33 470
288 430
495 235
599 293
355 387
205 172
375 535
154 154
165 72
564 210
687 500
223 312
181 415
223 198
293 445
553 589
342 64
411 127
489 236
198 19
426 37
174 387
626 318
214 420
679 551
465 439
411 7
34 309
142 59
351 474
716 328
571 539
135 290
712 282
471 9
308 52
182 48
527 196
499 420
624 177
363 380
640 183
285 212
39 415
359 594
147 260
10 128
159 72
274 7
46 233
390 342
207 538
143 257
671 362
703 583
548 410
46 252
383 93
487 26
664 571
200 290
90 493
622 107
472 480
85 374
486 2
59 429
373 219
227 153
335 434
693 121
481 496
46 141
200 276
599 205
527 167
343 339
287 457
402 179
84 457
679 71
356 148
487 464
160 534
542 520
6 142
12 19
203 60
326 394
427 577
213 146
400 524
552 411
335 492
416 162
259 26
201 363
550 24
257 307
118 339
543 196
340 236
545 262
70 178
290 312
581 525
460 415
335 548
233 488
317 196
521 523
45 523
505 218
20 493
403 222
7 34
352 446
394 373
542 197
274 405
687 346
715 198
161 499
557 452
295 43
111 427
570 448
178 129
286 203
79 31
146 291
677 46
236 34
465 240
561 371
333 561
151 221
464 331
639 287
467 561
406 394
179 387
702 130
395 591
556 423
106 362
193 487
179 506
285 106
409 512
24 286
655 436
152 125
482 556
590 196
156 127
367 282
41 527
646 27
111 607
670 294
362 233
137 45
515 492
42 369
615 95
630 184
353 137
117 175
693 232
94 347
501 394
584 228
90 112
685 438
374 105
372 515
11 138
661 422
486 306
141 465
605 556
290 2
228 339
689 297
74 441
620 186
189 153
320 159
149 21
158 436
542 216
682 383
352 363
337 515
461 34
701 324
20 570
545 99
447 32
591 207
532 460
424 466
4 427
222 353
179 216
603 18
39 569
627 155
666 537
262 511
293 429
302 514
632 528
417 529
52 607
348 103
550 19
316 82
548 215
64 264
62 503
367 435
184 454
672 447
183 420
80 185
462 28
393 303
603 409
79 190
184 37
639 36
583 310
649 486
481 383
329 209
538 394
320 83
236 460
4 391
650 432
229 537
495 232
699 377
323 165
74 65
361 192
355 166
66 498
668 437
717 84
277 70
17 118
202 322
536 311
107 420
110 301
309 144
126 393
339 526
668 525
402 367
83 468
141 133
421 12
138 410
510 86
371 26
582 113
594 39
635 563
642 289
157 45
116 390
534 192
456 578
646 104
338 49
104 317
408 220
233 482
484 417
513 17
397 387
684 509
445 120
270 572
579 29
482 329
368 459
285 233
417 383
713 492
467 412
139 376
256 573
372 577
350 81
79 585
584 559
42 278
563 159
310 497
495 445
29 503
180 489
462 99
36 408
389 458
465 366
31 83
66 75
391 110
413 542
699 348
517 149
49 269
313 61
674 218
528 286
595 154
428 308
290 419
533 377
195 90
40 409
308 531
200 174
370 350
335 29
466 597
655 429
577 248
15 340
612 583
305 219
314 271
694 58
243 423
228 125
551 278
216 586
128 172
359 520
276 96
550 87
486 189
706 167
148 524
630 207
202 501
19 223
406 258
674 359
168 427
83 480
187 85
665 498
25 589
110 554
263 368
477 159
26 188
618 115
665 392
184 70
184 563
51 316
625 375
93 488
560 304
629 100
520 372
592 422
277 162
467 25
253 394
644 373
46 186
293 239
177 54
418 133
252 153
150 535
177 271
108 157
524 373
482 434
653 531
134 6
597 275
363 478
159 300
155 172
615 568
119 18
265 371
480 27
465 423
603 540
448 554
549 601
553 147
325 82
669 160
623 203
15 106
477 532
494 439
197 123
687 409
672 368
311 588
211 370
230 30
611 383
199 484
682 382
142 268
362 15
449 291
625 111
200 195
569 425
496 365
96 470
510 11
712 116
519 330
95 50
219 115
157 608
25 419
213 526
94 410
366 146
566 221
345 71
661 396
13 318
464 359
225 511
453 115
639 545
37 232
52 196
317 549
408 117
276 434
112 137
417 560
128 120
106 597
268 282
196 358
371 478
71 53
129 319
505 321
78 83
529 428
350 526
206 550
245 89
473 402
432 211
125 205
466 579
423 290
583 204
708 153
31 31
315 495
105 181
113 571
62 502
699 298
307 289
357 320
542 156
330 321
712 455
717 80
163 453
544 128
623 156
597 202
675 259
297 391
287 317
636 122
404 435
142 79
352 528
170 41
543 528
543 481
127 348
524 35
712 511
563 293
351 413
456 487
234 467
228 321
670 99
541 547
641 247
652 344
445 564
492 37
605 144
628 515
709 199
78 106
541 141
282 417
361 121
163 131
287 335
465 525
459 294
272 463
669 303
255 492
320 444
37 315
41 260
146 571
87 281
598 508
510 590
471 490
683 416
509 403
280 22
411 408
659 245
36 410
267 411
676 280
409 176
532 497
257 502
453 329
215 431
105 566
301 141
492 407
685 286
614 398
509 557
78 241
210 412
235 199
376 239
623 308
46 459
243 35
361 144
50 140
252 342
438 288
54 391
712 160
20 345
208 299
239 416
389 449
493 321
223 310
410 316
40 187
473 387
632 175
624 132
588 236
614 557
655 295
440 7
410 399
679 480
100 239
33 303
123 163
541 352
25 296
431 500
378 527
575 278
522 122
125 464
514 362
80 529
137 332
582 523
469 245
258 49
430 250
390 220
700 460
459 173
252 291
246 385
630 258
286 160
237 268
478 415
18 120
502 282
508 495
142 94
565 553
474 152
516 356
317 30
83 398
658 18
523 375
323 438
442 492
567 316
684 123
352 429
518 320
295 602
464 143
376 465
447 174
702 125
358 338
47 278
121 419
45 574
417 2
576 541
115 263
652 529
526 268
494 416
164 297
80 522
662 52
216 142
558 158
587 86
242 161
703 280
109 241
550 144
96 173
217 572
553 470
551 275
89 561
138 570
699 338
165 209
258 58
614 525
290 233
391 396
520 123
132 332
670 74
237 419
395 68
490 22
54 423
266 146
200 160
286 151
157 86
689 38
208 557
653 269
628 437
458 156
590 116
317 151
647 551
206 551
269 74
548 434
435 206
622 164
467 489
217 412
155 397
275 115
142 574
146 318
223 13
431 332
330 263
40 591
76 422
34 72
351 195
19 229
62 379
525 159
340 151
123 55
246 345
321 590
29 108
507 131
569 74
687 44
618 171
535 222
251 296
497 413
137 545
650 146
325 348
293 420
166 256
502 229
225 408
561 290
598 516
631 269
82 196
508 391
276 43
156 235
385 89
159 443
521 551
68 362
474 532
686 296
55 408
457 10
632 552
404 583
640 236
240 279
492 92
231 213
42 302
598 517
166 328
543 411
205 576
47 516
117 373
449 198
511 535
475 537
361 95
28 416
456 115
562 456
38 228
416 305
367 608
88 305
655 414
82 176
72 236
218 196
647 510
593 572
592 570
392 569
477 491
317 488
605 263
243 594
167 151
560 337
178 171
129 67
600 453
203 221
71 533
486 602
663 315
352 385
42 466
382 506
212 459
493 468
108 370
445 418
545 452
123 33
319 121
429 542
570 76
307 364
464 199
50 535
91 195
189 309
595 464
433 81
352 244
305 183
34 444
290 381
300 340
30 195
72 426
320 402
227 16
30 25
554 244
17 186
631 200
419 396
374 448
328 319
375 4
550 111
639 119
483 336
163 314
265 507
617 89
302 513
400 464
144 570
686 257
274 467
454 466
528 483
198 325
356 532
197 105
367 82
272 46
340 273
661 326
682 10
190 73
489 584
264 439
539 195
130 580
20 34
642 486
26 245
639 526
464 19
688 590
461 261
184 559
105 19
542 281
74 227
173 25
276 32
384 590
176 95
45 315
128 34
677 341
457 483
189 597
15 354
73 354
318 23
132 552
475 580
110 310
568 453
696 483
679 149
419 92
572 115
696 563
346 578
4 312
93 199
704 423
156 558
279 364
646 17
490 527
691 78
286 274
96 564
154 581
143 578
603 396
413 147
77 214
698 4
407 425
697 24
549 64
415 13
53 145
461 384
572 498
618 99
570 467
36 123
592 362
134 35
216 123
3 498
325 73
625 154
263 488
555 32
120 487
711 359
141 55
424 421
275 517
562 54
138 310
635 271
539 119
48 133
31 90
169 242
646 170
210 243
355 544
678 167
217 154
76 101
29 584
166 461
163 434
324 462
298 304
177 364
247 328
636 555
309 437
187 19
682 521
301 455
701 33
708 498
358 566
157 211
284 387
288 359
261 394
327 227
241 376
552 252
470 347
69 386
152 499
173 361
49 217
599 25
329 428
114 290
47 7
85 380
628 391
633 598
559 214
84 592
254 35
133 550
687 498
387 19
602 593
23 579
381 438
437 305
310 2
77 325
702 422
44 249
322 591
17 25
676 7
231 538
16 49
548 400
528 551
507 59
327 377
439 90
310 249
502 518
298 236
297 260
419 523
398 464
468 303
340 20
254 532
94 299
168 223
632 367
487 44
271 538
379 128
573 512
534 77
215 530
680 34
544 398
415 570
343 63
163 225
335 10
268 565
511 190
401 570
163 318
35 177
334 4
287 205
339 518
88 540
682 320
375 42
350 427
538 45
641 375
581 441
701 435
538 534
348 109
379 156
332 554
615 413
204 177
158 40
136 212
563 38
413 469
460 301
99 136
508 155
648 528
703 290
82 194
511 193
182 409
442 605
2 133
275 588
335 576
183 439
50 160
312 413
256 182
705 240
274 373
262 388
670 592
334 239
479 218
673 178
176 41
405 224
365 183
275 508
696 548
282 183
628 368
564 452
127 442
215 332
660 551
242 530
443 277
697 29
560 535
149 328
137 15
549 13
146 393
686 527
69 322
457 106
680 422
330 164
72 317
90 36
586 14
401 249
387 535
500 218
540 189
475 286
172 492
302 525
141 174
609 117
136 441
414 187
376 560
224 580
42 411
301 161
535 461
98 122
281 110
651 514
644 248
648 524
260 539
520 53
434 433
560 475
13 320
125 408
135 204
702 596
450 189
230 549
455 283
378 454
92 607
469 412
56 146
109 74
28 395
702 441
180 539
642 351
437 490
708 603
542 219
345 186
233 7
336 287
584 585
611 330
563 237
181 363
60 157
258 469
212 11
269 144
46 325
453 466
300 452
467 101
590 187
11 424
261 529
309 61
45 285
478 58
192 307
450 183
112 333
512 470
85 365
619 359
431 61
23 398
498 414
458 135
102 215
559 148
75 282
654 156
328 428
247 607
117 38
255 273
564 133
585 377
109 544
305 531
658 265
194 369
111 39
370 445
95 584
480 546
348 260
581 199
241 169
667 422
536 288
348 597
300 357
298 208
605 8
153 393
177 108
277 514
151 74
383 196
141 167
115 336
700 341
533 64
607 7
513 470
491 534
324 475
593 187
8 343
582 183
640 221
416 445
275 470
711 159
709 197
701 301
302 488
484 86
120 417
137 561
258 87
411 355
271 491
482 146
171 284
45 89
188 338
647 68
349 421
462 360
557 6
301 552
59 105
1 33
265 472
662 87
296 126
337 307
387 279
690 417
646 332
407 57
235 420
152 334
392 102
442 258
566 123
573 232
301 137
152 251
379 66
320 536
58 550
474 80
487 527
321 272
136 89
192 33
643 346
647 106
561 467
95 166
52 359
128 326
174 505
614 47
367 399
420 436
52 534
520 230
359 155
554 403
586 89
568 397
562 310
292 406
682 132
282 436
531 258
150 482
88 285
703 344
110 601
29 295
178 499
55 254
329 387
703 139
46 291
343 481
651 119
465 472
464 30
172 185
238 298
469 20
432 416
262 315
47 363
27 544
404 86
647 210
531 353
192 343
362 11
38 327
293 491
444 263
668 13
164 189
295 415
701 558
413 164
65 26
518 277
182 606
555 343
2 402
679 266
154 173
159 95
271 601
356 398
176 464
145 150
509 457
34 499
646 25
403 112
181 185
155 10
52 439
486 352
292 289
88 394
505 18
614 132
10 516
307 56
472 425
174 189
129 325
262 517
665 471
37 38
86 506
558 326
424 577
301 195
668 64
546 412
700 340
360 416
55 297
444 421
664 485
21 170
205 404
181 562
48 407
596 215
387 88
571 331
717 371
29 404
11 204
596 4
43 535
186 48
284 170
69 163
547 109
369 163
84 135
279 360
589 325
248 596
352 67
110 206
281 382
266 402
304 560
125 226
406 343
705 262
8 292
187 432
511 260
289 530
150 213
35 228
597 42
328 423
145 487
354 238
585 556
142 303
574 5
528 587
514 204
583 350
465 168
411 277
437 139
208 161
218 261
280 549
19 437
195 523
280 309
100 501
520 557
547 277
717 608
298 564
498 17
205 573
158 483
392 13
311 55
543 341
454 403
500 25
142 429
510 165
430 299
220 438
31 37
501 197
153 441
238 594
561 413
350 466
628 582
646 103
702 327
641 349
616 483
55 81
185 369
603 176
107 159
572 550
531 224
617 482
258 327
509 47
337 161
332 323
617 565
546 454
482 421
143 243
265 161
417 289
602 412
590 490
174 147
364 358
18 137
637 96
148 538
546 104
115 201
641 208
711 166
120 457
230 410
268 428
467 103
22 532
296 520
137 489
642 165
555 286
56 352
527 571
524 154
28 135
66 399
411 479
189 23
353 493
321 37
657 266
249 49
614 55
283 35
629 272
295 4
351 338
359 289
90 3
199 21
625 165
544 87
217 342
539 574
2 354
347 508
257 483
286 549
266 400
592 444
490 595
7 203
544 122
476 375
301 585
471 475
160 247
681 598
444 467
92 249
168 194
535 27
259 449
94 233
299 303
334 297
111 71
264 593
658 76
704 252
339 318
668 214
417 126
208 440
157 495
694 53
305 182
339 422
525 96
354 287
263 318
471 165
112 538
171 266
590 592
562 565
367 256
33 421
137 424
695 454
207 253
189 303
82 270
678 365
379 174
711 112
595 136
680 506
598 157
559 63
508 542
660 569
574 508
299 147
569 106
329 498
575 147
165 494
674 539
663 204
619 355
329 149
443 100
704 542
327 160
523 448
89 195
267 300
702 87
605 83
191 260
418 69
36 11
531 232
502 169
30 23
174 182
340 108
582 1
154 532
20 224
410 150
179 248
636 85
32 402
717 558
692 440
626 150
328 329
582 225
442 461
280 253
701 550
4 102
661 412
194 150
519 479
515 406
655 508
249 287
716 550
89 118
347 308
160 139
248 107
367 40
706 352
336 474
399 426
582 417
123 246
689 49
483 205
573 598
204 577
605 445
683 537
532 490
619 247
29 451
589 123
21 414
466 68
90 477
678 288
609 592
603 297
699 401
311 165
378 534
273 416
517 133
508 46
549 504
391 48
241 262
428 187
213 575
55 507
583 153
326 86
652 130
264 579
364 602
20 358
492 597
530 433
337 511
586 582
645 252
576 575
302 207
37 363
646 340
562 509
476 273
482 137
563 326
330 239
373 43
551 361
285 380
97 170
119 146
32 208
318 56
610 215
9 567
203 41
427 320
116 536
415 421
146 92
404 378
651 362
290 80
324 602
224 122
500 456
385 432
254 527
463 431
427 554
675 402
452 399
557 245
495 234
322 187
694 174
548 239
234 247
546 10
330 247
176 130
543 274
540 220
612 417
428 392
345 571
151 380
534 123
344 9
563 463
32 164
655 289
132 101
292 447
321 604
627 429
448 370
326 297
208 163
75 605
107 203
99 555
524 544
595 277
628 225
607 383
207 583
427 118
99 417
659 164
206 200
475 424
16 511
593 48
86 189
129 420
440 5
595 285
478 158
189 100
585 459
53 50
317 234
48 314
342 263
259 219
314 247
294 531
138 139
349 266
78 223
178 210
537 243
68 164
259 385
474 457
123 379
598 226
531 432
90 264
182 553
357 245
136 324
489 550
299 573
552 607
349 218
397 567
127 346
594 71
393 33
280 501
251 276
709 449
646 532
399 350
389 376
384 206
343 117
187 549
354 231
440 3
394 603
417 104
65 284
179 1
652 349
390 428
430 396
249 265
417 486
291 161
458 593
329 158
575 148
521 285
291 89
194 120
295 192
361 310
16 315
685 200
102 30
157 248
580 130
80 29
656 405
486 164
105 459
622 340
583 522
46 500
316 68
38 425
235 418
705 258
48 364
302 266
643 368
606 566
137 542
426 390
170 129
353 333
377 537
646 443
702 109
651 39
638 480
268 78
569 63
185 580
29 221
329 398
619 542
406 38
326 384
242 48
538 35
434 592
611 249
246 212
472 255
49 271
179 600
511 557
168 94
63 82
195 328
384 2
716 532
697 589
370 419
518 159
383 257
203 304
46 363
654 167
384 272
151 402
220 479
661 405
232 504
173 433
699 529
639 20
188 3
425 506
48 217
479 31
716 257
142 387
702 530
479 285
201 138
304 206
106 280
685 169
31 455
456 204
402 458
483 104
627 153
187 244
273 84
56 11
269 454
585 53
171 319
607 205
245 202
265 183
693 459
285 265
433 332
467 196
608 16
143 429
580 546
445 170
575 558
123 147
14 450
399 216
60 414
299 163
351 356
184 437
296 297
71 205
522 496
644 243
33 83
597 162
665 365
558 116
692 309
649 516
343 20
445 546
156 207
701 240
179 431
291 234
72 431
173 512
408 528
628 79
210 528
258 449
702 347
142 559
34 168
546 334
637 355
178 503
391 445
450 101
223 195
345 46
22 153
131 292
385 302
609 488
28 326
447 251
253 135
410 341
74 188
90 148
224 469
112 384
602 346
607 275
357 480
376 389
322 421
70 295
282 91
135 515
430 549
290 231
328 379
355 435
448 70
28 282
373 532
637 406
423 571
237 536
11 396
151 4
363 320
286 81
503 423
317 198
531 487
522 54
251 328
541 264
296 476
115 450
306 384
188 503
558 408
465 18
240 181
429 171
528 193
443 586
249 379
700 471
285 161
440 572
74 195
695 437
395 181
288 392
332 264
585 443
151 89
231 114
39 171
648 595
259 447
478 515
494 155
458 52
66 112
14 384
263 40
599 201
329 46
65 398
345 433
301 587
708 442
449 172
354 428
8 165
636 72
520 112
78 182
226 253
652 222
179 593
196 293
338 211
281 70
397 492
5 281
411 203
265 169
378 322
180 271
85 592
708 536
298 54
530 137
548 63
251 450
699 145
702 541
353 399
545 602
519 38
696 344
654 306
122 271
47 206
68 205
520 34
511 117
56 447
156 333
343 240
490 91
106 290
185 212
285 202
717 292
179 566
37 211
336 76
229 290
433 319
700 83
45 222
149 285
592 289
40 357
506 121
260 526
547 564
43 548
489 115
612 54
141 279
436 136
281 366
324 40
199 451
672 589
574 391
229 334
148 143
419 448
157 416
101 78
468 175
144 191
560 217
118 293
558 258
442 70
8 255
712 302
404 383
348 354
555 390
187 508
214 332
386 318
665 278
416 450
47 200
222 521
458 268
270 23
244 462
311 167
498 199
374 563
200 68
588 405
60 95
422 598
517 39
58 27
502 392
258 144
569 239
344 1
34 575
362 177
169 177
386 279
100 435
648 86
556 325
364 277
162 289
651 412
390 10
170 11
663 52
340 346
658 258
8 551
92 436
589 188
26 536
173 532
683 412
182 564
299 275
295 445
201 506
221 592
181 125
28 123
598 494
321 136
479 492
581 558
273 25
404 62
222 518
206 283
37 310
676 298
165 237
82 324
596 5
439 305
469 360
273 276
37 237
645 8
652 321
481 376
40 580
425 549
546 608
12 401
400 86
127 293
535 132
494 270
12 409
213 149
1 315
31 67
291 224
552 211
629 405
34 270
159 79
261 136
416 487
518 115
368 80
571 581
409 434
612 324
577 185
421 384
530 149
272 346
635 389
68 599
594 359
264 342
701 438
594 371
410 76
214 268
442 431
520 545
271 533
568 106
502 466
568 459
296 196
149 219
370 76
288 547
539 363
108 519
624 25
518 133
6 333
55 118
95 521
111 4
574 176
291 277
2 360
233 172
8 99
170 163
133 9
608 427
482 30
399 263
272 286
632 209
110 278
501 561
8 575
435 290
321 44
429 162
713 450
401 179
699 426
684 546
230 163
532 148
258 607
241 17
20 125
389 444
655 534
216 25
314 67
697 50
704 536
694 346
408 178
220 377
451 53
160 236
611 283
403 463
83 520
226 284
163 199
608 462
630 401
675 243
432 312
410 71
268 143
652 4
181 573
484 112
247 212
50 308
126 27
344 130
188 370
269 147
539 58
602 359
516 208
555 219
528 430
690 311
192 188
670 470
168 300
233 330
647 123
55 486
697 556
130 17
681 474
218 290
235 286
34 601
391 361
46 511
417 308
473 471
270 527
625 224
121 197
347 557
527 542
111 404
529 461
232 334
589 152
352 42
509 60
6 82
683 84
413 452
363 5
625 309
136 26
116 555
447 491
377 592
600 72
538 585
241 202
526 26
26 506
557 138
185 62
91 17
47 519
85 3
101 188
549 20
620 582
297 497
291 104
116 59
354 90
428 181
281 162
615 522
408 489
207 147
533 580
217 265
131 172
199 153
612 433
79 215
172 364
560 541
224 252
33 19
116 159
578 384
632 604
433 206
648 6
33 358
614 256
20 525
678 27
259 556
392 143
315 605
421 397
297 138
223 353
557 544
186 603
599 567
579 280
197 567
216 189
451 256
702 443
415 282
441 76
636 511
18 451
201 131
347 224
685 38
263 39
414 521
433 147
484 60
428 464
216 246
144 500
636 304
321 264
319 277
318 78
429 375
287 228
205 528
71 226
488 467
242 374
661 535
436 512
417 438
173 602
250 132
281 291
167 403
597 470
65 266
607 398
320 567
376 175
569 291
104 437
677 155
616 594
681 558
424 26
316 306
477 145
43 102
420 121
112 461
365 434
668 23
661 235
434 286
702 471
146 525
543 106
639 37
461 475
351 351
78 85
411 195
504 246
181 260
629 355
446 265
321 359
100 129
293 156
154 569
507 15
325 484
473 225
260 114
432 340
450 526
612 294
296 185
236 486
301 547
324 586
151 460
156 462
53 409
68 548
298 378
211 314
578 367
225 420
28 163
146 595
126 19
168 253
378 401
612 158
565 142
261 589
499 462
397 2
440 264
239 387
57 26
135 454
586 461
262 448
387 142
7 428
301 380
277 422
274 201
230 178
382 386
577 58
434 17
528 562
495 319
47 251
433 529
309 171
508 572
610 234
446 600
493 455
225 407
236 526
683 250
95 188
93 98
479 353
209 362
339 528
382 453
540 96
145 524
153 293
652 469
225 111
393 582
611 596
108 246
348 413
408 205
642 371
555 119
532 65
527 134
262 347
515 128
651 465
458 277
438 351
340 216
234 494
543 540
394 593
629 163
44 377
676 503
653 556
462 475
622 372
160 275
365 505
428 577
591 318
686 384
141 563
468 86
425 436
407 115
269 463
237 385
145 480
246 598
429 9
429 115
629 592
242 66
167 437
74 397
694 59
649 83
414 105
276 341
149 229
208 291
363 454
453 100
53 199
610 376
2 15
415 553
510 353
488 305
282 20
269 221
391 279
415 159
241 357
418 349
432 358
40 548
466 460
369 118
305 456
24 8
137 568
265 380
124 216
411 63
180 535
455 74
338 291
138 80
569 439
124 196
151 133
581 102
8 403
10 71
494 379
655 7
165 293
401 171
311 74
636 148
628 50
210 162
591 191
265 42
476 378
562 112
84 181
437 592
182 376
714 429
381 389
311 486
605 510
323 185
372 344
201 400
209 28
355 168
552 224
635 223
332 218
620 268
29 424
714 134
310 276
90 500
467 549
498 455
136 246
103 200
519 297
65 454
553 101
96 462
679 455
276 242
374 350
324 505
533 529
101 595
706 490
10 396
678 386
94 253
405 494
449 78
687 30
706 150
18 261
613 452
171 351
588 269
112 369
676 369
488 330
675 54
187 172
481 374
474 392
507 319
559 176
78 302
578 237
471 240
194 481
112 286
381 68
379 131
158 247
674 51
281 518
545 389
475 115
270 39
434 25
497 210
121 290
329 249
700 323
2 298
468 588
422 473
47 12
649 464
275 184
75 132
376 537
438 483
310 197
488 389
282 505
296 249
715 45
290 193
170 605
303 473
157 33
325 78
74 386
122 490
450 469
112 495
232 510
429 581
489 569
269 348
141 596
242 92
7 565
554 496
493 214
272 490
406 366
365 412
408 159
116 9
290 499
374 430
612 509
287 192
29 426
106 90
556 28
124 222
647 241
652 514
190 137
192 35
14 429
96 278
31 556
592 241
667 307
229 117
627 485
375 67
426 220
314 278
348 46
385 16
458 582
188 47
689 404
562 432
132 117
585 372
111 331
684 251
151 431
692 389
214 113
332 262
465 360
536 149
534 561
277 204
338 80
40 495
631 87
634 422
461 217
285 123
99 77
676 167
191 62
677 123
660 68
407 420
595 189
391 442
601 581
388 107
321 231
273 319
40 54
264 415
281 341
496 40
219 212
190 295
344 359
135 559
498 383
195 148
338 550
17 578
511 263
554 608
307 125
381 469
191 172
584 237
712 99
185 323
210 573
637 336
152 300
577 295
238 292
279 554
358 8
385 425
550 605
233 518
442 171
411 556
702 366
386 176
188 70
642 390
318 98
697 479
139 409
58 459
4 332
667 585
352 569
385 390
549 23
609 579
188 60
160 508
11 95
673 589
474 76
52 518
366 547
671 210
430 270
681 370
178 266
88 466
322 23
395 332
47 299
356 101
453 355
463 200
488 567
544 367
373 312
382 3
177 531
80 81
667 593
439 438
552 519
576 538
467 75
78 48
90 379
422 384
233 18
137 526
91 187
639 325
497 68
304 428
422 173
109 562
666 30
161 447
302 318
608 188
560 231
210 361
101 198
212 12
178 351
642 562
685 456
674 32
386 418
185 406
588 154
315 202
188 552
310 325
96 497
630 59
469 562
221 456
394 261
110 271
422 19
619 91
679 425
55 263
173 497
518 463
288 505
306 551
464 337
284 326
717 169
515 439
325 66
148 33
411 142
98 584
682 487
175 167
11 249
245 370
8 528
287 190
98 372
540 236
128 255
364 19
557 34
404 82
600 552
568 602
714 194
420 317
261 571
192 584
40 310
570 513
618 41
364 206
465 45
575 540
331 130
310 420
228 251
348 540
306 123
264 496
651 455
548 486
689 217
703 432
649 449
663 166
38 420
286 319
550 109
580 339
575 158
334 291
91 4
153 392
188 470
612 203
428 329
138 581
361 107
485 209
217 406
127 277
212 427
587 538
611 167
179 25
527 475
617 103
624 223
698 561
329 248
385 559
83 169
137 411
491 587
442 19
481 319
277 358
59 15
47 209
76 438
20 277
120 584
134 348
686 9
349 264
111 18
688 349
551 24
543 62
595 583
525 154
661 58
32 390
150 84
578 533
106 23
294 168
84 250
136 433
349 84
468 206
323 282
702 512
171 112
49 593
520 429
131 504
112 150
472 290
273 6
14 473
102 142
389 55
208 501
530 361
431 210
542 7
454 334
466 172
202 603
579 531
417 364
553 4
396 110
225 384
136 371
208 70
419 25
611 141
113 68
486 485
588 3
598 474
120 63
257 386
579 454
589 191
443 292
506 469
169 212
297 376
167 374
496 399
258 166
503 533
449 191
350 460
621 101
252 76
281 349
496 531
506 106
52 399
17 349
411 513
210 61
495 434
236 292
281 429
408 244
424 210
23 467
479 576
182 27
151 379
359 113
567 25
40 208
581 325
674 430
247 548
195 368
163 374
206 431
626 462
521 403
299 444
215 371
210 215
515 113
127 457
309 518
484 437
5 236
530 503
114 157
603 402
315 388
195 292
27 26
604 339
252 598
18 563
619 348
707 292
517 438
128 160
45 262
156 395
86 474
280 360
457 104
166 143
328 11
541 408
99 504
550 261
236 582
536 434
376 593
18 196
225 376
208 251
458 204
223 594
58 561
77 486
258 212
93 114
590 509
69 158
174 485
411 328
540 569
182 305
141 567
235 3
509 193
380 228
435 408
202 578
89 601
363 530
630 311
596 559
581 341
220 307
55 204
260 150
322 255
440 1
344 379
424 596
490 197
480 502
111 494
247 599
285 310
669 70
425 140
351 313
453 153
435 482
404 577
442 52
28 100
91 415
483 341
10 409
230 588
533 394
462 537
403 300
81 480
629 332
291 597
708 539
71 138
647 470
58 390
693 351
101 264
449 398
645 533
456 47
398 302
247 93
147 208
399 145
279 575
492 227
534 521
116 202
659 242
164 216
453 525
10 367
71 286
510 159
560 382
357 160
443 331
95 336
716 64
654 409
394 51
566 353
349 418
68 525
556 114
242 468
534 550
363 504
204 390
341 136
585 606
51 235
692 95
177 217
383 444
598 122
616 215
550 584
548 408
336 375
447 329
606 188
251 569
333 429
592 483
371 600
201 348
82 490
329 559
441 150
598 296
548 365
30 41
397 245
483 444
589 354
435 215
135 227
697 100
266 485
179 576
330 509
126 501
410 373
440 459
15 47
384 224
347 245
467 31
276 241
674 386
651 19
29 155
278 43
437 513
657 388
196 492
177 67
187 362
51 129
559 549
695 311
548 120
483 518
571 4
210 160
399 503
369 175
193 581
250 339
585 337
505 281
355 532
277 448
86 143
344 460
178 555
15 234
325 566
129 91
428 135
677 136
15 121
45 68
416 486
145 194
288 36
355 528
502 499
585 421
592 160
627 413
15 581
677 57
516 587
269 387
225 41
194 146
283 268
492 44
198 144
280 380
218 32
388 395
37 478
250 251
465 577
626 40
173 570
644 70
456 13
244 125
254 373
217 564
15 110
568 105
333 546
622 104
657 32
624 520
376 373
134 414
430 182
318 487
622 424
120 164
193 345
25 228
398 227
148 300
648 180
344 147
101 225
98 337
278 347
325 7
26 268
585 452
199 239
644 21
180 118
499 107
174 441
351 54
259 377
319 145
61 62
249 27
675 462
604 332
13 191
340 208
189 318
564 584
363 290
629 255
640 7
22 123
702 357
567 604
451 233
293 285
677 19
58 318
340 62
572 504
180 258
372 170
700 309
597 378
215 480
681 309
565 65
1 409
691 543
700 75
331 343
649 414
119 530
622 513
535 188
147 532
188 253
330 605
82 180
367 565
491 361
687 574
298 402
204 478
472 166
298 431
576 326
558 402
395 240
83 345
477 180
231 548
79 407
367 220
672 431
23 209
317 246
372 513
405 409
90 595
218 556
667 38
28 411
337 74
484 462
541 58
229 566
115 547
464 605
297 229
710 467
172 520
190 121
226 6
588 483
630 96
444 605
499 276
280 470
645 93
225 357
222 406
127 341
641 410
425 330
441 184
586 389
500 486
505 144
425 256
230 352
482 303
493 507
237 269
71 153
215 311
626 449
122 111
170 347
40 168
6 105
654 31
458 367
568 381
307 202
456 349
192 580
454 320
41 258
186 368
174 278
633 554
232 392
134 462
675 86
506 429
180 165
605 443
383 311
102 360
492 335
649 527
242 125
112 108
607 497
702 306
100 494
370 92
530 56
571 245
376 335
251 403
612 254
586 431
485 181
265 571
110 491
49 205
328 436
13 484
214 271
314 454
478 532
583 268
421 363
689 86
144 169
9 419
541 66
267 27
239 144
28 16
48 11
538 280
439 490
105 99
481 327
608 594
190 441
651 595
329 182
701 543
92 472
330 240
635 312
668 519
496 58
264 370
317 163
304 508
586 552
479 535
269 249
305 59
449 247
370 162
418 529
193 282
262 605
479 481
370 560
117 301
476 48
88 86
183 484
508 119
86 296
476 539
111 298
280 147
250 542
496 114
681 571
338 195
447 78
331 124
324 580
354 17
275 153
47 55
280 210
356 602
496 455
366 299
578 458
613 265
212 5
123 62
624 465
367 111
581 25
712 548
187 125
18 570
393 412
704 549
445 446
188 219
219 131
531 498
164 263
583 112
375 238
614 548
110 415
41 438
290 375
70 247
716 22
429 1
603 214
322 377
160 190
64 3
287 579
220 495
488 134
38 265
232 71
514 566
680 522
88 465
377 520
386 600
712 398
119 115
157 238
573 52
211 227
64 392
337 383
165 567
400 60
138 541
153 284
392 437
195 48
240 60
366 476
115 96
664 294
105 504
212 128
428 525
168 402
512 79
647 50
81 429
179 158
485 276
377 469
481 53
528 237
687 179
319 141
94 29
635 224
613 334
294 549
458 132
570 114
360 80
565 186
184 502
623 49
161 44
150 30
363 11
48 1
622 137
699 225
641 103
569 20
360 522
648 63
393 125
581 64
36 514
473 145
436 24
297 395
285 329
166 302
168 336
41 567
195 312
27 10
698 66
209 261
600 299
33 251
60 299
109 571
2 235
619 219
180 96
19 26
206 237
251 370
317 103
424 128
201 226
357 483
525 412
149 304
610 498
62 181
57 25
519 424
333 406
195 339
118 469
561 391
514 307
507 465
419 144
402 271
384 576
240 361
521 34
525 103
339 374
45 52
381 56
222 520
616 595
411 162
678 327
456 8
455 192
57 266
197 433
441 406
186 2
430 498
184 485
139 250
601 285
67 391
123 475
452 402
153 251
652 230
131 204
138 175
390 73
28 94
375 579
319 255
218 492
654 166
714 357
53 109
298 70
709 337
313 174
9 92
16 14
644 394
185 589
541 539
400 421
475 270
185 448
414 351
253 164
710 331
215 31
175 105
45 93
402 314
566 355
341 562
107 551
326 13
49 375
702 332
264 6
567 330
566 413
256 475
576 171
235 503
456 557
97 92
599 557
701 502
221 259
664 467
468 467
331 9
717 130
221 122
389 124
189 266
463 384
379 545
657 274
460 454
178 260
341 221
675 294
523 111
273 320
418 105
696 561
316 528
10 477
583 20
655 280
47 550
51 217
18 294
364 149
96 178
429 121
316 49
331 276
114 20
152 536
109 416
560 338
97 173
317 448
13 364
64 372
703 413
318 83
244 554
112 251
297 184
14 336
522 364
357 511
288 328
74 246
638 338
465 362
575 216
463 501
115 303
653 26
2 580
274 152
30 357
217 387
602 315
122 339
187 274
175 245
638 186
145 144
168 171
576 312
319 345
587 453
560 426
504 126
306 514
199 521
69 331
526 297
572 475
644 34
387 217
79 154
662 445
394 436
244 326
358 573
98 75
288 238
360 213
128 594
466 551
712 595
389 441
616 321
114 314
217 203
596 579
229 62
572 503
80 516
559 391
240 438
199 550
174 433
326 349
394 496
248 297
202 409
531 409
325 588
366 411
137 182
330 485
370 607
23 88
306 597
714 160
390 501
401 371
71 202
10 211
153 408
398 193
609 438
65 257
349 11
139 188
263 574
28 169
696 216
515 452
46 594
291 344
172 147
213 94
69 587
464 218
483 258
498 458
400 271
334 510
194 580
265 496
350 133
47 350
291 168
656 502
397 238
344 172
69 469
401 284
635 463
492 318
217 522
64 479
257 371
407 431
295 234
710 127
433 325
345 13
186 519
686 395
194 503
652 183
204 387
563 387
698 581
291 378
683 379
614 523
208 14
599 308
306 512
308 283
282 131
654 84
28 129
709 476
223 255
463 577
411 298
560 105
517 259
203 185
541 522
110 108
664 306
597 485
310 75
114 466
576 172
367 81
8 425
182 226
458 25
716 238
619 293
172 196
8 234
167 449
594 551
246 349
357 364
538 536
141 187
473 571
162 145
147 146
450 547
417 295
88 35
371 601
188 478
109 125
665 375
318 410
559 499
175 113
141 418
25 279
482 532
331 175
226 346
20 376
544 281
240 112
353 499
453 285
153 283
541 51
571 40
639 572
651 406
154 188
187 13
709 269
457 242
412 519
492 172
222 556
193 340
631 400
634 269
616 187
146 213
192 395
598 418
619 448
399 203
391 478
634 412
436 454
477 360
282 232
352 474
424 197
606 314
564 518
532 574
713 36
593 365
307 27
441 475
263 264
627 337
411 167
445 436
15 499
522 464
456 5
384 191
201 177
99 115
467 497
195 473
532 180
159 577
468 31
528 454
655 268
59 340
618 302
491 31
230 405
44 513
225 514
89 27
624 365
529 593
544 254
191 492
78 178
627 208
558 375
523 334
91 28
322 397
474 171
576 258
264 465
448 7
53 423
80 383
717 58
383 201
519 469
346 550
562 191
682 599
575 343
56 471
114 171
147 393
544 352
640 85
522 339
527 589
438 111
54 302
56 123
436 596
92 270
60 36
338 242
231 395
634 591
486 280
675 223
661 182
208 112
440 294
358 340
428 123
361 452
149 120
644 525
537 426
264 605
714 167
155 493
421 31
582 363
204 389
321 49
685 175
478 423
655 468
233 594
154 452
603 95
315 67
355 332
532 599
488 206
611 502
649 528
69 93
275 150
6 320
357 573
490 466
356 11
130 589
537 349
460 159
92 184
420 70
77 337
503 577
647 16
650 237
320 408
507 356
699 545
678 254
537 443
115 397
590 564
584 532
514 568
7 505
416 500
350 408
242 593
671 111
56 410
98 534
200 585
432 594
78 369
253 118
686 40
439 70
572 499
227 102
178 313
227 18
590 24
575 293
29 474
538 236
400 451
637 35
168 463
367 191
310 37
225 10
218 394
162 199
276 383
595 60
8 373
160 203
408 292
353 301
42 177
607 287
208 368
99 21
671 430
592 528
436 185
152 248
717 501
469 309
21 380
615 198
146 472
268 115
359 455
92 601
94 156
50 454
106 604
172 417
91 34
70 133
112 452
12 596
91 259
126 314
151 522
461 74
710 352
249 252
204 539
473 583
547 378
333 55
711 350
317 33
409 200
38 594
692 148
692 80
128 137
525 368
644 557
83 408
148 57
406 354
303 523
342 180
453 579
16 196
557 474
167 560
494 24
198 256
554 45
545 145
488 452
71 601
245 537
389 424
701 255
97 400
629 212
334 14
124 278
558 77
426 119
475 590
703 21
395 44
534 361
698 171
490 301
310 221
426 310
449 3
57 291
260 158
344 10
576 104
493 134
27 559
260 136
105 60
706 43
491 42
399 97
438 588
85 234
171 145
331 476
602 343
483 169
12 3
700 444
376 523
252 237
480 466
530 305
536 103
504 78
19 328
431 221
233 504
363 240
245 513
101 314
618 502
432 79
613 289
513 224
575 171
667 434
254 321
686 594
150 37
628 506
708 286
317 9
298 238
619 569
59 468
85 364
425 544
262 233
666 239
510 472
646 338
328 411
648 547
344 170
554 434
19 583
65 370
394 565
159 213
135 580
615 385
60 301
329 151
433 407
111 139
423 501
429 70
170 89
628 395
292 424
481 136
704 141
494 79
16 122
114 136
261 139
47 513
571 12
171 396
287 382
356 457
671 437
157 234
125 140
649 372
689 398
263 87
462 454
20 12
22 266
519 605
391 572
367 470
147 272
368 261
214 239
353 41
168 449
162 581
29 500
117 557
140 594
455 63
291 569
699 352
499 177
301 382
126 25
103 440
441 562
146 158
252 384
493 310
236 289
670 118
549 211
564 511
685 280
241 247
83 382
237 160
140 314
221 543
163 186
56 49
90 337
422 256
706 117
351 322
114 293
438 330
533 122
437 124
17 424
215 230
569 121
461 485
497 515
450 492
688 210
70 16
441 213
398 556
397 466
232 207
119 178
236 311
417 378
181 402
47 502
138 277
369 24
76 457
648 367
360 48
383 242
562 249
42 436
337 25
199 604
108 233
42 260
426 439
50 432
509 307
266 283
491 185
630 18
462 590
107 591
347 530
438 74
397 243
587 525
400 485
590 452
134 337
175 193
106 353
561 270
494 542
492 14
151 110
163 105
506 250
4 211
102 213
429 525
18 203
384 467
551 74
299 396
577 454
116 394
352 329
4 416
553 6
361 418
346 572
213 416
674 349
352 142
678 531
290 391
124 305
13 603
141 600
632 375
378 176
653 34
525 577
488 192
601 15
207 162
496 193
180 352
222 106
554 26
616 381
608 317
66 557
411 386
47 170
405 157
204 95
75 122
4 505
150 435
497 201
84 353
333 29
695 476
142 458
453 235
186 175
481 553
549 35
412 24
412 268
323 243
39 208
513 484
600 503
182 589
708 77
415 391
682 555
123 132
302 596
159 525
618 267
481 62
381 319
535 408
159 108
328 119
527 119
37 392
372 293
231 60
77 198
325 369
193 492
559 38
586 316
275 63
113 19
165 339
362 334
610 85
614 563
248 99
542 50
642 517
134 606
203 436
226 237
413 456
669 398
403 375
657 450
290 398
496 476
170 297
645 576
386 153
248 16
454 24
647 193
155 197
409 235
621 608
234 554
261 583
137 431
648 299
226 403
451 75
226 365
426 144
148 132
508 339
511 267
219 356
36 128
534 559
594 21
641 416
58 60
175 328
123 144
635 420
274 302
221 3
42 321
18 536
433 162
469 347
279 331
29 67
236 290
536 494
490 326
118 428
508 280
642 39
107 567
209 63
367 363
670 465
652 232
112 131
483 184
476 364
275 60
226 479
644 66
261 595
428 552
375 188
313 440
627 127
615 254
643 455
552 233
323 594
306 136
487 421
520 200
495 5
508 19
612 397
434 401
417 543
602 542
291 85
550 591
218 497
682 149
164 76
363 59
84 165
220 173
498 407
549 417
553 412
522 198
606 494
505 493
327 465
59 231
35 116
256 71
448 149
437 258
337 534
301 200
271 230
88 531
426 167
49 563
240 200
204 183
205 259
638 147
320 259
217 273
559 249
289 573
170 287
259 372
13 98
411 517
596 506
595 267
54 274
516 583
514 496
458 483
202 333
707 252
202 29
404 322
340 203
563 184
38 414
704 304
349 256
83 557
218 31
712 115
502 242
556 215
700 588
10 217
14 404
12 593
544 241
637 378
96 429
522 351
428 146
673 397
154 275
213 441
232 276
105 473
529 52
355 133
412 397
47 605
156 20
159 471
154 109
266 525
700 330
101 324
506 180
344 188
191 361
594 146
193 332
590 220
280 67
486 67
688 593
296 419
625 246
151 385
457 442
18 353
208 380
587 139
478 63
506 124
618 287
48 567
276 6
75 387
564 590
65 602
160 600
281 141
127 106
658 466
665 177
466 257
685 508
610 305
696 571
493 453
280 465
648 109
601 431
477 533
521 119
177 598
530 276
457 209
438 125
298 457
263 101
530 115
42 596
67 521
289 513
402 10
354 271
283 332
401 252
226 193
185 554
604 256
626 269
347 13
652 573
580 487
198 28
291 581
392 331
384 329
661 247
163 156
534 20
670 214
26 444
681 274
92 486
75 593
350 475
538 115
134 261
147 235
299 89
506 15
682 26
137 5
13 240
288 273
659 432
597 22
640 550
599 502
15 555
678 247
689 448
258 231
327 321
133 313
65 131
661 485
132 576
105 189
137 228
111 302
151 503
254 86
117 446
337 588
98 567
212 518
64 16
487 140
40 382
696 249
386 300
86 549
128 454
705 211
257 428
328 348
316 357
57 593
481 161
326 408
30 193
136 266
385 61
423 308
620 63
453 77
694 37
586 135
204 66
349 34
702 602
220 605
592 285
687 505
347 476
200 71
496 142
394 355
247 3
287 230
432 433
596 256
62 326
463 570
160 417
237 365
531 318
32 82
278 262
533 231
324 365
395 135
86 322
455 277
216 306
258 155
427 479
665 102
658 97
660 209
260 69
266 454
144 4
591 8
286 45
612 169
467 32
198 286
12 64
689 54
43 455
236 307
710 439
320 292
109 251
289 349
236 111
224 256
654 106
398 571
549 233
12 221
370 182
44 393
465 438
319 247
480 128
156 571
522 76
188 96
661 384
498 105
34 266
157 236
712 388
268 601
60 170
209 481
427 24
13 481
559 351
645 300
579 446
247 68
591 458
508 122
170 497
675 580
355 214
610 269
462 107
678 74
92 409
178 248
43 578
344 252
466 357
206 453
706 206
625 374
631 153
47 172
362 404
647 335
323 338
403 368
72 295
322 589
51 16
467 89
201 159
556 433
531 11
298 338
525 411
708 254
549 353
166 348
602 284
226 607
257 1
713 204
246 228
135 492
268 411
673 259
482 418
292 457
191 14
257 101
710 209
440 602
398 477
592 345
223 47
388 181
183 396
125 371
468 103
180 608
118 318
193 303
361 463
658 17
473 534
509 408
136 570
353 482
560 493
300 585
224 112
229 8
487 419
589 279
387 38
142 569
543 200
454 171
73 596
139 539
106 11
131 72
200 249
271 403
80 411
92 165
224 282
340 523
305 151
444 608
36 604
644 141
694 574
686 82
209 178
304 592
394 39
166 204
696 142
329 603
268 299
705 390
131 269
40 225
627 197
563 55
516 604
170 329
125 389
283 303
46 187
603 555
221 164
49 33
113 406
216 88
301 113
90 50
226 199
221 474
513 67
17 336
123 212
158 538
318 580
240 578
41 378
326 336
707 171
230 65
670 570
648 276
303 100
480 543
317 255
431 497
390 456
146 15
586 528
225 235
576 607
698 71
706 315
239 54
701 542
453 194
51 76
171 97
56 253
585 501
291 261
255 270
242 385
661 264
300 581
66 605
306 186
290 262
127 399
667 335
238 393
369 101
15 185
191 58
539 67
424 586
105 56
510 103
463 380
605 383
484 43
328 389
664 219
451 14
673 69
392 197
372 76
461 213
132 521
24 458
510 599
547 335
341 590
489 245
645 235
340 454
604 444
77 264
523 157
695 229
324 103
211 383
46 143
193 171
287 33
426 204
9 43
610 11
687 489
634 352
256 168
614 250
361 367
280 198
415 79
201 493
486 211
572 96
43 353
415 338
436 221
181 147
119 383
252 453
475 425
1 28
348 259
305 134
255 48
711 3
120 260
508 185
97 344
171 34
563 494
516 272
547 384
654 519
140 427
178 418
190 548
38 556
306 541
82 165
302 588
76 116
699 3
578 461
247 193
251 201
467 362
83 561
555 553
374 262
150 118
9 357
210 337
214 276
396 318
497 486
277 473
44 167
407 337
342 130
368 448
637 475
403 353
470 567
471 147
312 414
372 15
383 263
601 546
278 23
560 330
103 181
571 305
696 251
661 460
322 110
148 489
621 297
249 331
118 251
635 52
709 393
148 266
373 513
209 240
661 257
369 78
384 486
32 9
646 432
96 113
599 418
126 194
386 424
273 488
648 388
12 310
120 429
670 109
41 461
26 419
325 125
8 118
382 594
173 582
351 459
55 398
395 356
613 517
101 519
106 452
193 245
295 584
138 604
440 228
355 562
242 208
166 506
716 429
362 181
154 554
67 444
606 205
685 397
254 421
111 506
427 563
333 436
3 344
563 10
333 163
301 117
257 384
138 188
488 179
334 514
572 385
11 150
474 240
614 326
371 74
274 11
507 320
368 315
15 534
480 153
532 31
515 470
500 473
279 119
264 313
16 345
535 15
3 319
518 261
620 302
381 424
512 370
476 536
352 450
261 552
367 101
549 244
467 236
187 595
126 235
292 12
410 443
607 422
525 432
600 491
503 73
697 373
291 585
363 313
356 452
673 505
193 53
562 580
509 440
48 136
136 432
124 395
37 238
380 526
695 267
700 450
684 335
290 85
291 195
353 583
432 330
254 161
23 544
222 7
195 65
522 420
459 100
109 53
373 581
513 116
433 215
392 4
343 480
646 538
609 583
61 200
241 356
558 321
114 560
505 114
716 466
617 578
477 607
43 528
376 124
492 60
507 499
169 458
450 31
608 586
47 79
709 97
670 396
92 186
116 238
704 85
270 488
563 315
196 83
448 247
441 17
707 22
664 453
600 269
101 102
230 604
521 156
230 482
525 292
45 100
327 590
615 219
541 224
310 265
683 136
194 232
623 598
613 199
215 379
17 584
120 460
303 7
262 596
669 474
439 358
294 369
154 507
94 101
193 591
696 1
387 214
67 218
487 312
145 389
414 13
290 212
419 61
558 241
409 38
636 371
97 408
640 515
303 239
517 15
378 457
666 453
205 263
637 36
680 73
292 183
419 288
459 34
188 174
426 148
325 460
211 425
616 437
577 65
426 479
404 437
480 431
162 587
622 216
492 238
688 293
86 468
53 421
309 379
397 48
333 439
293 298
461 184
438 161
706 278
482 7
697 346
281 469
261 340
340 433
104 273
481 30
110 74
615 114
715 432
98 68
32 393
392 6
558 72
139 89
18 558
55 72
270 436
45 67
135 186
587 160
574 413
248 517
341 328
264 381
698 411
275 302
685 467
657 255
217 565
2 531
244 35
198 320
316 247
699 515
97 517
122 56
34 461
25 497
482 32
439 567
630 290
624 265
554 607
330 38
103 306
623 541
602 491
536 392
284 56
402 225
134 41
616 570
112 577
703 27
484 129
425 335
462 326
525 585
349 396
140 213
206 346
655 328
452 259
271 486
629 309
549 53
371 290
699 550
579 349
630 62
559 105
145 67
447 458
572 529
567 470
671 351
681 570
280 371
25 125
181 410
395 349
129 156
131 273
117 432
380 188
392 234
491 367
501 369
623 68
431 588
290 181
243 516
474 212
607 502
645 177
9 99
140 407
82 580
412 602
231 65
252 23
154 493
537 288
632 286
643 448
23 536
22 382
494 164
381 397
517 14
554 471
103 75
535 16
563 269
241 577
427 251
532 589
181 211
367 393
606 53
634 569
280 600
457 198
169 106
522 29
329 145
40 583
334 544
344 306
607 222
286 150
631 116
466 482
81 200
533 166
682 569
383 371
194 351
648 139
450 152
447 286
68 421
235 588
649 497
242 306
508 194
540 348
187 156
627 351
93 241
170 229
464 226
240 595
417 395
389 194
620 537
150 146
659 191
44 472
433 72
393 284
81 113
400 575
702 10
31 141
163 470
330 500
85 585
264 133
92 373
655 182
591 332
709 509
561 502
273 561
51 525
124 242
708 522
660 433
200 452
361 597
491 160
194 563
497 473
676 428
184 310
224 127
32 410
702 209
301 210
427 377
572 416
579 451
393 344
654 251
652 481
388 460
371 471
268 254
12 344
203 587
325 592
239 3
661 187
470 304
152 199
466 505
343 320
179 355
64 572
416 602
567 402
703 500
267 242
137 279
638 438
558 238
149 327
368 333
680 292
298 501
111 13
545 301
591 537
172 293
499 578
389 204
70 534
217 366
223 308
187 335
19 150
311 550
175 577
159 591
114 272
327 407
30 148
467 584
715 223
290 496
648 304
478 424
376 149
100 128
630 448
656 598
17 111
499 394
221 101
283 360
597 537
667 433
669 224
145 314
530 111
440 413
529 548
250 490
262 153
712 456
370 265
505 385
111 598
593 477
561 572
205 552
217 532
486 49
406 209
285 408
445 584
226 499
403 158
38 103
126 178
359 52
379 62
458 500
576 416
195 575
291 543
217 523
699 192
659 373
169 368
405 542
223 114
337 591
128 544
395 203
181 540
393 343
99 344
420 254
166 482
1 202
506 69
343 358
327 285
31 376
663 342
533 282
669 323
207 97
283 260
542 107
54 602
464 62
287 478
614 318
450 294
175 416
387 60
43 285
642 391
60 552
285 198
63 244
680 127
161 571
317 435
447 579
632 391
609 94
341 194
153 174
105 494
687 333
523 61
512 49
547 21
699 552
463 490
40 306
279 21
245 390
509 503
13 105
382 604
33 267
15 192
332 456
252 156
703 395
685 568
590 499
8 308
488 99
584 239
620 493
359 579
341 398
629 312
679 276
668 81
396 332
114 53
26 395
677 601
317 467
108 168
388 551
75 165
194 349
137 486
256 274
690 315
203 348
453 456
271 164
545 515
664 6
410 398
298 410
509 479
281 200
373 392
105 139
581 582
286 125
641 58
623 423
348 284
571 142
636 190
239 107
123 557
635 347
674 459
164 370
554 302
679 517
550 486
389 499
302 403
64 553
257 577
409 305
460 417
15 65
480 604
374 528
41 583
177 138
684 161
711 592
696 274
81 226
517 340
195 396
693 157
526 167
488 593
156 269
560 30
623 316
455 533
101 602
498 550
555 186
668 145
376 460
163 370
661 587
300 26
490 601
150 581
693 68
178 510
100 453
661 311
286 468
621 343
611 136
297 351
547 20
199 548
161 365
170 454
321 200
395 76
327 108
270 361
473 569
462 413
685 10
59 134
436 83
110 51
610 417
192 425
111 296
682 62
547 540
417 284
551 561
235 278
610 603
35 321
71 239
573 297
145 333
452 420
672 174
168 174
712 491
91 419
605 43
152 374
595 105
295 59
160 11
642 417
546 5
431 9
227 175
179 400
533 306
272 108
238 27
326 361
421 501
623 256
665 574
181 202
530 579
286 483
529 77
92 592
198 158
662 117
63 143
156 182
265 219
598 510
546 326
81 207
100 394
194 394
462 457
265 159
79 231
474 398
383 551
69 239
160 498
393 308
266 479
414 99
420 451
455 596
161 33
715 303
679 259
45 268
43 148
129 459
343 531
424 242
231 552
666 422
640 299
105 340
144 1
147 465
414 312
51 14
360 474
570 601
128 202
96 452
564 442
49 468
266 592
270 505
414 182
380 98
139 447
210 431
278 324
145 46
189 507
598 591
458 47
90 431
587 236
550 308
536 97
414 510
439 14
253 124
138 255
8 132
242 186
8 122
582 28
704 159
189 606
225 484
291 12
631 143
183 507
149 353
677 68
230 383
601 392
482 258
363 37
82 515
530 150
588 317
526 409
487 195
493 463
620 418
65 254
195 290
4 530
414 60
267 360
470 448
9 282
405 167
501 49
10 173
340 233
691 202
267 218
607 212
643 193
125 350
666 519
588 496
109 191
101 210
184 529
131 436
118 590
1 534
625 222
349 517
419 162
627 329
336 441
563 294
313 188
623 20
689 517
588 315
465 557
148 154
172 283
421 57
210 381
137 284
408 347
465 255
690 419
352 529
248 283
653 490
277 515
657 582
431 437
130 126
61 606
297 309
239 485
493 122
215 160
62 189
88 565
253 505
583 389
367 528
717 100
555 386
42 582
38 159
424 266
310 372
100 385
300 562
470 208
410 460
170 369
323 204
387 92
356 245
42 355
238 221
697 329
19 477
575 7
258 580
126 563
387 511
426 542
235 112
506 475
638 75
3 229
582 79
129 579
645 466
509 212
39 239
161 490
305 606
132 81
317 10
19 448
10 533
572 299
715 248
495 264
431 207
651 178
44 320
256 319
405 430
194 6
246 191
572 127
714 475
41 187
273 519
258 53
616 369
282 174
50 448
706 40
390 502
557 381
571 288
161 60
543 530
9 568
395 333
16 405
79 583
421 322
342 234
262 556
637 43
302 374
50 178
467 452
538 345
315 489
630 605
236 325
106 35
612 565
656 466
482 266
81 426
74 192
170 243
656 344
308 98
408 389
204 479
242 446
205 148
249 489
389 366
152 324
672 128
302 306
452 138
1 450
332 5
464 171
403 426
535 471
333 143
69 7
236 577
634 387
28 204
456 141
208 97
289 467
180 397
72 207
4 407
373 451
386 435
348 32
51 183
536 297
147 159
597 516
414 401
206 86
436 442
683 248
516 179
232 470
649 492
395 300
689 325
716 196
624 331
254 508
88 514
16 424
296 545
115 496
708 141
150 521
670 70
35 429
111 343
550 224
694 467
447 387
716 93
467 204
600 288
89 544
381 421
340 193
482 186
653 424
95 33
64 236
318 335
311 106
685 589
20 383
372 135
159 606
26 317
251 457
659 148
364 608
383 452
685 90
482 120
557 592
569 98
390 466
8 21
53 342
463 414
235 269
364 308
288 543
189 101
220 603
279 555
687 211
37 567
495 128
698 27
109 593
485 56
470 561
42 474
102 31
473 317
319 168
509 495
32 154
125 32
67 450
458 210
396 432
99 408
81 321
507 516
355 548
422 84
564 333
277 254
281 530
75 391
123 505
330 200
216 458
32 143
493 446
480 255
191 205
83 426
248 247
313 422
80 213
320 599
477 449
458 298
134 48
9 585
49 194
281 262
304 466
418 102
604 352
206 97
18 443
634 284
389 314
602 181
306 73
2 238
388 506
316 151
372 50
86 50
626 165
611 74
144 438
488 478
563 28
324 578
303 177
461 440
111 469
714 432
662 74
541 396
117 289
197 418
612 367
184 103
218 230
398 197
184 373
332 255
488 270
699 572
349 371
517 178
245 557
488 373
696 266
505 78
25 172
553 391
85 388
186 7
314 472
525 386
694 538
250 212
517 231
586 409
617 190
347 8
595 111
427 282
691 600
282 501
696 339
162 294
403 279
383 137
635 460
301 373
85 302
291 451
221 5
286 476
656 128
130 538
102 406
562 541
362 298
140 164
488 458
618 457
445 383
457 21
404 434
527 530
607 46
695 264
590 470
328 313
259 501
90 273
115 15
138 525
93 379
375 290
226 144
22 295
140 445
392 539
351 431
220 394
304 358
520 516
244 44
281 73
328 297
189 129
280 291
292 519
340 519
563 352
225 411
345 375
76 508
673 60
362 495
664 159
6 144
218 582
463 175
129 40
642 286
222 30
396 36
460 171
377 58
672 215
237 446
530 240
483 579
141 173
396 533
641 546
433 412
399 349
629 61
377 450
545 541
358 268
476 480
575 548
549 42
707 393
662 586
228 459
336 32
444 23
616 267
672 342
337 561
358 399
322 476
26 138
646 167
55 391
530 181
450 340
213 352
206 36
154 401
140 56
331 17
475 314
421 578
252 3
570 524
608 275
688 247
188 371
361 265
259 207
476 177
79 115
156 546
579 350
221 16
218 63
363 147
527 499
80 340
351 214
430 375
18 30
359 274
480 207
652 518
184 455
520 191
176 366
566 145
460 569
656 481
283 47
102 42
493 279
287 148
99 593
446 433
49 503
61 14
142 213
552 222
225 99
341 512
191 525
633 327
420 577
348 377
686 517
601 415
440 191
19 42
660 562
25 433
574 173
513 380
23 24
90 66
598 147
308 384
141 302
312 156
677 138
105 151
490 208
590 340
324 241
5 138
615 305
606 223
235 176
551 89
618 22
399 413
43 296
479 16
528 131
335 586
57 190
169 86
8 591
340 130
91 445
176 185
142 531
242 84
395 406
668 407
506 109
632 484
601 608
225 385
638 595
501 226
37 9
71 478
382 88
461 337
81 117
547 311
63 327
699 294
482 309
101 230
653 463
300 88
569 576
203 369
697 328
165 527
579 131
318 446
40 273
493 144
180 71
460 208
633 581
367 203
391 318
42 477
305 426
656 87
436 42
143 336
463 119
162 2
676 73
91 150
56 600
688 540
345 43
56 80
597 540
501 213
104 100
147 384
396 202
80 374
435 342
3 366
573 346
142 388
511 305
591 532
90 384
108 29
402 155
107 335
45 178
541 158
16 573
123 420
429 536
445 288
481 430
524 195
424 598
164 423
466 438
18 7
188 170
152 212
79 442
696 525
183 479
21 315
609 104
276 377
238 239
83 493
651 347
150 479
85 539
467 211
82 319
412 147
403 288
55 226
43 173
621 167
693 304
539 342
337 125
363 82
317 273
115 48
525 34
66 577
60 251
37 499
364 424
28 221
162 114
173 8
182 441
112 358
120 384
374 269
484 439
17 422
296 12
291 503
615 527
42 197
236 277
495 209
414 32
285 105
687 504
662 23
622 523
303 20
495 142
349 91
155 336
548 492
621 566
608 1
272 460
135 199
212 161
466 292
385 291
502 478
224 454
92 176
555 472
570 70
70 263
12 142
323 271
303 449
411 582
270 377
443 39
218 412
131 390
215 38
521 296
384 142
382 367
539 338
307 520
42 14
627 295
523 35
712 457
158 446
113 100
662 415
111 49
511 214
375 482
645 20
522 543
220 214
368 426
336 579
292 371
304 127
379 306
14 279
80 125
406 591
498 608
536 45
553 501
156 388
527 170
577 334
253 173
395 468
406 144
163 311
107 121
28 131
613 225
654 435
595 283
638 390
358 296
212 480
642 254
615 544
93 428
7 223
707 159
95 295
179 589
354 469
651 306
672 404
713 447
265 181
678 5
61 205
532 318
417 521
132 431
82 229
536 454
131 529
201 396
167 175
288 310
676 392
556 117
517 416
557 239
619 573
640 499
439 514
353 273
574 265
567 53
435 65
664 374
665 126
264 143
606 273
106 21
357 203
220 133
275 109
696 414
172 90
622 348
297 546
446 558
253 598
604 450
663 351
520 143
307 170
242 57
163 121
130 221
295 517
706 154
209 396
154 78
69 134
361 341
455 503
527 148
231 113
349 545
230 400
531 182
188 294
632 379
530 420
237 608
186 393
288 284
276 476
459 514
453 594
21 197
13 147
187 138
2 409
386 244
676 15
189 175
187 480
454 555
671 466
274 183
374 466
513 53
433 204
535 530
270 492
283 226
566 351
682 19
371 191
222 332
105 187
293 385
400 495
341 383
86 440
706 548
483 364
208 130
584 535
434 274
66 511
695 298
436 26
375 124
270 258
686 249
632 21
633 342
299 142
146 489
93 422
198 498
224 575
359 445
451 516
40 360
678 415
603 545
617 346
200 411
19 493
161 380
463 300
151 247
463 224
416 187
617 537
607 499
120 118
351 301
226 15
404 325
361 225
268 114
455 508
626 166
134 324
62 20
700 251
619 468
585 275
716 465
421 529
114 521
427 56
296 102
640 489
275 16
513 195
256 209
475 550
526 153
224 248
500 405
165 157
632 136
373 213
151 273
465 152
474 540
598 478
163 260
650 553
202 100
635 148
398 113
578 451
454 553
636 332
363 453
190 202
592 439
265 97
643 130
464 402
239 57
50 399
356 537
410 379
454 32
630 532
247 224
223 155
496 219
664 247
412 168
278 474
717 578
281 115
627 563
242 103
521 490
428 101
431 405
339 102
421 434
577 287
684 353
101 141
348 423
663 592
554 9
692 103
200 479
64 461
249 368
233 493
187 32
436 270
206 53
240 366
81 310
211 148
651 439
333 459
241 476
532 301
59 527
710 191
334 256
323 583
650 211
295 301
346 375
568 320
607 292
125 472
650 98
350 604
706 416
245 79
85 212
428 194
131 20
535 274
616 178
101 11
662 346
339 312
202 55
90 292
598 480
311 397
186 557
194 117
372 104
47 148
387 269
458 147
232 492
433 431
34 306
540 154
174 126
636 485
590 385
705 334
147 177
109 57
666 142
172 48
589 174
59 52
352 16
215 200
529 555
434 578
152 304
647 289
431 259
254 331
124 271
92 155
285 31
665 97
155 41
182 566
186 157
117 105
128 373
508 514
408 215
130 484
259 535
399 434
132 554
100 271
491 276
468 302
303 588
655 592
67 360
628 5
170 499
133 283
211 70
225 61
318 380
156 574
515 280
72 15
157 328
559 326
429 532
650 339
651 159
490 523
190 39
444 56
38 338
229 206
327 217
172 577
323 3
431 82
432 48
523 576
292 129
197 200
466 301
643 434
490 606
698 509
547 95
14 401
529 17
714 550
144 344
108 369
521 192
393 184
478 53
30 543
309 545
666 334
190 347
482 387
707 229
637 423
61 603
589 507
234 354
302 553
94 124
147 341
244 247
272 324
366 566
255 320
103 477
693 409
561 547
392 579
433 314
278 234
279 571
567 570
224 398
74 566
242 403
18 308
318 351
524 265
136 57
62 107
350 555
239 357
550 186
570 580
701 164
678 45
233 170
19 291
25 352
560 551
600 307
645 416
365 162
628 394
89 194
84 156
654 271
622 386
399 74
510 157
163 406
582 568
465 164
321 391
553 95
229 348
405 584
645 376
115 484
121 545
165 441
30 513
432 259
429 178
22 254
343 226
49 332
632 468
500 219
47 243
21 376
347 550
75 100
308 4
370 217
96 445
186 600
278 4
711 440
58 569
433 87
624 157
354 155
520 157
698 231
435 370
85 596
41 84
459 227
422 26
74 31
32 189
641 123
64 206
634 554
383 316
388 458
511 329
521 194
282 256
445 602
371 164
441 277
433 76
9 39
191 239
246 20
247 36
119 415
50 433
300 18
122 3
483 8
640 558
224 308
151 547
557 449
257 489
136 254
549 323
256 481
271 347
185 41
609 465
707 233
176 504
556 152
408 368
565 239
55 527
24 234
408 73
514 361
527 398
235 90
457 265
132 45
25 197
671 345
143 168
17 162
458 397
351 290
300 81
568 368
508 485
473 355
37 100
671 370
178 371
293 120
467 413
56 111
109 281
225 234
205 603
138 31
255 200
265 221
261 446
567 356
595 466
532 193
67 578
278 211
411 450
570 441
555 208
641 455
681 575
219 258
471 251
693 520
637 487
284 238
197 582
485 586
126 318
242 136
112 304
260 402
576 235
457 385
242 476
546 136
427 472
264 238
254 175
690 544
193 428
566 590
514 448
469 559
614 517
508 250
658 50
490 473
356 184
706 238
607 465
206 222
570 118
590 207
625 497
337 573
549 549
557 606
675 123
226 450
377 18
318 275
326 419
557 456
109 184
505 453
56 58
248 451
460 223
478 359
674 323
644 2
19 206
384 456
406 214
344 239
101 189
318 557
600 502
400 49
187 457
46 128
187 407
89 424
497 452
443 117
546 547
338 402
650 352
557 192
481 592
448 39
599 192
24 280
5 15
577 364
523 316
349 89
687 145
336 581
79 412
435 143
447 152
153 160
563 593
122 332
589 377
508 399
703 366
592 172
396 148
432 460
187 514
483 44
662 16
493 237
425 371
116 423
51 315
43 78
471 375
638 77
26 447
432 129
142 262
652 252
150 277
202 281
93 243
29 425
665 356
698 601
407 434
46 595
148 160
159 145
668 131
615 462
683 603
506 345
689 279
501 490
714 196
22 542
104 223
657 193
123 93
392 167
175 70
440 247
234 192
90 370
3 113
380 494
391 72
691 459
599 85
134 195
143 61
503 436
94 381
437 353
626 28
201 232
209 569
694 302
233 540
92 4
111 532
651 363
306 604
613 292
569 505
441 538
646 119
118 324
675 490
571 285
253 152
79 253
403 29
319 526
161 212
495 30
161 252
75 606
461 195
399 465
440 199
381 217
631 303
192 105
494 268
64 333
599 268
577 283
238 112
308 448
436 173
642 259
426 275
531 299
389 578
627 241
639 123
128 267
254 560
18 57
238 386
505 464
444 138
577 467
104 429
16 154
510 465
673 350
271 223
21 331
240 294
409 171
458 295
349 446
7 266
486 410
324 383
478 151
55 198
521 412
20 55
19 254
392 166
604 432
76 115
544 575
672 503
396 455
200 109
240 581
379 388
574 604
261 594
660 381
537 61
323 459
230 202
164 591
543 232
215 384
535 113
397 84
677 158
647 215
216 563
388 239
384 452
656 108
596 544
374 47
116 217
221 573
355 538
578 301
539 404
354 588
116 477
111 452
70 509
611 355
500 559
