169 642
8513
162 142
13 320
122 303
84 520
85 323
12 541
18 591
60 634
104 400
6 176
27 174
30 595
89 499
124 390
10 492
145 498
116 143
168 525
77 147
11 82
14 126
39 456
150 5
120 127
104 379
153 331
167 53
127 87
134 225
111 57
93 596
145 476
106 39
154 114
26 271
141 513
39 595
124 640
71 427
39 330
137 639
27 361
85 530
164 318
114 201
105 610
73 549
59 488
36 380
49 575
77 439
79 84
8 578
76 221
50 537
106 143
76 241
42 443
89 23
34 259
38 436
67 637
133 220
148 620
124 556
99 562
99 386
11 248
2 204
73 217
17 627
8 98
157 159
128 72
120 144
121 50
73 207
21 604
82 541
50 129
10 583
154 329
75 619
62 168
156 266
46 642
152 329
81 568
107 281
122 414
62 428
111 90
105 238
70 107
11 474
10 613
57 283
124 40
62 172
125 263
110 478
56 332
89 333
74 287
8 283
104 184
16 251
52 258
162 389
70 224
115 531
152 420
121 161
120 94
41 86
84 4
143 286
35 312
5 365
92 619
84 438
35 113
11 486
28 553
145 5
46 153
68 499
148 447
75 186
115 553
102 150
100 406
88 246
76 168
136 197
128 89
17 563
128 444
116 61
3 74
60 429
100 620
133 369
145 31
162 187
40 461
115 129
85 131
138 393
122 70
100 377
111 421
100 550
112 162
41 50
40 156
138 185
15 37
62 419
115 246
119 444
134 438
107 580
86 523
113 183
142 611
93 640
85 154
53 226
10 555
41 631
12 456
108 52
39 483
151 159
160 552
33 575
26 231
136 552
114 162
96 547
127 219
3 486
48 621
73 469
86 88
12 270
28 172
139 464
108 44
135 571
124 196
145 186
131 238
58 418
127 370
147 86
109 628
103 74
22 102
73 16
118 227
102 365
95 569
6 229
156 73
41 246
109 172
134 449
159 110
77 153
78 217
48 36
144 534
72 601
90 59
96 627
21 194
139 10
102 627
7 508
35 240
160 61
83 261
26 65
71 142
74 289
139 259
73 56
22 533
17 163
77 409
16 256
6 612
132 135
135 219
3 319
91 108
40 459
116 88
20 423
141 229
78 229
159 562
136 66
45 465
21 221
81 114
101 503
37 311
105 125
126 119
41 623
140 435
98 522
69 467
33 15
63 459
154 457
88 423
147 513
43 444
105 528
35 588
98 55
162 296
15 523
21 377
81 588
157 61
56 625
168 198
163 381
61 523
61 244
21 74
11 3
156 425
42 35
9 204
160 202
47 502
103 316
14 484
150 565
124 504
167 113
165 457
97 445
19 376
110 482
141 342
36 223
140 540
48 330
78 30
163 400
18 469
148 503
79 238
132 639
121 142
57 262
1 228
94 243
44 173
150 542
121 487
37 100
104 49
37 250
23 205
69 285
165 358
25 118
147 25
149 485
47 543
65 314
146 602
123 301
98 16
25 352
106 95
126 204
22 599
85 379
66 124
40 428
98 504
31 185
57 315
142 323
99 465
91 18
153 363
65 310
36 606
49 6
52 304
123 314
58 346
36 547
24 197
118 5
62 448
164 534
161 280
111 484
96 386
89 637
9 259
166 236
34 89
112 633
64 62
100 378
120 345
141 196
31 398
16 125
169 200
18 352
15 185
165 553
139 241
129 572
128 457
46 172
146 198
153 266
139 541
41 575
114 515
90 482
96 321
154 279
51 502
168 224
131 5
35 586
11 116
22 371
140 603
135 26
146 546
96 464
112 487
166 559
30 607
36 126
142 317
117 456
136 278
116 246
67 106
12 219
160 239
27 615
97 31
27 44
159 42
141 72
46 555
73 303
86 274
1 532
10 176
53 95
49 417
80 634
153 442
89 108
16 626
117 204
48 566
71 143
122 79
113 5
89 629
152 573
161 212
54 260
58 94
12 350
137 220
30 438
81 629
86 362
40 191
150 370
36 253
150 415
22 51
140 174
66 600
43 285
135 101
124 64
59 40
26 565
105 185
45 281
30 332
38 48
109 170
52 73
36 60
113 482
49 344
54 160
150 574
81 326
158 335
149 116
131 93
61 477
17 181
30 188
27 9
77 364
127 299
55 478
51 96
166 365
135 604
120 145
80 359
141 570
81 161
166 189
40 538
50 640
157 178
69 301
145 622
154 341
48 493
62 225
147 411
92 626
166 194
155 607
129 135
89 234
34 38
53 242
142 217
22 107
93 272
132 430
30 628
94 104
51 214
64 243
119 420
116 518
89 253
46 392
37 61
67 475
11 565
12 479
61 367
17 256
122 26
163 268
112 570
78 94
67 180
74 92
83 595
152 268
45 451
3 380
120 121
90 535
103 176
92 309
34 15
165 395
60 285
102 181
45 340
88 206
131 30
41 523
94 447
59 66
75 597
169 547
35 65
166 123
64 397
41 75
122 600
100 364
15 320
29 226
73 298
65 396
109 610
158 576
110 460
18 156
71 176
133 285
128 175
58 137
160 135
95 502
28 387
18 461
26 426
38 76
81 386
47 633
17 4
149 311
39 416
15 268
90 279
65 365
80 353
105 62
99 38
15 453
19 41
139 635
158 186
71 590
104 336
103 337
169 346
154 283
35 144
62 576
111 294
92 594
70 608
95 544
127 402
121 264
60 628
161 2
24 381
129 96
90 465
111 94
36 428
113 169
122 249
121 482
84 485
2 102
167 48
66 471
97 171
56 465
58 135
33 238
113 242
146 354
97 77
21 517
103 540
95 200
21 451
19 44
98 495
78 254
112 437
25 266
115 104
55 274
10 456
81 615
67 95
3 223
67 622
66 639
83 588
5 495
8 269
18 313
111 219
39 138
64 334
155 331
158 554
13 194
127 68
113 146
133 335
148 533
57 248
127 308
83 642
61 267
78 167
104 567
73 167
78 420
36 266
40 75
90 270
15 72
138 495
88 375
51 329
154 390
37 288
23 621
139 101
121 479
88 408
105 176
153 389
162 519
147 169
67 233
28 123
105 511
134 382
66 488
29 22
42 298
52 237
18 132
90 367
33 72
153 432
32 383
70 329
100 310
161 491
116 300
105 559
136 421
98 334
6 97
167 504
53 278
152 39
103 366
87 77
164 40
73 470
104 459
30 187
116 483
123 100
159 481
51 524
70 145
73 41
81 633
121 493
23 83
73 74
143 159
128 74
141 60
168 520
122 430
100 441
99 342
146 478
155 329
57 294
50 8
39 406
121 45
104 213
30 642
26 548
65 497
169 606
95 367
66 30
111 413
2 528
138 353
140 226
161 181
42 269
46 549
118 63
75 272
54 637
17 462
42 602
134 230
5 220
79 603
71 215
137 440
97 426
126 340
97 8
111 168
155 623
119 459
99 98
34 203
115 496
131 284
62 409
122 172
35 250
7 122
161 158
79 629
71 441
75 327
156 97
128 256
107 454
23 351
81 373
148 587
135 561
5 386
57 213
1 527
140 210
109 297
158 417
92 101
107 379
130 143
109 447
76 180
85 404
15 56
68 520
130 618
115 19
104 411
16 519
26 513
157 193
97 221
150 175
13 152
117 21
130 112
34 160
48 509
50 570
62 436
60 248
140 139
17 76
120 178
86 157
165 39
122 261
56 457
69 559
60 349
45 28
9 77
40 398
12 628
11 21
70 397
111 475
115 464
71 554
144 60
54 533
136 502
76 473
28 368
87 210
6 414
129 388
93 549
41 259
100 471
68 137
42 451
102 229
81 122
57 626
16 171
85 390
109 43
118 357
72 12
35 306
76 620
138 532
38 6
7 147
81 512
110 477
10 40
47 153
94 211
13 541
25 159
143 36
162 450
70 122
111 199
150 276
1 322
162 313
27 463
98 14
31 413
39 311
150 437
17 120
68 53
50 589
82 51
128 56
36 160
61 313
100 599
53 35
27 55
55 485
89 214
112 149
23 301
144 605
125 117
113 561
128 552
143 210
59 258
69 70
154 213
93 326
94 637
104 454
75 316
28 140
34 78
160 182
81 214
56 57
142 634
124 16
7 11
72 637
75 121
146 93
165 443
54 156
76 515
20 199
69 284
120 236
169 391
82 583
134 181
16 173
119 191
143 470
148 477
93 452
128 531
31 159
46 261
77 128
160 308
110 237
75 63
63 147
29 396
2 611
6 275
131 569
4 466
4 267
54 218
135 71
135 229
7 130
168 55
9 25
75 245
90 606
154 239
39 131
142 640
127 260
53 581
149 555
61 118
163 597
91 230
104 530
52 613
1 241
24 248
167 23
96 485
7 272
124 437
88 620
89 415
104 364
29 326
36 273
145 293
43 591
136 589
33 546
121 423
95 86
132 207
165 456
48 533
159 284
156 511
13 286
15 531
145 613
50 230
111 538
61 45
81 101
70 161
32 322
34 362
86 217
13 133
65 524
38 393
84 166
155 91
68 6
109 627
129 246
65 494
124 48
60 117
65 371
75 489
115 219
35 491
125 178
111 208
4 612
116 456
163 22
111 334
25 272
102 447
9 473
154 315
126 117
36 412
32 309
150 106
155 220
145 43
49 204
41 592
43 204
114 446
81 355
46 244
112 205
26 388
50 228
27 581
20 556
118 496
25 222
54 280
104 9
10 184
142 77
129 571
56 203
71 450
169 276
16 60
55 520
100 213
27 553
103 347
128 479
44 145
12 279
123 297
13 561
152 623
85 230
119 293
42 390
80 361
12 164
82 558
39 358
41 72
141 460
118 561
47 449
135 493
39 32
62 495
92 369
150 460
33 245
111 491
30 516
64 513
148 415
8 545
76 27
97 52
76 611
96 311
81 325
164 401
133 325
167 578
117 198
71 282
80 45
69 127
70 8
92 450
31 204
133 267
13 465
86 531
23 272
23 318
118 364
139 224
66 238
120 288
118 607
4 528
112 317
160 221
162 642
106 128
70 368
96 578
112 291
28 596
86 206
57 295
91 234
119 105
122 373
79 300
13 71
58 490
105 406
14 42
92 234
117 142
138 231
128 507
48 628
65 548
15 395
89 618
99 254
131 379
82 104
58 387
135 425
50 609
95 178
149 247
44 268
22 204
4 279
127 594
63 550
25 67
24 547
162 408
96 18
42 579
118 383
104 169
109 450
160 224
4 465
103 211
136 621
14 540
131 61
163 68
87 513
165 42
105 224
155 88
22 263
33 511
59 125
150 241
117 157
71 261
33 162
67 403
116 285
50 244
135 240
140 514
76 480
90 23
89 529
96 107
35 198
110 590
56 53
81 169
124 478
101 255
83 639
86 509
142 368
157 67
11 65
144 126
83 85
123 518
156 245
47 200
18 374
142 391
49 613
114 233
115 305
89 310
38 509
160 43
107 358
160 501
48 101
90 209
62 356
111 51
130 57
92 409
63 119
81 163
36 196
42 491
89 371
129 110
88 205
60 329
42 62
138 576
38 555
33 459
109 566
91 149
67 546
55 628
53 7
94 547
160 390
121 561
94 517
21 3
89 542
167 365
148 162
98 340
54 500
135 299
108 442
72 524
31 164
33 418
162 629
97 326
43 369
89 553
155 238
134 204
46 326
14 203
119 376
5 32
78 526
15 139
55 348
35 86
159 341
7 490
76 608
37 551
147 473
152 16
124 481
83 634
100 570
98 30
111 520
126 360
31 207
118 200
5 325
146 413
85 95
19 304
19 166
148 449
77 635
31 135
109 584
49 428
58 264
103 156
38 595
151 545
27 202
15 473
140 281
108 527
127 416
118 317
22 336
99 146
74 503
143 543
101 402
169 102
89 606
37 192
146 503
163 500
150 562
5 563
169 137
169 385
84 207
132 500
83 11
110 336
79 382
167 276
144 264
53 150
72 391
37 165
103 171
25 167
143 629
115 216
115 233
60 450
58 123
103 641
132 326
9 336
153 206
38 293
154 317
169 234
111 346
39 77
51 418
14 454
49 161
11 309
44 22
15 243
144 598
38 176
139 310
75 225
40 162
57 112
105 293
49 99
32 205
53 504
6 312
39 432
160 578
111 236
43 278
159 256
122 36
14 445
28 208
124 519
81 280
139 170
168 573
5 401
94 228
1 134
157 410
98 321
24 361
155 524
34 634
60 52
127 17
54 52
61 463
45 232
164 10
84 380
52 534
51 190
20 388
134 284
50 547
138 398
24 279
34 564
130 297
18 303
154 607
153 117
117 257
117 539
124 466
10 500
160 489
42 455
90 160
63 490
69 576
82 320
64 576
35 584
107 357
85 118
146 254
83 61
114 106
82 527
93 253
75 565
117 439
94 54
142 240
77 386
42 606
5 515
47 620
53 585
152 166
74 243
110 286
167 410
55 271
105 434
105 450
113 354
113 429
52 409
36 145
101 190
74 353
146 145
75 526
97 118
22 446
11 328
40 112
46 386
137 195
16 354
138 208
20 502
167 596
67 326
7 550
36 477
132 464
88 347
156 80
133 197
95 575
98 206
116 377
88 318
64 528
33 97
98 339
26 586
121 300
140 80
71 309
151 450
86 488
66 418
164 62
120 562
20 332
155 251
1 429
124 429
98 299
81 4
168 414
25 180
98 38
24 277
141 268
75 258
14 399
86 31
165 261
151 217
103 257
97 591
8 614
167 40
111 601
69 102
109 161
129 65
13 448
128 576
31 21
150 508
21 314
35 478
68 401
52 229
108 544
92 42
123 285
144 139
81 66
65 171
115 165
85 296
116 462
68 177
141 263
61 364
113 619
141 521
92 175
92 349
110 12
145 319
88 132
57 585
11 381
100 245
42 341
133 77
109 586
43 630
110 134
91 8
25 303
128 112
43 475
107 189
117 83
47 330
162 633
162 514
33 639
80 367
62 537
22 619
152 544
45 110
86 285
10 162
150 342
132 305
43 16
35 365
80 84
144 209
63 385
85 172
71 5
130 481
84 333
62 406
160 594
153 418
78 253
92 502
137 248
83 48
45 165
150 520
102 190
19 592
22 165
110 506
95 634
90 569
5 545
50 470
74 632
96 524
37 146
123 302
10 581
68 334
21 296
92 617
164 625
58 156
15 546
118 201
41 141
11 25
85 384
107 170
120 381
13 605
138 556
147 563
135 628
168 523
163 90
71 367
97 128
93 79
56 460
80 128
31 591
151 221
129 279
109 379
61 635
149 434
58 579
81 207
22 99
98 203
100 182
32 96
94 59
124 212
152 456
61 198
161 133
99 414
29 42
97 345
161 482
14 537
73 37
104 616
81 184
23 156
92 277
156 593
100 542
42 217
99 610
67 563
56 373
29 588
91 319
151 530
101 555
110 473
126 299
144 367
25 501
84 557
24 309
97 141
118 106
157 494
115 578
108 102
162 150
9 353
59 363
101 136
50 159
3 252
97 491
152 513
16 48
7 172
104 34
53 179
17 295
45 2
163 120
12 443
61 613
155 349
148 297
79 131
132 256
131 107
90 410
75 7
36 559
11 292
61 334
156 34
49 187
7 87
117 418
81 430
132 334
109 74
7 429
10 157
22 386
95 334
10 101
21 462
20 337
96 548
26 165
81 395
54 298
134 199
159 136
14 87
143 404
92 90
54 182
118 270
16 277
137 520
147 380
58 586
77 641
160 265
57 438
144 459
26 56
127 264
124 570
26 15
85 449
161 169
115 170
132 606
103 47
84 266
142 85
52 126
86 360
167 632
108 65
106 530
21 56
153 213
153 519
80 80
162 632
76 585
74 599
55 287
41 94
133 363
20 83
82 240
83 433
51 281
70 336
58 16
122 327
67 74
131 323
155 532
102 471
125 176
29 270
28 44
143 63
110 288
22 314
134 483
133 25
88 90
61 423
105 61
24 247
132 615
132 212
101 346
44 639
1 72
36 593
163 421
98 84
16 49
90 574
10 419
87 548
53 626
78 428
20 282
59 548
55 166
110 89
80 601
26 73
69 237
96 478
5 423
164 566
97 225
106 486
100 64
67 341
112 335
33 99
117 69
146 575
66 630
63 144
50 610
69 476
30 169
102 393
135 509
55 71
116 523
57 48
74 115
161 60
159 344
44 34
38 634
51 628
105 552
141 538
16 75
2 57
37 353
71 6
112 25
107 359
84 177
68 449
168 420
45 157
100 229
144 536
47 140
51 408
36 634
154 72
45 320
16 606
117 1
17 559
141 365
117 364
74 636
122 469
13 435
63 309
121 380
69 232
56 337
84 314
122 329
58 51
166 613
126 150
151 365
77 382
5 230
153 601
112 12
105 193
133 326
113 231
48 25
16 245
104 324
19 324
153 570
161 108
7 264
65 527
13 391
95 226
85 621
1 596
84 127
132 548
72 468
21 214
79 456
67 125
138 255
132 16
159 236
13 52
128 279
64 94
122 232
105 41
160 204
149 91
44 221
6 329
76 552
140 590
69 632
9 82
113 298
167 467
1 157
1 409
16 479
12 533
45 266
15 137
65 108
163 313
11 553
73 115
87 515
98 304
40 129
134 444
5 290
77 163
66 185
76 181
168 438
136 329
140 310
137 194
31 577
125 428
148 140
154 255
83 274
56 639
42 187
142 199
153 202
20 262
132 502
27 342
164 316
61 237
92 315
54 496
158 312
31 110
11 178
24 103
34 174
86 529
56 294
141 343
55 554
89 158
60 232
32 20
97 525
23 441
137 354
123 74
163 382
167 138
67 165
11 611
25 148
47 474
118 555
120 295
41 541
22 73
100 110
157 367
5 86
133 295
8 151
79 274
9 230
152 501
135 59
45 606
128 571
117 260
78 108
120 351
134 170
8 579
95 628
11 279
144 600
72 19
127 63
132 445
83 569
72 315
19 317
138 153
51 459
80 83
8 419
136 86
13 284
125 260
17 3
28 363
143 361
59 493
80 515
167 94
169 305
45 543
51 354
24 193
69 265
42 57
90 450
110 9
48 200
124 71
45 237
85 129
128 179
124 129
126 499
21 362
32 249
23 170
163 79
22 338
25 96
47 94
75 199
26 374
41 500
137 132
148 300
20 128
34 272
143 86
49 176
122 376
15 574
158 638
88 411
103 491
100 169
56 308
26 212
134 81
135 93
169 247
116 503
84 436
44 240
138 80
64 44
31 122
100 251
34 112
114 611
123 441
127 121
102 48
134 289
17 546
56 323
20 468
151 563
24 76
138 461
163 580
153 320
84 429
50 346
6 274
156 163
59 243
74 37
169 65
102 373
141 320
3 93
17 458
25 108
37 558
102 163
169 283
1 553
89 106
153 370
5 43
165 169
32 388
65 554
5 10
140 32
5 468
81 476
111 276
77 287
109 157
39 39
59 94
16 168
8 102
160 73
124 85
135 330
131 583
102 78
100 445
116 439
89 626
130 539
19 267
134 354
44 192
81 76
87 22
33 189
147 248
156 157
156 158
8 24
152 191
57 188
163 491
55 100
32 422
11 520
88 416
68 100
95 217
56 436
68 246
61 243
83 364
14 234
130 337
108 529
18 602
76 607
90 443
26 370
155 391
18 540
62 138
70 205
36 525
135 451
93 126
149 270
57 122
167 617
146 525
13 255
88 298
133 37
147 252
160 21
24 450
127 568
39 586
77 97
110 282
166 107
91 225
91 5
22 440
159 520
156 49
13 395
8 615
5 317
25 394
89 1
23 143
113 423
19 354
92 253
94 360
90 495
79 58
52 531
57 454
6 471
105 170
136 582
113 505
23 287
86 371
74 381
169 116
56 562
114 570
51 236
127 639
102 171
79 632
43 170
65 443
166 414
144 158
65 148
146 47
2 358
137 1
157 448
10 306
29 232
3 308
22 321
66 444
13 38
90 533
73 589
70 547
120 362
61 201
156 585
3 123
99 522
163 46
49 427
29 375
168 472
140 183
11 363
124 621
1 47
47 67
48 592
52 72
30 277
147 2
56 232
122 372
30 76
113 587
1 605
84 385
79 477
34 535
29 566
159 535
162 299
65 231
144 494
22 234
113 226
68 489
59 332
40 580
53 101
51 575
149 131
139 385
168 354
26 84
155 185
68 553
97 579
117 437
32 246
129 234
115 341
49 45
137 73
79 505
56 637
127 527
101 349
86 226
48 486
54 419
136 263
25 33
7 133
146 77
106 371
41 350
107 293
108 350
132 276
62 432
155 291
164 283
31 362
42 278
81 302
129 367
167 232
139 151
41 15
72 451
14 289
159 638
101 421
156 227
158 54
93 63
122 136
19 101
64 605
65 434
129 4
121 415
87 198
9 114
15 366
35 523
109 144
130 625
38 44
152 406
32 226
69 407
128 79
14 231
169 386
60 315
153 537
92 480
43 313
141 373
51 38
126 398
40 364
118 461
25 479
106 282
9 296
106 146
113 34
165 423
31 618
39 562
10 632
137 508
142 430
27 595
61 68
22 594
152 278
15 117
118 47
162 101
113 122
36 274
6 607
137 581
40 492
70 236
83 16
78 199
111 279
168 561
97 581
54 102
115 6
38 257
78 381
92 229
120 62
133 425
75 480
34 217
144 535
35 428
70 243
145 19
150 56
14 590
164 513
7 13
160 532
81 523
71 451
105 177
42 470
47 393
28 541
84 71
121 194
116 394
26 493
13 331
9 244
156 180
117 448
163 586
137 485
129 358
50 9
74 305
70 407
25 458
161 472
117 85
17 641
156 9
143 627
159 594
137 257
136 300
46 72
44 154
53 279
64 201
44 452
20 546
73 412
118 409
49 258
153 99
149 267
60 520
61 620
129 14
65 442
11 300
99 330
143 248
124 159
9 314
102 442
7 9
80 303
76 464
83 227
134 136
37 336
43 262
10 192
115 633
132 535
141 586
83 397
102 127
5 488
121 324
104 542
66 431
125 262
166 439
44 144
45 171
43 351
125 604
29 509
58 376
47 442
122 351
154 43
89 47
90 315
48 266
63 431
52 31
66 313
15 115
70 230
90 475
147 443
164 42
40 567
132 199
14 438
31 424
124 178
16 569
117 530
18 322
3 532
39 94
13 245
46 501
81 79
60 195
24 164
132 191
109 6
92 398
45 467
168 81
9 376
21 15
74 296
85 417
16 382
163 55
124 61
32 337
129 568
46 206
31 336
110 636
137 357
115 377
92 223
48 149
85 488
102 315
46 481
162 531
1 247
150 340
19 274
162 197
99 494
159 596
167 496
119 48
82 295
81 123
81 506
27 310
82 93
112 403
149 159
34 505
55 228
79 612
93 51
67 199
45 370
53 356
108 533
130 495
65 335
105 101
151 122
118 449
26 238
147 491
37 42
101 519
66 146
133 327
66 173
57 70
93 45
47 535
128 23
161 333
160 163
88 278
57 609
105 521
146 501
40 400
154 446
30 193
83 525
93 535
158 552
159 167
133 541
16 102
71 629
148 356
33 12
106 87
28 371
107 533
16 562
11 280
128 430
19 487
71 54
46 569
86 490
67 187
94 507
120 582
51 123
3 185
19 585
149 503
120 513
89 576
126 389
76 262
148 296
27 3
76 570
18 215
43 180
142 586
168 144
145 539
128 546
57 89
144 389
9 493
51 549
65 2
113 357
46 267
157 538
141 31
121 33
47 530
49 327
45 371
68 273
59 436
111 77
129 73
92 214
81 481
49 390
78 73
68 277
42 571
134 397
59 641
94 345
79 500
96 562
106 129
59 457
121 357
68 207
58 583
108 472
16 411
136 506
29 145
81 503
134 59
129 504
122 119
113 18
122 454
94 538
67 503
12 428
58 482
112 329
1 453
134 396
35 424
81 88
168 130
4 137
22 48
158 434
94 351
91 426
7 274
105 133
135 110
102 578
24 186
155 433
92 504
168 116
44 597
131 73
148 588
167 418
20 219
125 548
26 102
27 150
135 379
58 127
131 440
35 402
135 374
49 450
89 549
99 407
13 244
153 551
90 271
4 356
101 309
84 41
122 141
82 491
107 551
166 359
49 365
23 322
164 2
102 470
140 458
34 234
103 359
66 383
8 179
25 471
58 500
169 574
105 477
41 261
1 189
38 548
58 330
125 307
163 58
78 258
36 255
84 191
41 244
145 504
68 491
20 54
20 285
77 95
38 87
89 4
23 523
18 153
96 333
41 127
44 477
133 484
22 155
51 273
115 513
69 117
158 466
140 125
28 27
37 85
120 21
38 294
138 139
146 63
168 61
76 186
129 458
131 14
150 168
18 477
89 259
88 390
111 151
19 36
85 294
79 344
49 397
111 420
91 34
45 533
23 596
8 291
36 549
136 286
56 443
110 397
102 632
107 529
85 471
91 39
16 620
135 576
93 218
126 609
29 427
162 23
111 332
137 116
31 328
112 191
27 303
142 318
131 604
164 186
112 200
56 40
31 232
20 584
118 527
82 169
114 299
29 428
58 489
13 508
68 165
79 166
167 449
9 262
28 591
56 200
164 116
100 311
77 87
60 118
19 201
10 452
115 488
53 21
41 258
156 86
56 383
38 330
130 359
100 294
3 280
16 45
33 547
61 257
57 440
124 493
163 339
126 196
99 316
49 259
110 15
79 624
24 34
38 128
76 307
135 542
29 340
168 29
70 416
53 476
125 48
98 104
149 339
32 301
120 147
164 298
54 237
68 518
65 155
83 255
136 146
128 7
145 547
79 198
68 76
113 371
166 419
57 267
63 562
152 448
87 391
128 60
75 437
39 611
123 32
67 89
92 178
104 235
91 120
91 325
158 564
70 274
22 282
52 209
11 37
147 405
134 498
94 220
52 331
148 337
57 513
6 533
86 97
16 537
135 465
3 505
119 502
56 548
124 185
48 488
150 380
74 583
113 386
63 89
79 67
103 229
27 128
106 439
51 507
136 565
43 358
57 253
63 296
38 195
113 305
63 281
163 72
129 194
169 146
67 448
28 278
130 91
55 610
11 412
33 566
59 416
76 192
145 51
134 608
8 383
28 220
127 266
152 56
94 484
132 28
161 436
53 141
111 156
48 285
66 201
150 322
82 384
143 569
165 262
39 196
166 183
34 556
75 425
124 623
77 548
48 159
124 547
168 25
165 545
106 4
92 478
125 465
156 392
136 330
126 483
19 100
24 119
97 213
51 111
5 529
116 391
145 411
137 174
121 534
60 366
155 157
22 31
129 236
169 415
31 118
142 196
29 461
29 523
79 46
140 9
131 72
103 242
46 239
142 332
97 217
96 635
81 418
134 402
22 384
14 463
58 233
33 263
69 536
56 59
111 370
14 245
158 80
43 497
104 65
121 96
72 283
6 419
112 249
142 472
60 407
31 30
40 354
52 166
77 603
125 640
110 145
9 500
106 20
88 65
68 66
89 361
79 331
25 317
1 358
21 159
101 575
44 570
42 538
71 535
147 36
144 173
132 17
2 417
110 531
81 634
8 405
146 536
165 227
108 28
78 482
100 73
157 85
27 188
17 495
4 317
33 456
4 290
134 373
17 45
110 413
31 138
38 156
103 189
25 77
103 90
42 529
164 96
123 639
63 69
130 2
86 607
134 88
13 233
60 599
51 341
8 208
11 97
88 579
16 621
83 528
128 632
49 137
37 17
76 129
5 615
30 354
72 558
18 422
108 500
158 609
79 59
72 515
141 525
99 317
91 258
9 122
144 469
103 41
100 112
129 125
26 321
45 1
32 630
117 595
3 531
81 515
50 261
95 417
32 537
3 377
168 46
45 279
87 500
53 590
72 307
39 221
3 49
116 467
165 482
126 269
164 271
63 433
107 541
130 34
55 124
101 362
74 569
8 642
10 457
30 268
51 279
46 546
135 45
158 222
72 206
140 283
61 296
66 91
146 641
167 489
48 522
30 409
38 126
32 424
79 189
128 483
95 20
135 266
126 5
104 619
71 296
7 37
161 231
30 239
114 517
47 78
104 161
70 242
60 605
20 358
81 89
114 307
69 575
116 45
133 441
121 163
114 450
70 288
112 331
52 295
135 326
26 86
14 391
57 190
21 434
28 228
118 35
86 398
45 331
55 84
162 303
27 529
137 110
77 320
38 32
99 222
55 293
167 168
45 143
125 549
134 220
49 484
134 495
135 262
76 298
118 397
98 341
135 12
113 164
141 606
79 469
19 57
11 632
109 451
53 155
7 120
55 482
92 106
24 154
148 99
28 198
142 610
72 430
129 141
77 69
134 357
151 200
95 373
111 38
77 244
11 603
16 114
16 161
100 596
128 422
16 285
164 598
154 399
133 239
104 328
155 95
54 93
142 275
134 394
20 378
150 345
48 216
57 560
29 98
150 334
69 518
19 552
49 9
57 28
146 398
129 385
26 412
55 45
164 564
123 209
146 505
85 300
51 136
154 542
109 524
22 261
96 585
16 244
163 406
22 607
163 458
166 155
9 635
19 499
128 560
75 336
138 186
46 610
98 528
47 336
74 485
140 499
35 80
115 222
62 286
140 271
97 307
112 517
67 164
90 161
82 297
98 185
158 612
64 573
98 131
20 356
126 493
33 58
35 615
70 626
79 524
22 350
164 297
38 42
162 451
12 62
143 387
161 622
89 600
59 539
107 6
68 169
76 542
53 458
97 614
15 206
23 564
168 91
119 285
98 262
164 289
103 599
73 46
136 250
17 490
11 191
3 10
82 627
43 364
143 294
83 416
116 280
108 180
168 510
139 149
2 285
57 344
49 68
86 186
165 403
82 473
138 627
61 397
109 526
129 357
159 221
53 322
135 31
94 393
71 420
35 44
109 25
81 449
52 432
41 324
18 524
12 572
98 483
37 221
123 245
71 502
19 618
59 453
108 131
134 332
115 551
25 541
62 106
64 316
53 505
134 191
101 216
166 108
29 601
128 73
146 232
111 201
11 73
65 316
86 19
118 82
122 594
148 285
124 70
65 254
34 192
22 392
46 593
36 342
129 11
67 601
10 467
165 562
148 67
148 378
119 114
44 140
26 635
149 277
156 72
111 47
168 401
46 87
163 194
150 640
68 612
149 305
121 347
124 100
123 621
84 163
114 24
144 160
137 165
82 97
16 445
58 310
75 223
97 101
55 24
152 578
31 631
127 104
74 439
36 353
112 308
104 154
29 49
111 170
47 130
18 641
65 421
155 520
168 320
39 145
139 395
55 583
57 515
165 62
34 248
114 192
72 593
66 86
83 489
72 458
114 13
33 371
91 163
167 414
74 137
31 504
53 426
77 367
66 289
75 595
118 195
100 330
7 258
151 576
2 623
105 361
108 491
116 115
69 487
163 443
93 378
78 584
17 467
74 550
105 120
79 210
75 38
162 168
166 213
112 68
86 106
128 169
121 284
2 235
107 93
122 156
120 635
117 632
36 570
37 199
70 483
120 16
162 24
128 199
97 642
33 41
53 332
14 331
4 338
39 550
25 610
52 186
106 401
20 390
46 196
53 547
75 474
68 576
157 400
107 615
49 610
40 524
67 314
9 3
51 285
147 548
127 226
129 184
56 320
126 97
100 183
35 535
40 617
111 109
63 446
25 377
156 48
13 47
162 586
76 209
93 24
103 526
50 596
145 384
154 391
69 329
152 245
19 631
46 103
38 583
107 560
98 47
160 87
58 426
63 410
169 333
7 566
166 158
167 253
136 528
19 203
91 361
59 401
63 599
24 142
69 490
156 319
9 304
61 546
69 362
64 435
119 534
138 151
155 314
31 162
40 485
166 610
133 271
33 17
58 422
14 249
98 91
66 577
67 177
107 241
62 74
92 125
5 157
12 249
19 559
77 503
164 519
122 247
77 605
42 569
12 121
76 594
47 56
12 371
39 247
159 493
163 512
140 602
49 158
17 285
62 20
130 113
157 581
104 404
67 112
154 100
141 209
136 108
93 280
148 581
121 633
135 302
46 533
119 602
103 255
136 605
130 631
140 307
28 620
93 621
162 420
64 319
109 454
54 230
88 443
73 339
54 602
140 251
147 136
153 569
90 234
19 622
105 18
83 358
30 364
153 495
72 83
48 492
41 517
88 639
145 259
158 83
123 452
92 492
151 613
100 209
151 55
135 390
119 193
40 378
83 233
89 414
136 581
45 562
125 412
55 11
35 208
145 377
47 308
163 355
14 486
95 339
99 358
139 159
85 473
45 610
54 570
152 604
24 379
61 279
13 191
13 593
167 2
9 312
17 238
15 497
138 53
54 8
101 114
133 263
37 106
92 407
111 1
76 6
52 292
125 409
124 21
115 556
5 288
161 570
21 162
152 192
63 204
22 214
114 142
131 206
105 371
39 623
77 293
149 115
10 361
126 225
114 174
94 270
96 641
137 602
147 22
167 403
169 2
6 290
8 337
58 630
17 326
10 19
61 599
153 147
62 557
63 530
104 271
132 113
8 205
118 72
99 339
70 200
131 230
27 642
154 245
11 219
153 214
145 381
39 53
133 184
61 588
138 220
30 333
109 9
129 431
93 123
133 156
96 513
121 583
55 121
87 27
130 367
134 564
148 110
34 290
125 106
87 225
155 365
163 294
101 98
110 604
19 567
91 158
168 123
87 163
95 352
167 460
142 369
35 283
63 444
4 226
16 401
66 155
82 323
62 597
23 295
155 409
92 618
47 541
30 575
128 82
27 112
123 215
20 107
126 551
21 129
94 201
124 423
166 306
117 441
101 608
107 125
147 550
112 185
47 90
38 573
166 256
36 591
53 260
87 215
60 623
44 514
66 203
138 602
5 237
144 187
169 512
77 138
81 137
20 485
40 523
47 210
110 20
54 363
162 349
61 415
18 140
20 70
86 339
137 239
169 282
16 52
140 253
56 450
33 218
115 609
165 432
75 337
22 59
131 89
82 403
5 620
31 615
100 207
147 422
159 28
146 329
59 433
75 427
143 296
34 613
144 584
86 613
57 475
8 641
100 299
133 615
81 339
135 107
25 627
85 83
103 33
46 199
119 495
73 211
43 144
37 395
5 370
156 462
140 275
41 473
47 602
129 47
100 458
141 85
148 475
21 330
16 217
167 586
133 130
40 137
20 310
125 99
124 530
111 195
16 83
138 316
17 374
31 3
4 242
45 460
74 105
52 137
5 77
14 34
138 586
90 50
8 400
131 558
54 394
52 571
51 345
84 554
137 426
141 559
152 240
163 350
81 578
19 97
144 140
19 182
169 641
51 340
19 540
139 500
134 585
63 91
141 405
108 120
29 317
57 3
32 10
21 475
109 146
90 602
103 237
65 638
105 72
124 637
82 293
148 403
55 25
15 253
154 26
8 558
102 116
63 179
124 91
51 45
95 168
62 212
108 72
139 441
55 275
21 413
30 132
128 270
130 250
114 568
47 125
6 146
146 119
131 96
37 416
20 329
117 363
2 462
31 1
116 31
21 418
32 80
23 365
77 243
64 15
151 202
25 609
98 40
34 427
108 244
146 364
83 241
11 487
19 606
24 594
125 347
107 538
120 141
125 579
112 543
164 149
92 341
120 183
169 522
140 332
117 332
87 82
44 582
59 396
105 46
110 633
119 398
40 113
88 122
92 536
44 417
88 149
145 273
4 571
25 328
115 541
30 26
57 351
88 243
96 291
13 545
135 213
163 8
6 295
89 378
139 309
25 56
92 195
162 117
130 100
80 424
96 361
19 621
149 158
24 562
83 243
146 476
24 290
38 412
75 136
9 294
168 247
32 553
131 603
70 254
87 566
142 464
48 175
16 77
124 417
83 529
133 206
5 378
4 576
140 459
54 486
69 350
18 425
91 60
35 20
76 566
2 70
133 512
156 583
11 472
71 51
100 507
1 229
57 570
161 383
20 403
163 298
51 410
149 129
149 251
68 275
84 17
103 158
27 557
139 579
45 99
114 383
104 274
65 367
58 364
12 635
118 569
145 2
39 378
166 89
142 251
101 633
119 181
154 428
114 557
56 598
40 95
8 365
105 350
86 352
21 294
40 422
54 631
169 550
36 72
130 430
41 69
143 421
58 64
101 226
79 436
45 39
28 519
145 77
145 251
114 388
49 19
150 205
109 465
24 570
34 278
145 528
168 464
59 412
42 283
21 499
107 447
86 144
86 128
31 28
71 545
134 561
45 229
96 332
72 336
43 603
160 487
168 183
108 95
132 388
62 210
26 541
117 209
57 614
86 472
53 555
32 514
69 31
104 282
120 565
98 257
69 383
154 130
72 216
103 585
1 102
159 50
147 502
109 602
85 35
160 274
107 47
54 366
4 93
75 3
115 593
10 475
160 97
22 299
167 331
162 37
80 166
87 569
142 380
116 498
26 252
30 523
134 488
75 248
70 611
134 635
2 68
6 467
71 561
167 520
133 638
60 384
81 260
77 151
153 633
3 320
162 278
37 521
108 364
13 20
117 112
47 550
38 564
161 51
163 57
150 16
156 226
75 181
4 426
137 273
82 465
127 84
37 312
32 265
75 410
66 332
61 365
154 199
147 176
41 151
54 508
69 586
5 130
150 76
154 217
3 272
118 297
2 634
47 623
45 52
86 181
13 410
33 176
100 529
124 355
145 552
104 287
15 298
1 197
36 295
87 397
164 123
110 26
85 63
163 280
83 636
39 55
1 592
6 62
90 108
33 481
148 414
88 251
57 109
28 336
150 46
23 514
79 37
158 591
27 267
43 147
5 233
86 395
85 553
113 447
138 369
19 34
106 24
160 65
147 430
57 87
3 262
51 515
127 123
2 143
82 312
17 223
95 384
163 101
140 289
157 279
19 35
155 338
33 76
46 509
166 458
131 12
18 430
138 103
136 229
8 7
51 510
73 88
97 139
109 572
16 71
8 483
17 178
39 608
115 320
64 31
77 20
15 109
57 417
82 489
82 236
110 632
107 403
151 43
31 642
33 194
48 172
98 115
150 8
9 549
153 98
126 350
158 198
102 252
73 142
9 52
122 287
168 315
35 237
40 90
108 190
53 423
66 248
89 255
73 399
113 370
161 364
47 611
125 624
53 360
78 302
24 490
115 422
133 31
29 446
146 239
108 421
126 508
3 274
116 267
117 166
16 629
117 222
105 498
93 204
149 61
142 529
106 109
53 108
88 204
5 228
165 217
145 610
158 280
7 480
114 149
150 255
151 465
113 625
52 81
130 418
69 307
103 287
86 180
26 289
156 141
96 141
78 46
105 362
103 76
165 92
35 304
147 417
49 368
77 477
71 421
127 293
128 46
134 96
144 155
73 586
65 407
75 395
3 211
25 269
14 121
69 570
162 281
75 391
126 34
144 178
116 342
102 352
141 276
120 135
82 234
46 636
29 605
36 15
115 103
150 198
85 447
20 11
102 384
93 198
129 188
72 331
48 212
115 393
123 31
34 437
43 569
112 619
53 125
102 504
107 408
136 638
125 386
155 404
112 128
142 10
129 318
40 380
29 96
8 325
108 279
93 473
38 515
112 5
6 593
102 414
69 594
31 326
117 61
8 552
134 422
155 71
154 22
48 250
158 246
51 179
78 366
130 391
144 33
32 451
92 69
163 307
38 92
57 616
13 588
30 157
17 581
105 140
167 522
131 462
90 306
20 29
36 2
137 498
160 282
161 176
166 601
33 25
23 553
66 36
125 547
14 238
77 417
39 274
46 186
70 534
89 547
62 178
80 451
36 257
102 51
40 406
121 243
70 617
17 75
160 180
102 23
56 263
1 112
107 537
132 585
123 5
42 292
32 460
144 339
80 613
22 131
58 274
91 535
125 383
114 170
164 105
92 512
14 119
89 358
21 586
64 221
73 438
111 255
31 197
82 257
94 467
45 133
13 412
123 311
47 152
155 211
48 56
42 609
25 346
58 506
10 519
12 446
161 417
138 292
18 105
98 332
157 409
102 203
3 29
169 179
164 551
23 590
132 119
83 289
26 1
137 268
160 156
118 202
166 555
61 42
160 343
48 455
100 583
164 581
114 639
38 207
140 138
4 234
61 575
158 132
54 471
35 601
128 154
41 314
46 378
124 303
105 86
60 367
33 497
62 91
158 33
146 8
75 374
84 462
155 148
133 292
69 217
31 497
49 233
113 99
135 285
8 146
17 516
55 607
72 357
121 443
66 133
30 180
144 528
12 441
30 309
43 321
40 307
168 162
162 527
132 210
136 267
33 84
60 238
151 456
36 482
34 212
46 362
144 364
35 210
127 86
63 628
150 145
43 160
43 527
97 165
97 135
9 470
57 209
106 244
124 601
169 170
73 396
124 305
92 483
67 48
18 71
26 9
139 183
18 582
73 359
81 488
96 505
89 276
34 147
162 20
18 483
59 25
84 486
24 346
106 207
160 240
131 478
99 204
165 519
103 423
159 455
119 579
87 597
69 526
152 31
77 630
93 151
163 195
147 104
50 197
112 430
59 598
123 333
5 104
12 16
86 109
48 438
95 445
52 364
110 565
63 127
37 413
77 621
116 437
160 363
61 255
112 451
157 443
102 532
15 419
52 139
148 329
64 232
102 558
59 633
65 141
162 14
112 602
129 161
53 263
20 124
61 223
134 308
93 571
81 128
5 487
145 93
166 556
73 374
168 451
31 505
124 111
61 357
40 525
48 477
69 376
110 128
56 500
54 226
1 9
92 363
145 176
139 231
54 495
54 129
72 368
107 450
64 599
161 488
123 127
103 202
39 220
16 239
99 5
48 89
127 524
65 264
112 110
42 150
19 469
121 442
71 94
125 494
114 259
164 394
163 189
164 126
107 169
120 409
43 178
84 149
67 606
23 138
36 17
78 370
140 557
157 513
47 58
144 59
114 575
14 431
55 575
169 351
95 177
60 19
18 535
96 76
56 522
75 109
158 390
43 548
10 565
51 170
52 305
68 67
113 445
47 247
165 45
30 422
83 17
104 52
153 217
92 278
34 282
86 487
5 208
124 55
34 322
60 319
24 13
90 12
109 448
95 89
105 38
45 530
49 477
2 117
149 334
76 148
164 613
169 150
119 141
96 640
71 17
23 129
94 427
127 623
121 39
124 92
121 188
38 46
38 407
91 515
97 269
34 222
125 608
50 165
153 549
120 590
28 479
135 392
153 545
34 183
33 492
101 161
53 195
2 498
83 192
150 109
105 269
104 629
63 409
15 232
98 246
146 240
119 585
55 209
43 196
101 259
140 336
21 341
155 435
38 552
34 254
53 361
59 264
145 40
46 96
13 415
33 286
33 314
123 514
138 159
151 56
154 440
10 100
30 641
122 535
61 568
86 335
157 57
149 615
109 548
146 319
3 324
110 552
116 533
110 540
130 40
115 244
94 315
56 572
26 68
87 96
21 235
113 341
82 424
109 377
84 312
85 256
49 244
100 292
149 390
115 226
149 547
161 258
167 421
29 342
84 179
124 586
136 102
38 64
132 473
41 458
151 396
70 633
53 266
11 634
26 52
33 158
47 576
20 265
164 555
50 253
79 60
4 627
109 5
44 634
56 587
18 84
63 597
141 467
27 117
162 3
46 233
144 123
110 58
125 594
53 171
12 418
108 469
71 314
6 72
74 222
70 459
18 394
77 547
80 441
115 306
153 529
146 152
29 282
148 201
13 232
31 559
69 221
131 363
4 558
127 345
40 427
129 12
130 561
100 368
115 125
129 41
83 55
140 49
144 486
161 408
98 486
119 239
109 500
25 490
68 549
120 286
143 209
81 229
65 583
135 360
27 614
55 23
138 9
50 419
127 589
37 81
24 199
54 613
150 36
23 269
136 17
119 450
106 482
43 612
100 391
34 569
73 327
21 429
106 388
112 545
145 601
126 167
20 353
166 143
58 621
131 458
161 596
66 130
25 184
100 111
78 268
91 519
142 626
10 229
96 90
8 143
28 197
124 283
131 328
117 631
28 271
45 344
13 511
148 321
23 12
13 636
48 204
11 416
143 476
40 622
109 619
28 40
99 552
162 407
124 186
30 100
26 347
38 225
15 435
113 541
75 412
37 313
95 115
131 55
81 313
51 86
60 495
62 500
110 199
110 356
147 597
107 554
152 256
18 111
55 231
91 407
72 629
26 181
55 192
53 532
151 158
20 634
40 494
64 535
124 550
159 383
92 240
20 420
124 300
137 129
27 26
55 403
159 617
76 65
2 446
68 157
8 271
11 138
75 508
166 382
124 331
52 95
71 241
13 372
122 296
116 495
149 376
160 564
57 285
31 333
142 466
120 213
139 20
110 272
47 213
99 593
4 554
125 325
147 287
34 330
32 473
56 160
68 559
103 443
17 548
69 416
22 468
131 7
112 309
25 376
160 264
99 389
121 149
69 42
47 635
1 194
30 521
20 66
32 99
106 338
63 470
26 394
73 258
108 46
151 328
15 638
87 202
105 25
101 126
21 256
102 383
60 303
142 49
5 119
94 215
117 310
109 338
129 486
99 65
135 614
10 7
106 330
114 378
128 624
38 233
23 221
57 27
16 514
13 385
136 512
41 198
67 346
117 46
68 572
151 252
8 319
21 283
53 484
74 225
119 184
109 66
75 320
69 119
47 118
127 502
8 12
106 600
124 263
145 606
32 624
97 564
107 336
43 516
115 446
55 606
139 560
13 638
114 229
159 74
10 420
158 473
91 377
59 389
145 214
28 406
138 307
19 254
34 132
55 141
154 321
113 7
111 582
12 215
109 409
40 363
127 327
143 401
134 595
15 143
113 212
122 290
21 535
81 584
44 635
155 420
138 291
84 540
148 371
71 627
161 494
148 53
130 445
139 456
40 272
92 46
21 360
131 52
82 175
109 303
93 592
45 185
112 100
146 567
29 572
113 168
139 5
59 444
75 150
48 143
133 407
9 48
94 388
122 468
113 473
17 393
57 33
168 174
137 480
106 169
13 43
124 455
121 183
92 573
88 519
164 223
45 200
148 553
56 54
91 259
48 80
71 62
152 536
24 534
103 118
151 553
21 486
42 266
74 416
97 379
37 365
9 397
119 304
20 407
14 17
160 381
126 18
93 613
33 514
63 571
80 418
2 343
147 196
97 185
140 535
126 404
107 204
70 321
25 519
116 538
8 412
14 122
146 155
57 379
82 592
143 413
62 124
141 398
165 411
169 424
74 338
92 139
166 455
49 63
6 639
132 480
90 180
139 355
54 401
47 542
64 120
91 463
50 495
148 431
7 589
145 239
109 215
76 513
56 268
36 325
93 602
32 549
33 461
155 120
19 177
165 468
108 107
114 540
149 397
9 416
106 19
164 403
32 113
112 8
50 167
49 329
30 93
145 90
45 155
43 502
17 303
26 213
122 186
53 389
165 35
127 90
12 294
18 275
74 448
127 423
5 136
116 8
150 462
130 415
40 331
122 330
90 224
142 190
30 508
11 302
43 372
113 195
115 116
59 473
107 260
123 449
112 637
72 365
160 635
14 582
28 168
41 264
166 95
112 167
159 548
97 210
71 112
169 520
118 483
151 360
152 33
21 433
38 45
8 428
66 249
57 201
154 233
151 218
25 14
126 536
142 120
155 103
60 477
100 618
120 534
28 232
137 415
42 242
156 384
40 322
98 621
148 340
45 505
124 590
72 584
26 251
101 341
8 45
46 184
133 131
19 165
25 153
101 25
7 556
117 129
100 256
132 436
83 66
57 119
152 552
150 187
105 419
129 139
18 390
98 539
99 203
63 63
28 502
27 183
133 549
37 321
91 499
74 631
138 324
48 639
18 2
165 620
129 591
61 598
72 448
104 552
1 412
79 422
13 22
135 482
114 243
74 122
167 494
72 530
150 9
47 104
121 547
87 354
101 61
101 618
2 46
30 534
79 616
10 240
24 344
111 160
15 334
61 333
113 537
8 61
129 601
150 615
45 611
152 273
163 215
41 303
59 507
168 565
117 288
66 563
127 549
122 180
7 60
118 423
114 187
117 152
19 77
112 194
142 385
25 387
154 398
42 100
93 434
12 411
91 199
50 413
50 130
29 184
130 105
153 159
72 143
1 601
6 573
100 173
10 477
149 462
162 639
30 247
44 5
155 140
140 480
34 179
161 58
49 388
166 445
148 198
107 422
100 254
110 100
164 70
26 291
138 454
8 533
155 77
135 256
11 202
96 379
16 598
154 476
31 314
151 150
153 142
159 302
23 386
34 284
61 162
84 118
54 94
50 519
147 264
20 540
117 191
5 610
124 309
113 33
39 155
152 621
24 312
116 607
36 63
90 343
41 235
4 624
156 115
163 430
148 436
107 298
43 552
65 599
118 28
161 547
36 343
161 396
126 393
75 97
101 59
50 544
24 266
92 1
40 533
52 107
108 327
89 291
122 96
50 540
41 29
121 56
128 235
140 574
31 539
83 341
92 247
25 124
12 183
147 137
1 587
144 197
146 293
10 239
130 254
68 443
152 293
108 563
17 582
150 484
118 349
144 272
139 87
26 225
13 413
42 186
109 284
133 59
48 540
154 394
15 434
8 403
98 550
88 366
160 90
162 183
107 223
166 410
136 57
92 248
82 375
76 160
148 133
23 424
3 66
35 446
31 624
159 514
75 532
135 383
92 603
78 477
50 291
91 20
81 409
89 59
169 331
147 340
115 363
61 87
88 147
6 220
39 97
123 612
38 149
125 56
58 457
38 605
152 381
165 361
7 145
169 495
115 516
66 80
168 563
130 588
87 612
148 241
147 562
22 15
139 29
44 135
67 409
56 36
52 623
162 368
139 289
102 405
43 462
161 395
144 176
71 485
120 576
44 220
140 515
99 148
93 106
21 309
131 50
48 497
92 598
33 363
161 94
144 450
138 521
106 219
163 482
65 637
43 42
51 363
154 454
5 330
69 385
29 417
37 461
147 233
91 326
123 557
117 146
64 594
157 11
18 53
32 494
52 399
52 576
14 1
133 208
138 356
31 312
111 525
118 519
117 405
33 275
51 537
82 578
142 92
29 92
107 186
82 468
25 586
78 216
5 64
54 331
80 286
91 414
63 439
99 495
76 285
35 292
42 306
99 614
99 637
106 368
133 405
155 276
57 247
80 343
99 19
128 32
125 459
1 463
107 485
146 236
132 401
23 395
12 483
95 585
104 555
92 200
75 155
91 559
53 609
22 420
108 522
10 95
159 502
110 566
48 252
65 187
33 219
97 403
11 622
95 635
168 469
19 106
165 137
22 503
10 206
54 377
133 586
17 565
60 294
99 553
111 19
67 274
135 479
116 608
93 288
146 49
10 595
123 401
46 487
47 73
39 104
147 266
59 114
29 441
55 123
149 287
60 556
147 421
69 502
141 344
132 521
88 215
91 327
62 230
153 256
123 638
91 91
137 192
22 585
63 375
1 35
27 68
26 441
167 64
135 210
13 270
45 406
78 543
8 479
5 271
23 128
160 535
77 324
139 12
3 596
36 502
65 600
120 584
162 340
167 624
84 290
53 406
17 142
99 27
159 326
83 60
69 133
101 223
157 552
164 451
83 494
11 437
25 450
111 306
153 469
114 451
116 39
18 50
14 30
24 528
49 242
134 630
137 235
18 480
46 432
104 48
109 588
25 241
9 586
98 118
66 144
78 31
169 589
72 619
62 292
62 520
81 72
27 512
141 338
75 405
59 313
60 370
93 179
156 121
52 44
60 617
77 510
12 156
126 297
34 247
154 512
97 53
67 621
69 197
81 573
153 197
80 411
37 635
42 142
88 6
111 539
85 387
114 490
167 258
104 406
139 282
10 291
98 430
10 409
116 540
7 65
12 115
21 90
73 624
42 243
88 595
9 22
80 382
12 99
132 474
67 82
37 88
46 109
122 228
94 38
87 468
17 148
103 209
32 192
8 112
31 592
168 435
63 229
132 346
164 364
131 346
53 375
152 222
56 539
23 78
131 519
66 11
6 120
70 194
96 435
74 277
85 4
163 258
39 83
46 574
33 526
90 383
134 540
161 19
44 28
82 217
155 444
152 40
136 35
38 380
15 194
31 598
99 145
56 249
88 516
113 187
163 29
155 517
30 15
104 579
41 168
56 114
40 289
31 104
4 151
101 230
99 476
23 359
17 241
157 278
77 281
143 39
105 55
78 249
130 195
110 368
111 337
19 9
5 320
8 508
168 334
41 281
137 166
108 218
27 52
70 306
7 235
79 633
99 348
134 352
5 44
47 193
128 36
139 303
29 586
153 444
54 99
97 59
169 70
85 618
10 416
72 422
72 620
121 459
94 281
94 172
157 204
166 22
101 58
145 277
63 163
68 54
160 457
143 314
140 627
17 201
162 233
156 275
78 306
57 13
6 342
128 210
153 332
84 351
69 631
136 507
64 508
43 620
150 465
110 53
141 369
19 327
164 623
22 378
139 263
56 291
82 432
165 390
1 584
64 368
53 221
89 33
106 289
61 178
112 605
96 614
28 548
128 126
146 173
6 78
167 509
75 468
124 470
117 233
59 112
40 258
27 39
60 586
138 354
158 259
124 49
99 371
152 227
25 315
48 205
65 533
149 139
45 150
128 153
159 249
93 486
106 300
133 459
36 161
134 148
127 48
27 132
123 152
143 96
120 473
139 61
17 288
115 209
156 351
50 562
33 513
73 457
61 547
123 2
45 176
94 469
165 141
48 490
96 43
63 31
149 130
44 253
141 174
150 467
140 635
76 260
21 449
124 632
16 18
72 194
36 542
137 342
163 375
87 223
103 378
105 268
77 521
13 288
63 52
150 153
65 313
110 258
60 642
11 263
164 450
103 324
160 243
57 419
2 432
12 289
134 447
89 48
75 255
100 131
21 500
81 428
111 465
81 232
122 233
95 446
40 186
142 130
79 96
81 147
69 93
154 123
42 82
56 115
156 170
63 257
120 75
105 348
17 348
101 177
140 352
1 421
157 137
4 157
94 597
34 386
169 88
114 415
105 191
20 75
16 612
16 187
74 288
102 96
62 327
68 82
67 170
79 559
148 488
80 277
15 162
13 217
30 161
56 68
113 230
17 26
165 625
134 615
115 521
114 421
58 1
116 525
162 113
107 42
114 135
109 203
39 461
93 463
6 77
52 575
91 569
63 536
76 281
11 284
72 602
129 169
42 126
37 541
149 257
93 607
57 354
93 582
64 27
23 6
14 7
121 22
22 72
119 557
31 48
87 572
78 277
54 566
157 397
112 364
62 630
56 547
60 148
115 134
64 154
135 60
27 1
154 146
145 397
156 581
127 164
118 283
109 555
148 79
27 513
8 597
72 373
166 546
54 596
101 375
87 421
162 616
145 137
149 378
70 97
43 35
82 227
83 72
24 387
23 291
120 477
35 270
154 358
168 367
23 172
54 299
104 431
28 317
31 492
71 597
131 433
152 606
116 452
58 46
113 296
6 230
113 586
124 96
70 104
123 26
95 152
25 492
146 480
120 495
120 134
85 248
165 199
120 560
105 473
107 86
53 433
3 399
103 433
11 564
133 393
143 469
80 21
110 415
58 473
95 440
134 115
64 104
18 389
90 403
147 598
158 342
89 350
35 551
146 13
115 430
53 186
147 314
5 404
80 103
5 269
125 393
121 311
111 74
94 532
21 404
161 342
142 211
24 613
164 246
82 544
93 226
106 640
58 317
48 94
7 318
129 298
8 639
45 198
142 357
103 167
122 606
43 511
54 167
70 9
56 27
15 265
91 617
161 227
11 45
75 133
130 29
40 105
152 252
139 285
15 73
24 357
79 203
156 19
25 580
73 301
105 39
149 424
126 573
33 369
37 348
129 183
11 251
137 546
144 291
19 587
143 119
110 73
126 636
15 459
51 376
150 68
7 265
169 213
47 337
140 621
17 287
101 439
52 15
119 94
2 588
169 490
155 240
153 245
44 343
121 309
145 222
152 274
65 551
55 284
16 286
26 19
118 453
14 13
1 590
30 352
15 576
10 489
75 127
111 381
51 522
141 433
104 321
68 211
107 56
93 54
56 83
129 2
164 443
94 310
76 438
112 601
42 51
72 196
98 520
105 147
169 517
96 501
153 380
165 422
141 212
100 119
121 636
30 463
20 284
42 99
145 264
69 620
137 327
8 68
36 449
7 407
106 12
96 479
63 460
26 604
19 371
63 520
81 421
2 172
156 213
162 119
100 521
93 13
113 107
102 289
102 247
57 630
131 120
123 57
129 253
159 331
126 197
156 569
160 277
44 266
84 221
44 590
12 641
132 625
169 202
22 590
90 487
130 20
130 75
2 386
70 602
2 599
117 537
141 514
9 184
102 570
105 480
114 628
150 609
19 396
150 639
1 206
10 609
82 591
13 278
144 349
166 8
161 65
118 614
66 522
110 151
98 268
41 321
78 560
121 437
101 295
92 162
42 567
39 264
134 174
157 200
71 210
18 620
4 638
103 282
2 166
122 626
131 325
1 153
34 5
161 107
168 163
164 361
48 115
130 352
120 285
76 303
106 16
56 112
139 38
7 159
166 621
57 222
9 186
94 103
12 542
167 517
24 477
76 167
47 443
105 542
72 586
38 367
107 271
106 421
93 264
22 159
140 634
91 278
61 125
94 34
159 156
68 339
169 258
121 478
55 168
65 102
141 243
153 512
152 453
110 316
126 198
37 341
140 249
140 23
2 294
87 38
108 81
137 197
73 471
36 47
124 543
50 599
38 259
55 129
4 613
78 436
23 181
132 280
28 102
34 155
165 394
3 371
46 107
89 362
103 170
119 126
35 134
6 407
76 621
102 5
3 2
156 381
157 258
163 405
146 450
62 271
46 414
130 573
105 94
160 313
138 614
121 307
31 393
144 407
94 50
30 202
149 172
163 422
137 565
151 188
18 638
137 351
125 602
35 371
18 427
70 461
66 294
113 55
38 310
60 169
145 604
60 302
54 35
96 279
165 249
37 67
14 136
137 336
22 498
28 332
112 555
92 395
26 569
126 226
2 538
12 309
112 468
37 119
44 386
6 127
132 425
80 473
30 18
67 281
123 63
154 226
126 153
94 432
139 176
96 577
29 150
66 601
5 491
74 253
165 6
94 357
87 224
76 54
134 6
28 152
103 83
159 161
38 620
6 445
135 310
169 443
135 292
122 636
14 575
107 71
32 311
110 335
13 487
88 490
61 176
48 528
164 159
51 128
16 322
27 501
100 181
46 444
92 604
95 184
47 378
35 16
43 377
64 504
150 315
139 537
50 73
96 214
89 295
111 479
71 631
71 583
67 41
77 587
44 113
80 55
131 280
50 101
35 380
48 573
3 15
102 526
146 166
115 300
129 475
147 510
143 608
105 54
156 69
38 589
11 162
103 354
143 337
142 232
134 385
153 611
42 338
27 544
83 224
140 185
151 339
42 419
166 44
79 627
84 299
13 281
5 88
117 193
41 390
119 192
156 530
127 46
12 124
4 600
74 518
12 609
98 307
76 85
12 96
42 211
131 31
124 135
77 588
24 44
76 187
9 480
77 137
79 639
30 313
50 49
137 370
46 412
97 612
12 564
106 612
163 32
139 450
161 589
158 98
152 52
101 51
19 296
18 59
124 225
100 24
18 528
85 371
91 314
9 200
53 224
156 212
72 625
83 264
20 327
130 21
24 463
2 520
35 281
90 635
27 279
123 248
71 264
99 628
52 312
119 165
33 476
161 221
33 342
73 473
128 121
100 19
8 542
153 32
44 262
18 400
130 144
26 369
47 573
71 164
6 351
157 329
43 166
8 576
3 257
145 287
148 478
153 429
24 36
98 497
21 397
60 570
169 440
104 492
151 66
120 101
9 219
8 241
51 25
12 457
74 258
111 632
94 367
43 469
45 362
18 245
113 549
51 538
95 402
96 75
29 129
7 242
71 493
65 385
124 123
40 368
113 523
59 502
83 572
134 157
12 379
19 550
73 210
55 599
111 176
10 441
40 519
8 395
50 242
94 477
111 567
84 43
11 424
73 380
108 78
169 81
85 575
114 303
25 130
94 602
125 335
20 311
110 374
26 36
153 249
103 639
155 567
3 12
157 219
25 592
114 249
121 64
103 514
163 199
51 175
164 125
42 27
82 356
40 198
117 255
55 220
41 593
147 448
6 41
139 234
13 283
9 266
110 469
151 525
88 191
135 118
127 179
147 639
108 507
52 288
16 209
167 29
96 474
102 370
27 432
92 119
87 364
80 257
105 594
11 270
64 562
70 241
132 295
27 220
161 194
50 333
34 633
68 616
119 578
134 91
133 539
43 563
29 103
162 140
70 135
19 612
136 371
62 88
146 421
110 141
12 402
77 7
36 435
141 478
102 445
125 242
35 403
121 629
84 190
41 638
142 46
94 381
98 574
22 119
9 396
134 355
69 299
72 354
26 350
106 243
164 39
98 480
106 359
73 394
55 211
61 60
113 377
102 564
44 512
86 247
6 293
90 391
102 563
10 4
29 301
128 455
72 608
125 555
33 91
95 383
119 42
158 155
72 238
121 400
98 234
26 98
162 266
87 379
43 385
83 142
21 118
157 603
68 641
82 570
37 378
73 497
70 21
165 32
104 393
144 103
16 35
64 220
55 380
116 323
145 551
83 576
98 49
40 58
107 583
91 50
38 276
67 487
17 411
141 375
77 55
51 26
24 393
133 71
22 395
162 335
140 211
52 86
82 482
34 416
142 191
153 310
138 603
117 555
78 513
118 348
8 57
144 283
26 601
89 302
37 28
45 20
26 485
8 267
66 558
133 625
25 279
8 441
87 480
26 424
36 153
152 265
71 286
152 447
120 564
9 404
56 433
154 65
109 251
89 602
140 559
69 55
105 196
139 546
58 377
53 537
46 200
15 323
30 413
80 16
91 36
112 358
119 130
23 150
36 631
20 591
130 55
97 26
97 143
81 181
35 109
125 442
149 469
166 554
42 519
68 40
65 601
163 478
8 255
141 160
13 445
89 241
68 566
134 43
132 461
27 409
104 12
104 389
86 516
76 628
36 249
155 555
149 181
28 2
44 166
63 523
141 203
125 53
90 267
60 406
30 571
120 448
87 266
131 177
138 48
25 430
6 70
1 619
146 588
37 560
156 30
163 561
55 119
45 293
137 313
112 604
45 498
118 368
17 484
162 253
72 245
10 56
82 152
88 232
104 44
137 486
60 373
95 570
126 189
37 289
135 348
118 589
80 608
145 363
104 170
65 588
36 517
80 399
155 354
117 544
67 70
24 642
125 508
159 49
35 189
67 198
55 252
16 350
94 171
131 286
154 580
124 391
95 52
69 312
98 367
157 549
168 377
126 126
142 281
31 180
10 465
132 552
105 383
155 393
158 535
149 112
132 607
21 148
100 425
37 360
12 95
145 49
81 239
60 325
22 578
40 545
128 642
54 413
111 260
85 460
109 477
114 294
70 610
2 316
47 33
8 288
92 276
2 449
14 240
67 285
112 564
18 486
135 462
20 113
101 396
20 317
2 507
138 503
107 41
167 5
49 286
143 208
97 615
129 548
143 603
91 28
136 216
157 535
158 607
49 143
136 189
60 11
107 387
48 602
93 331
1 335
114 426
152 473
29 604
120 418
94 377
115 337
52 439
113 282
67 640
39 333
166 617
75 602
169 338
87 130
159 587
56 269
36 291
60 360
6 123
59 104
10 427
137 477
160 626
44 116
118 344
83 25
155 533
120 570
10 530
7 626
133 367
168 192
144 530
28 279
89 535
31 53
121 607
7 3
113 141
25 560
152 486
44 15
156 468
64 39
126 139
21 71
69 183
88 258
10 128
50 135
71 146
91 61
159 601
105 620
41 113
140 378
169 496
29 535
65 506
152 506
134 17
9 595
12 383
78 213
101 413
89 545
156 178
143 126
146 483
78 181
93 601
111 194
161 588
34 68
81 371
98 259
19 447
65 17
20 290
109 260
141 409
134 1
156 383
1 313
6 545
100 90
39 626
135 170
30 287
115 325
92 134
138 31
127 49
58 213
52 122
99 11
68 385
157 427
28 74
57 517
15 47
144 57
19 18
167 116
12 513
4 161
34 95
140 642
147 389
25 504
136 622
115 458
167 272
166 393
144 166
76 581
163 529
146 554
137 109
62 252
143 438
106 558
131 628
89 42
88 87
115 334
102 480
62 102
166 93
65 400
151 120
16 181
50 201
36 508
79 440
118 636
2 418
42 398
70 453
94 127
15 609
62 167
77 198
164 210
147 434
87 632
115 575
154 103
74 2
100 555
142 331
98 509
13 169
20 161
107 190
51 535
86 237
89 68
14 371
140 455
5 23
9 560
64 578
2 605
111 392
134 445
58 40
4 15
1 325
127 42
51 380
47 74
43 568
61 382
96 389
83 486
6 373
65 208
49 338
72 363
160 247
168 246
50 524
49 280
135 352
3 139
68 421
106 127
39 568
89 439
151 154
95 336
138 199
153 507
166 135
59 629
27 392
24 128
62 539
26 206
18 66
85 431
8 448
34 493
146 447
124 524
4 100
93 309
65 263
66 104
133 241
138 331
124 43
132 505
139 571
79 243
20 459
162 625
73 266
167 81
71 371
61 640
84 377
87 253
167 447
101 304
124 165
125 211
166 150
140 273
8 77
31 157
38 162
85 588
113 130
29 311
61 472
159 307
78 206
131 210
40 234
137 589
7 326
17 175
52 256
100 549
113 192
53 165
31 38
17 551
12 52
151 58
162 231
57 389
31 376
48 559
11 277
55 460
133 54
3 410
161 16
75 149
15 485
25 428
138 328
37 205
62 187
114 71
162 461
87 444
54 492
22 272
128 114
37 498
98 397
101 448
90 238
144 392
149 422
136 1
69 251
78 235
39 497
51 462
166 543
69 203
23 91
76 571
51 576
128 515
142 506
86 389
59 119
157 402
125 295
119 430
136 224
158 118
127 564
71 63
105 636
169 557
118 534
169 237
112 472
163 585
164 379
16 154
114 206
73 214
165 154
56 364
81 143
141 255
79 214
144 402
13 96
6 376
134 573
127 159
141 636
7 329
55 637
156 79
132 496
2 629
147 424
22 458
103 432
38 275
101 206
11 151
49 442
52 84
164 426
86 586
92 250
169 151
61 577
112 554
16 573
163 584
60 471
12 14
67 99
76 553
19 14
24 294
151 364
122 45
76 112
17 460
126 600
114 23
140 612
68 141
108 436
75 613
76 400
8 49
55 325
154 462
120 19
131 544
164 51
146 20
4 256
38 213
28 412
108 37
50 354
45 472
46 402
81 334
97 529
7 571
124 206
94 433
40 640
122 593
165 324
82 200
167 182
100 203
1 242
49 415
146 500
44 596
46 479
41 616
52 287
103 556
45 404
130 217
165 159
149 43
114 12
164 57
128 157
92 595
7 317
136 609
51 548
110 467
94 370
37 280
135 24
72 431
90 27
115 340
29 276
147 459
56 312
67 635
27 53
10 630
111 271
64 372
85 235
90 600
129 314
133 504
140 285
69 136
90 442
56 63
127 338
151 523
67 280
68 391
53 180
111 320
43 284
86 566
158 447
168 617
82 314
111 179
22 506
16 219
32 433
48 626
117 220
169 162
125 502
166 272
8 489
9 359
159 358
63 310
147 354
148 494
162 210
9 229
98 180
104 171
161 96
95 193
14 99
70 293
115 34
82 336
128 21
30 35
106 580
63 15
18 381
77 388
106 197
56 345
67 306
130 440
6 441
31 367
47 503
148 104
80 119
1 472
95 96
123 420
57 538
58 254
154 77
159 133
25 85
168 408
111 128
71 47
22 246
38 408
17 88
130 593
137 237
66 257
169 229
27 229
152 423
158 215
80 490
99 340
103 201
95 121
79 205
79 348
51 610
87 598
22 42
28 156
160 582
101 588
84 623
142 493
109 365
9 263
158 26
71 407
126 318
103 102
39 624
14 2
153 402
51 217
55 159
163 451
108 335
99 421
147 158
65 258
9 182
77 79
109 565
65 384
13 620
25 22
95 472
163 371
71 245
102 449
111 223
69 184
114 57
58 564
46 520
115 501
123 437
143 106
141 417
41 561
142 459
94 101
140 601
169 470
151 48
134 364
145 99
123 75
131 350
3 494
105 455
66 487
43 116
103 592
103 331
9 90
36 288
124 182
24 365
23 168
24 255
158 639
46 176
98 437
53 142
34 499
169 556
143 155
78 314
101 417
9 564
108 74
101 601
129 221
32 258
121 575
10 470
150 194
166 354
153 340
95 608
87 596
40 397
128 78
34 481
113 562
132 238
116 253
107 43
113 162
143 150
110 425
159 4
90 425
123 555
96 295
13 2
31 249
58 268
65 419
111 341
96 626
145 368
41 275
58 587
23 626
2 125
29 516
124 488
125 407
52 342
95 202
147 356
37 159
8 82
80 434
66 158
92 351
64 300
86 152
39 468
16 497
80 532
36 205
99 361
107 160
59 374
28 599
71 419
85 28
95 484
110 223
5 555
164 78
88 603
90 366
75 134
61 434
145 270
118 293
79 186
5 125
92 386
133 185
61 530
134 320
157 337
34 96
5 444
161 555
1 523
114 180
112 368
6 233
160 445
166 623
57 238
156 268
87 591
119 622
168 409
5 328
142 73
66 573
113 28
54 258
121 343
156 131
78 317
20 516
77 336
22 49
93 579
38 82
157 608
84 265
148 364
70 187
96 299
127 45
115 433
111 639
38 351
76 406
86 89
104 255
29 190
6 554
157 604
159 26
32 480
97 95
146 307
145 408
44 533
127 620
134 550
163 236
25 486
92 473
88 172
68 193
161 278
55 173
20 582
67 292
134 473
55 377
60 152
40 342
140 364
151 215
69 564
39 277
154 270
52 313
67 547
74 508
3 70
14 218
8 4
36 228
120 344
148 603
63 618
23 37
60 78
12 265
142 147
8 609
10 268
110 439
24 371
44 51
7 542
42 137
168 223
55 522
2 168
127 492
102 168
11 264
40 578
55 49
129 452
57 491
22 437
67 2
78 236
72 607
145 41
30 511
42 232
60 392
141 223
109 539
8 559
75 84
44 509
28 137
140 607
132 471
147 19
62 361
76 410
145 510
136 132
155 121
161 609
116 255
41 408
161 348
151 28
98 87
21 229
43 352
133 337
145 401
53 434
12 594
39 255
88 339
160 536
15 275
23 259
29 37
10 594
27 437
71 130
122 209
71 357
114 65
150 232
29 552
31 22
131 45
101 507
29 399
116 185
129 422
118 585
32 381
137 285
140 493
99 503
115 188
108 629
88 203
47 342
139 70
115 238
24 198
11 562
154 107
40 142
67 223
87 357
68 200
96 564
51 306
89 290
107 151
32 558
115 499
124 203
153 85
15 456
68 450
129 602
126 614
169 528
87 9
147 186
124 634
87 81
134 53
148 464
98 263
73 509
23 191
65 133
120 535
156 331
57 641
31 343
102 427
157 525
78 592
65 286
106 475
107 559
96 425
27 136
124 13
13 436
95 27
73 486
58 632
67 232
58 221
37 401
6 472
134 632
4 126
76 520
102 239
68 386
68 535
128 318
117 594
106 525
15 595
17 28
87 135
65 451
31 144
13 378
148 599
94 194
4 491
54 359
166 318
99 308
101 93
142 12
146 517
136 537
140 398
87 532
87 285
10 591
99 211
161 197
169 354
133 40
127 335
147 299
128 363
165 466
63 318
92 305
12 5
167 474
100 611
92 373
145 598
98 117
38 187
111 549
156 436
44 191
42 363
155 538
23 490
103 48
25 630
21 320
23 182
30 452
147 236
109 612
50 371
160 64
168 553
34 53
5 531
9 214
57 594
22 495
5 180
3 141
149 276
64 314
6 383
31 295
122 212
103 603
87 344
143 529
130 222
54 459
13 468
73 606
95 255
153 103
127 479
125 478
155 415
68 447
75 111
21 138
126 176
18 265
123 576
39 523
22 600
17 91
147 453
61 227
47 438
93 172
30 241
12 614
156 138
59 604
34 400
83 53
79 3
150 173
3 300
70 37
159 238
123 109
159 253
155 162
157 396
123 22
7 420
33 69
167 430
46 581
147 446
142 635
17 118
160 201
66 449
71 558
92 599
116 98
112 436
144 620
105 207
38 621
100 535
141 352
169 192
6 391
141 469
59 69
59 200
112 406
53 213
38 179
106 551
24 302
112 181
10 39
157 358
149 332
4 180
116 332
26 505
67 32
19 53
65 596
73 289
44 108
153 617
147 630
70 434
111 284
133 440
19 524
80 450
135 419
129 600
70 593
100 33
137 190
108 109
18 226
100 271
133 27
103 612
155 222
62 43
29 456
11 94
11 275
166 284
73 619
50 416
33 226
69 495
49 265
81 311
65 608
78 59
155 461
61 574
48 198
56 80
38 484
38 215
95 159
138 105
141 486
131 110
87 365
120 375
62 639
83 398
82 462
80 273
1 554
13 335
96 86
107 237
17 300
133 260
16 456
34 621
91 636
67 1
124 218
136 543
6 255
61 5
67 413
54 412
5 231
78 3
33 107
143 226
103 561
117 51
41 209
88 384
88 512
29 57
38 58
145 514
107 460
21 633
52 54
2 383
122 284
36 452
85 441
39 261
11 507
78 179
125 65
75 167
35 76
7 361
116 563
49 623
127 11
27 237
30 85
64 330
6 34
110 522
3 563
131 82
154 460
147 222
101 242
45 424
108 32
62 414
61 456
104 462
151 137
123 228
2 628
105 256
17 83
26 521
155 495
4 33
110 96
16 607
86 196
103 435
3 507
83 229
94 594
68 453
62 141
135 347
164 409
43 367
94 529
6 235
164 554
88 445
146 532
3 204
114 530
74 46
98 324
154 181
72 460
140 594
77 180
133 489
65 210
127 177
17 523
150 360
114 91
64 135
119 473
147 293
79 473
64 344
46 619
100 373
74 201
153 543
91 542
3 138
159 424
137 301
57 42
58 444
112 426
97 166
113 52
86 307
84 321
123 234
65 220
96 32
143 158
116 101
143 427
87 193
50 82
16 581
86 297
20 46
1 190
156 197
48 489
58 47
17 57
50 404
19 233
120 415
74 300
50 192
30 254
65 26
29 397
111 116
132 312
130 638
47 281
120 221
45 95
99 506
129 215
89 527
46 553
6 93
141 290
32 156
166 198
34 472
164 334
79 459
93 39
34 501
91 46
99 451
141 530
29 132
101 202
161 520
150 45
131 192
105 625
8 637
25 18
53 41
135 25
163 142
27 362
131 466
92 121
10 94
125 59
153 553
9 639
127 251
72 447
40 167
109 126
97 44
86 418
89 434
153 558
151 485
52 614
153 284
27 230
89 8
97 465
23 219
164 306
62 629
123 158
34 463
57 412
61 317
155 413
155 74
154 361
167 186
45 494
61 614
45 119
43 390
44 566
116 176
37 92
103 104
136 202
126 500
40 362
20 208
149 156
135 433
70 117
71 521
82 319
65 8
39 296
85 14
42 293
152 296
22 160
136 548
130 157
110 120
51 52
124 278
101 270
7 82
25 49
123 99
11 587
163 243
37 582
165 74
62 486
21 282
1 208
102 329
142 63
29 338
73 305
73 161
124 587
77 279
19 367
121 217
100 288
160 234
141 334
112 504
38 598
119 520
8 401
35 634
71 344
166 308
166 96
25 69
30 94
22 82
133 157
151 82
61 271
147 26
35 120
122 507
151 350
132 286
119 149
17 40
66 626
33 553
130 205
26 188
138 118
5 502
150 409
76 217
81 191
168 191
122 207
82 18
159 433
140 29
127 205
120 116
137 222
93 395
148 336
1 55
81 542
121 303
156 407
21 505
57 183
42 5
70 361
64 234
142 584
20 544
77 405
90 61
35 54
142 587
75 290
120 414
150 632
71 484
6 51
112 638
32 28
107 585
2 500
31 153
63 558
14 295
110 401
31 82
4 454
135 511
44 377
156 338
98 302
81 376
87 392
92 170
167 435
40 472
41 534
65 563
29 405
142 306
26 320
55 454
169 47
168 336
59 118
87 29
62 402
104 311
1 555
137 332
95 141
110 245
114 8
115 175
105 502
45 46
39 615
74 51
27 120
57 319
129 534
153 456
135 339
16 324
66 638
8 500
133 47
103 115
104 233
90 324
38 612
92 314
91 74
20 205
93 528
4 321
141 313
98 32
11 36
60 550
58 126
30 253
62 590
46 566
140 198
19 402
113 193
67 186
49 553
135 4
16 50
83 549
140 203
93 604
112 595
107 384
28 263
139 127
44 111
160 467
78 119
18 619
7 269
155 263
42 619
65 278
122 222
144 82
131 84
18 391
115 21
112 204
94 565
101 15
148 383
138 57
118 88
108 314
21 45
62 538
120 57
142 395
169 66
117 357
83 10
66 147
151 310
53 572
135 141
157 471
123 347
28 403
6 443
26 543
54 282
129 499
14 459
79 551
147 390
88 479
121 65
102 483
61 419
14 446
75 537
66 352
112 616
5 481
18 500
17 454
69 292
16 424
106 240
28 46
74 236
107 578
100 629
97 425
54 386
1 482
101 113
103 482
141 131
71 229
133 603
108 98
125 281
89 98
63 335
122 498
142 585
168 445
43 501
25 182
105 376
78 557
157 375
3 611
9 634
28 175
77 155
55 420
145 356
169 330
84 450
110 268
108 604
97 113
51 440
25 2
