122 132
15764
28 105
98 24
111 77
94 98
94 73
34 38
59 9
115 13
112 109
100 18
6 119
20 60
113 79
43 9
96 86
76 27
88 86
8 41
90 33
16 44
49 113
41 105
15 46
53 85
87 56
14 84
83 45
97 16
82 98
104 130
8 109
92 71
70 71
25 13
43 7
31 75
58 36
14 131
87 38
69 32
102 21
35 86
54 126
67 128
90 98
74 88
17 75
15 85
57 26
2 93
47 79
80 1
84 75
105 19
35 1
67 51
104 125
42 45
15 64
69 103
88 117
105 38
70 79
84 111
95 78
10 73
67 74
99 81
71 130
119 91
12 107
13 110
14 73
32 90
119 107
122 58
19 60
51 33
115 57
62 120
95 106
23 55
37 81
67 80
105 51
78 74
47 45
114 72
1 13
13 47
60 27
8 91
79 122
45 96
92 23
100 74
102 105
55 80
50 52
84 25
88 81
81 85
118 78
8 60
66 130
19 48
9 75
1 43
51 80
53 99
102 45
65 85
80 125
72 48
53 21
111 124
13 100
111 69
52 39
72 87
29 118
23 22
120 128
31 115
1 114
9 33
105 125
96 35
78 27
68 26
37 72
78 7
89 106
34 22
12 27
28 106
69 9
58 124
93 73
21 18
113 39
90 31
32 87
14 5
16 118
43 21
57 91
122 109
40 16
113 52
105 35
93 98
42 126
41 75
81 27
45 31
106 80
90 122
115 96
43 71
115 23
35 127
112 55
41 49
98 46
109 129
87 131
12 42
35 94
14 30
21 1
87 83
106 82
1 98
79 66
115 21
81 111
26 66
70 41
92 29
25 82
49 26
111 22
62 80
25 57
76 79
99 106
23 16
96 128
46 34
64 14
58 95
113 35
122 120
55 45
77 75
93 128
107 50
33 127
118 5
63 58
80 27
92 8
24 70
42 124
40 109
47 1
61 26
87 78
69 88
18 114
1 53
79 96
78 117
103 87
109 69
115 10
52 89
42 6
97 107
106 10
117 31
19 56
80 84
87 32
51 101
58 12
5 49
118 72
72 55
68 62
118 88
21 126
8 103
35 34
1 71
99 34
12 15
96 5
68 60
15 32
2 43
26 8
75 53
34 73
86 86
119 37
3 40
42 36
76 108
65 31
92 21
107 7
97 80
33 7
44 5
74 112
54 43
31 53
59 77
106 35
71 74
61 56
21 48
17 58
88 35
12 66
44 9
21 101
74 115
28 59
46 46
83 34
4 102
36 36
98 88
10 52
65 36
119 28
88 65
30 32
30 91
121 114
27 68
4 3
83 76
41 89
34 64
117 124
20 29
51 84
23 20
64 53
33 14
58 3
100 57
2 16
53 110
89 121
102 70
114 59
78 73
68 21
115 92
21 71
15 82
54 73
66 31
25 19
101 9
116 57
28 23
3 4
26 30
23 1
41 20
58 126
5 122
16 99
68 131
114 31
15 71
27 32
72 107
107 63
89 83
68 71
121 39
35 97
21 118
39 90
38 24
73 121
106 23
18 56
106 112
11 121
118 95
2 28
58 73
32 15
61 32
91 132
70 69
75 21
17 50
89 104
104 86
48 28
23 57
65 56
4 81
20 114
84 36
61 27
30 102
24 77
102 58
108 10
94 42
8 78
74 65
10 98
66 44
24 84
25 107
55 130
90 19
32 54
86 52
100 126
56 76
115 8
60 43
117 128
99 30
95 34
16 81
118 52
54 115
75 64
61 16
15 84
87 13
118 48
28 125
6 129
34 125
77 35
44 92
6 64
64 103
101 12
118 36
31 29
103 104
23 74
27 48
87 115
79 12
13 114
76 73
53 123
57 60
111 50
99 105
40 59
95 30
51 22
111 127
98 121
16 123
109 7
44 122
98 65
76 128
114 7
2 2
5 72
117 9
73 86
13 43
61 130
8 43
55 59
18 26
99 96
10 112
29 24
37 102
118 54
101 18
99 61
26 120
101 43
1 1
31 26
62 119
88 14
73 89
13 1
90 93
52 121
72 128
100 77
47 91
57 20
28 90
55 44
28 18
70 39
16 5
54 5
52 132
97 7
55 20
110 100
89 102
120 79
15 121
13 87
40 62
27 36
108 100
12 41
17 29
96 85
73 124
72 81
117 77
61 69
82 27
100 41
20 130
32 129
33 70
42 7
113 119
50 91
19 59
31 13
106 87
3 107
92 51
67 96
8 55
80 9
95 9
93 68
93 79
42 68
38 105
86 31
104 124
52 79
61 104
3 53
86 59
83 10
21 40
81 78
33 126
118 49
117 75
74 11
56 101
119 55
69 124
32 78
110 1
39 14
15 93
78 28
101 84
48 108
56 112
45 104
19 64
25 33
5 126
120 98
102 95
84 87
33 125
44 94
55 81
112 108
9 129
109 14
16 79
77 34
26 95
120 15
17 106
64 78
67 49
80 95
36 130
56 87
117 24
107 104
23 102
66 58
109 41
109 96
1 90
114 128
118 100
17 62
41 46
88 88
87 60
85 20
120 74
86 17
9 70
117 94
23 79
28 87
40 17
85 41
21 36
18 102
77 25
88 112
35 126
27 34
71 83
18 39
68 97
23 84
37 28
75 100
10 101
107 73
121 123
80 116
51 123
9 122
81 5
23 103
113 111
100 23
66 128
34 24
45 85
19 130
106 9
33 81
51 100
98 16
69 1
16 27
29 47
49 34
11 89
37 26
118 28
97 58
17 78
7 105
28 102
4 54
102 122
60 60
54 98
29 61
27 45
27 21
112 45
87 62
100 66
84 23
59 45
87 102
86 21
107 128
5 121
113 25
121 43
14 104
103 34
95 58
17 24
9 52
40 31
36 89
58 112
7 35
53 13
72 23
21 125
31 94
72 96
51 51
101 51
31 8
31 132
45 10
60 28
73 102
25 83
50 90
21 108
78 131
102 107
109 58
96 65
33 42
41 128
100 123
40 40
44 116
82 107
119 18
87 91
68 120
78 52
113 109
95 82
82 56
94 124
28 89
70 46
87 130
121 66
62 47
86 71
100 101
69 33
103 46
90 111
69 15
40 81
67 71
110 42
61 107
31 83
47 122
57 12
69 40
114 120
6 30
5 40
95 36
28 88
35 33
82 60
14 68
6 115
48 110
93 102
80 29
29 93
25 111
87 64
46 121
56 127
75 114
8 66
67 110
22 7
101 103
63 3
69 28
8 80
117 54
84 119
2 26
98 124
88 110
36 33
6 78
5 118
80 105
90 88
73 19
5 73
50 7
71 78
13 51
86 95
64 24
16 12
64 122
81 97
60 20
36 53
84 105
49 49
9 72
116 32
51 44
98 81
64 128
62 4
51 21
72 58
96 101
113 9
91 23
103 16
64 50
40 72
26 97
84 31
20 6
39 62
26 59
77 108
43 82
94 103
70 53
44 54
103 128
15 40
104 117
52 100
18 81
101 107
8 31
22 69
110 56
25 87
35 6
20 95
63 36
89 56
75 63
51 82
114 56
100 98
60 9
67 17
71 116
45 22
88 102
68 11
85 7
89 39
2 111
83 64
65 24
1 57
83 72
11 84
3 61
99 86
55 119
44 126
83 5
87 87
71 113
93 62
61 98
12 31
52 51
42 83
27 105
9 4
28 123
95 35
70 86
14 33
10 17
84 127
65 26
77 106
87 70
33 44
13 5
44 7
95 67
26 86
117 115
95 39
34 104
92 69
35 55
101 15
11 47
74 69
6 38
71 1
53 52
97 128
82 115
43 11
116 52
110 40
65 48
93 18
102 103
75 67
65 81
89 67
28 91
100 91
121 23
110 58
9 31
76 106
100 49
49 109
46 116
70 7
118 96
27 56
81 104
23 18
118 103
85 108
42 41
83 16
31 116
41 1
29 69
46 100
122 56
15 25
96 11
41 34
100 111
56 126
3 45
79 24
121 47
4 65
16 117
91 4
58 83
111 109
44 20
15 42
54 70
99 114
43 50
37 33
88 59
23 50
89 46
71 73
23 86
10 84
101 38
75 72
118 87
68 46
36 90
33 56
25 37
24 129
4 79
72 54
114 24
97 13
22 104
13 20
1 59
56 62
104 10
7 103
75 120
68 122
77 47
64 109
121 7
10 55
113 53
106 21
89 20
65 51
76 86
69 27
41 108
65 66
24 24
35 104
27 1
47 20
75 19
22 132
45 46
84 94
74 38
79 37
101 64
41 96
34 19
28 122
70 107
94 119
110 122
70 16
9 101
82 46
63 77
67 25
83 69
54 112
62 92
83 127
49 20
103 25
10 125
64 129
20 110
89 31
102 37
23 123
113 80
51 120
68 39
57 16
118 53
105 27
73 13
22 111
52 47
114 78
104 42
20 34
65 42
96 9
33 31
42 47
38 94
64 132
26 21
62 71
62 128
120 109
106 60
88 3
64 26
74 81
63 44
56 1
80 4
74 132
62 95
117 7
82 39
96 20
96 41
88 46
78 116
43 73
12 110
69 29
63 89
39 101
109 3
12 76
100 30
1 125
28 9
118 76
109 52
83 24
83 2
122 125
90 67
40 34
50 21
106 33
80 3
75 85
36 118
29 72
90 41
61 25
15 128
3 56
85 114
110 116
120 112
117 114
86 33
73 5
91 43
8 46
27 26
23 54
44 87
14 108
2 11
44 17
24 88
119 33
49 44
122 117
112 83
32 108
34 63
34 66
106 7
27 106
90 128
14 65
75 57
100 104
41 16
105 54
119 59
14 51
52 46
100 105
38 79
56 120
120 126
80 74
58 72
119 109
82 57
109 56
11 101
15 75
81 10
8 4
37 68
93 117
121 103
115 25
109 49
31 74
79 36
54 94
28 63
41 39
38 129
73 41
41 101
85 73
23 124
96 30
83 8
21 12
19 103
94 91
91 51
35 41
2 33
24 39
7 41
81 45
108 61
47 4
16 41
47 32
121 26
60 40
103 66
119 68
36 55
31 45
20 10
90 85
104 119
98 122
30 88
120 103
52 18
38 5
87 82
84 114
80 71
114 58
107 71
102 22
84 40
110 12
48 10
86 78
119 56
54 40
4 43
35 52
112 114
14 89
62 60
73 33
57 14
1 92
88 39
98 125
59 118
73 27
49 88
21 35
12 101
33 33
46 61
92 17
62 79
42 132
1 26
102 88
58 27
93 131
58 101
85 67
26 81
21 132
107 10
77 84
89 86
7 84
58 33
98 42
116 58
72 4
77 102
8 107
120 21
98 52
18 66
55 21
65 52
3 83
10 19
76 23
23 112
51 61
72 32
28 78
58 76
121 24
20 118
83 44
70 12
13 37
61 3
115 22
75 40
50 53
119 38
87 61
85 55
104 71
53 113
108 46
21 67
116 93
93 120
65 124
117 22
115 85
45 75
76 95
13 122
56 103
73 92
94 17
77 127
78 123
96 106
26 12
111 88
68 16
74 45
80 65
82 65
76 122
45 28
83 101
72 94
17 57
54 2
5 132
6 127
11 71
87 44
102 55
20 89
88 119
47 3
84 14
105 14
115 33
4 11
47 96
97 30
44 96
108 6
116 43
56 60
58 114
15 43
7 22
116 130
14 3
49 58
118 120
115 68
41 112
118 33
94 81
102 82
61 89
67 109
71 132
5 94
105 81
69 89
58 46
6 39
40 126
42 73
39 29
103 120
37 127
16 85
14 29
115 83
103 102
40 22
103 114
118 59
31 112
100 33
63 103
78 38
77 78
117 103
37 97
10 21
7 69
89 21
57 4
120 122
19 62
109 65
75 28
13 106
42 42
42 118
33 71
5 123
29 58
79 27
48 90
11 90
7 10
50 2
73 31
62 126
43 13
21 94
80 47
62 125
76 80
35 76
49 64
26 107
93 38
66 49
63 131
43 105
20 90
33 62
113 6
48 83
39 99
71 7
26 46
48 27
2 83
1 117
35 39
113 107
70 99
85 35
61 52
10 94
62 129
18 125
1 54
34 120
36 91
107 12
59 37
104 128
61 44
101 85
20 69
51 1
58 109
106 37
52 130
56 19
34 101
107 78
15 125
10 67
122 97
6 59
10 62
106 111
113 120
86 114
67 77
38 92
89 89
33 60
115 95
82 131
15 39
61 86
19 106
98 25
102 78
58 61
51 109
52 112
53 18
93 121
58 111
68 95
89 52
92 94
111 33
108 65
54 49
104 25
55 56
14 107
43 48
80 24
69 20
82 89
43 6
10 36
121 8
95 44
86 79
25 71
6 52
17 39
66 64
33 55
40 27
101 95
116 72
46 120
61 59
114 97
64 23
44 118
78 71
47 116
33 94
44 6
76 40
112 70
44 34
49 130
103 35
118 40
45 48
63 70
103 62
63 110
92 106
47 59
78 109
59 101
96 37
104 5
36 61
54 83
122 33
15 4
22 30
16 128
14 31
6 75
54 61
64 80
31 21
99 50
46 5
19 65
54 104
103 2
120 28
108 64
16 29
85 33
97 94
97 110
122 77
62 106
79 114
11 28
75 43
84 5
33 48
122 99
113 59
112 81
4 108
18 28
2 68
117 109
92 5
39 46
88 53
100 11
85 110
57 9
56 61
29 53
88 17
26 70
73 43
117 53
112 118
22 52
67 26
18 49
52 91
87 7
43 100
80 94
78 100
25 58
46 95
17 85
66 101
58 6
31 101
60 63
103 84
104 126
72 82
90 81
111 93
80 77
30 65
16 74
81 19
90 131
53 71
69 109
122 61
68 87
54 8
36 113
43 117
98 17
56 95
63 65
19 99
21 86
29 130
118 14
47 82
25 2
55 112
33 115
4 129
63 96
88 26
52 56
59 53
81 24
27 99
47 128
107 76
10 127
116 28
60 17
49 122
121 46
61 37
76 58
61 108
119 81
20 55
34 40
42 90
108 102
89 107
109 30
69 68
9 45
6 113
40 7
59 96
93 78
46 10
53 82
71 91
109 130
53 117
7 45
70 51
80 68
73 49
18 34
110 67
30 132
84 77
43 22
120 26
116 112
88 52
19 72
114 32
72 65
85 64
104 8
44 113
25 98
90 74
97 86
54 76
57 38
53 54
100 115
6 121
44 81
28 36
6 90
59 3
17 126
118 8
112 105
12 81
95 14
72 86
14 116
34 121
97 108
108 37
84 76
89 119
9 116
48 15
113 85
22 77
52 66
16 23
51 126
1 79
18 85
70 44
74 40
30 53
51 97
20 107
58 9
64 85
55 83
6 1
59 93
1 16
120 94
13 31
29 116
40 112
94 22
43 124
50 59
122 50
109 103
99 97
30 41
117 6
27 23
23 109
114 42
16 57
65 55
8 71
31 73
16 131
88 7
8 82
105 23
69 105
12 12
69 26
115 72
32 31
39 54
63 55
13 128
21 116
62 2
46 45
79 102
59 26
39 16
38 74
117 18
106 29
46 124
107 79
100 55
9 100
4 13
118 80
32 113
14 129
68 57
89 75
13 42
69 106
52 49
42 105
72 79
15 122
11 126
117 116
33 26
4 48
7 50
35 79
117 62
78 55
110 106
107 57
8 18
117 47
1 32
51 43
4 34
40 132
104 62
20 36
15 26
112 66
111 53
14 60
74 89
101 119
85 87
44 56
3 48
43 118
104 87
88 120
27 125
30 79
18 9
36 19
121 117
109 11
52 71
72 72
98 99
65 2
90 118
50 129
74 30
49 19
70 26
121 120
118 51
101 124
72 84
97 37
100 58
73 42
16 70
112 39
90 83
116 5
84 84
42 27
67 124
4 109
103 59
57 106
93 114
60 128
48 69
80 62
46 56
76 2
31 33
3 16
116 36
9 99
17 92
25 90
27 95
34 10
26 113
36 58
17 79
58 43
25 12
16 58
100 13
111 107
112 65
2 72
50 105
90 115
33 119
99 56
13 94
42 109
25 101
73 67
72 26
92 115
62 17
93 57
68 48
95 72
67 125
110 102
38 90
99 66
28 4
95 110
47 57
52 88
104 114
48 52
12 88
79 62
49 120
5 113
97 79
58 5
72 27
105 16
64 87
13 105
26 99
47 61
71 117
120 88
3 91
75 116
57 59
119 65
61 114
94 57
95 125
118 104
114 11
29 50
9 81
44 11
101 60
80 109
112 72
110 61
92 101
66 13
84 44
12 38
11 4
67 94
54 14
99 125
83 11
84 37
63 57
21 112
62 59
86 112
67 81
95 4
12 97
38 77
19 94
93 51
99 100
27 22
97 62
114 26
62 97
78 68
58 44
64 32
46 1
115 14
81 79
3 10
110 49
99 10
60 132
77 10
58 24
103 95
106 13
37 117
111 29
35 73
75 25
75 44
25 97
3 29
52 90
81 1
53 106
51 91
13 57
110 110
87 74
31 69
36 78
34 32
22 27
106 18
30 25
18 33
70 123
71 111
106 124
33 16
109 82
24 64
86 96
17 31
11 8
54 71
72 126
78 64
14 93
46 97
36 122
104 44
23 33
115 27
111 16
32 19
78 40
8 59
76 116
9 60
19 3
118 4
108 103
85 103
27 72
111 98
12 92
112 100
91 42
59 13
65 98
17 9
90 108
108 2
61 72
82 125
29 88
91 68
64 36
82 100
85 131
49 23
18 61
118 42
4 95
80 59
70 127
122 76
23 6
82 49
35 109
38 47
107 89
67 6
31 93
94 111
43 84
20 41
121 2
118 62
71 106
60 57
97 5
30 56
73 97
72 37
27 107
113 132
81 3
120 54
85 27
21 29
26 111
112 106
5 44
38 91
112 36
97 81
80 64
116 97
71 2
61 49
66 36
66 56
54 130
14 92
97 65
75 5
103 64
77 125
14 67
118 122
62 115
92 44
69 13
84 2
43 81
66 18
46 74
112 2
84 71
27 42
47 39
118 102
120 59
57 114
121 67
89 44
45 65
99 84
38 26
84 118
73 91
23 97
8 23
101 70
57 52
120 95
17 109
64 62
59 104
62 96
10 83
67 121
17 116
80 17
57 95
44 18
4 62
22 40
16 105
84 96
114 106
13 14
6 4
100 128
19 83
109 81
45 82
21 3
77 39
119 104
114 82
84 12
17 55
92 87
68 67
30 72
34 94
76 104
101 65
9 77
84 62
78 23
10 34
20 105
65 118
52 3
62 30
14 130
26 45
18 6
27 52
26 114
4 42
106 78
12 85
69 14
69 37
54 80
3 85
93 50
101 49
18 38
86 54
108 109
82 96
30 20
28 94
75 91
57 113
14 8
64 83
20 116
84 20
35 27
66 55
106 32
49 104
109 83
13 12
90 36
98 14
49 101
25 103
43 101
113 18
49 29
13 90
86 69
56 53
117 93
70 112
9 83
91 71
74 102
110 94
92 22
36 67
26 33
54 128
94 66
11 53
3 51
98 15
16 64
62 8
109 20
96 12
105 84
28 109
119 111
83 90
64 11
95 40
5 33
114 29
61 118
68 34
111 34
78 84
90 120
44 70
54 10
49 131
25 14
99 25
99 31
21 47
42 11
66 15
60 46
107 14
60 34
4 38
27 126
13 2
21 80
72 78
55 22
91 94
11 7
95 75
36 94
60 120
65 122
58 30
88 32
7 18
64 30
43 46
56 28
112 4
87 95
22 99
102 6
49 21
11 23
4 119
47 68
94 96
67 14
109 131
120 104
104 56
95 79
56 6
80 79
30 54
21 37
31 11
58 14
40 75
68 5
49 110
44 44
85 69
37 57
89 64
85 17
99 130
77 110
84 78
27 4
19 63
116 122
106 131
60 61
27 87
36 77
88 98
36 100
95 1
91 39
56 68
102 9
108 67
82 124
105 101
69 78
60 92
100 116
96 102
56 42
1 115
98 89
2 71
48 114
47 58
98 123
101 69
122 11
5 127
26 51
28 93
91 81
80 97
69 44
54 125
11 2
56 125
2 80
41 27
103 109
60 94
121 90
81 70
103 126
112 61
25 94
30 104
53 102
79 112
86 68
103 3
12 21
122 64
47 27
31 42
114 93
13 26
37 128
95 123
106 28
48 77
56 39
100 31
73 48
73 4
31 70
3 65
106 40
74 55
8 122
36 50
50 61
112 92
93 20
29 111
36 87
54 21
46 32
34 14
48 29
86 108
98 101
22 56
120 52
51 15
32 38
54 105
49 7
111 61
119 20
51 40
86 89
14 4
53 116
112 22
76 11
27 57
72 103
95 12
43 31
85 106
29 56
106 105
77 33
66 111
69 92
29 41
10 111
94 8
51 87
122 123
42 63
16 84
99 128
16 111
102 40
14 98
53 53
10 15
83 83
108 63
49 115
116 123
80 73
78 114
97 15
31 35
111 60
14 55
101 102
45 112
107 131
107 105
28 108
111 55
100 103
43 65
110 69
78 2
18 91
10 57
53 32
98 34
58 41
52 16
53 127
12 89
71 47
44 109
13 49
81 39
24 8
55 63
39 15
114 110
27 58
24 81
29 51
6 66
68 14
122 72
18 93
101 104
63 32
116 18
84 57
51 55
72 101
30 15
52 76
30 49
117 102
22 15
104 93
95 23
113 51
62 123
9 123
57 32
11 62
11 116
47 118
78 98
39 56
47 107
105 124
10 38
58 125
28 32
122 24
50 106
41 84
92 126
65 63
114 104
99 87
37 85
42 46
8 24
59 5
32 55
70 10
51 8
34 75
11 18
90 46
30 83
86 16
51 38
41 28
19 96
120 106
115 123
94 120
96 62
121 105
33 117
95 6
28 15
91 64
110 88
99 9
59 107
64 116
76 26
47 70
61 40
11 56
94 56
100 26
39 81
75 47
21 20
8 53
91 52
68 19
84 107
104 73
26 62
35 78
120 30
101 59
92 123
71 107
65 65
80 111
99 83
103 123
25 129
78 92
71 15
9 3
93 89
21 69
91 130
84 60
118 126
115 113
54 109
100 107
63 34
51 36
109 36
110 108
44 62
103 14
74 82
23 89
98 38
109 59
75 3
121 38
98 115
61 19
46 127
55 104
61 76
114 38
93 88
45 47
71 104
20 25
44 65
120 127
110 82
89 7
90 61
93 115
31 59
63 53
60 88
18 52
8 36
44 80
67 86
80 67
118 66
38 130
3 7
35 125
97 117
18 24
45 61
76 14
101 14
17 95
97 61
34 88
66 12
1 131
55 18
91 49
20 113
36 3
103 29
106 3
110 127
44 69
31 22
14 11
54 106
29 4
39 4
64 56
63 101
66 65
38 82
111 67
89 77
67 52
120 107
13 127
69 36
61 18
102 81
119 129
60 78
55 103
89 12
36 119
17 99
113 65
26 80
116 12
54 65
59 60
77 16
41 10
112 121
35 96
48 122
122 51
65 115
94 107
35 132
83 43
80 88
51 2
28 66
99 27
86 84
64 10
107 115
19 76
108 118
44 127
53 84
63 18
41 87
12 113
67 47
92 130
40 36
86 129
104 15
110 89
42 44
51 28
7 132
94 100
55 1
40 98
110 86
73 125
69 60
114 37
64 45
35 38
102 1
111 38
42 64
110 103
94 38
46 109
18 15
4 125
100 84
52 21
50 66
101 42
108 59
91 65
63 86
32 88
13 76
64 108
121 3
78 54
5 124
33 37
101 81
97 130
79 129
27 71
36 115
54 86
50 15
37 63
100 124
99 132
53 8
70 66
109 8
87 58
55 109
81 61
15 14
88 115
47 81
89 105
100 100
56 25
20 85
19 80
111 75
122 90
48 120
55 87
27 49
50 41
87 126
62 108
103 99
91 70
57 86
10 64
109 1
4 57
101 45
87 79
48 71
117 65
45 128
65 78
15 108
104 99
104 22
24 23
3 58
93 41
80 19
53 56
65 33
21 49
12 132
80 93
14 32
97 31
116 85
108 66
119 58
44 85
64 76
47 77
17 108
34 84
101 88
36 45
107 117
58 103
58 42
65 77
20 31
24 2
52 4
98 120
12 115
91 125
44 91
118 82
33 114
93 7
12 99
27 97
115 108
115 28
83 33
53 12
10 88
9 96
119 1
49 124
106 104
42 30
4 67
24 108
69 91
29 1
55 75
113 24
7 101
101 125
70 128
1 60
43 32
94 85
80 70
50 94
53 25
79 87
96 23
59 25
109 66
101 94
51 25
30 44
100 12
100 86
68 125
120 91
7 43
41 71
45 98
70 84
4 121
42 25
31 87
118 128
77 124
107 59
99 32
66 129
49 75
65 43
110 3
82 1
45 25
5 88
74 16
28 73
81 101
22 54
51 114
47 6
61 96
69 114
18 82
85 21
42 115
57 81
7 7
119 124
95 38
10 91
41 107
89 87
19 6
31 23
83 22
46 60
32 100
92 132
122 78
95 87
27 121
75 97
113 19
68 111
6 85
53 46
21 43
42 104
21 23
2 98
105 94
46 20
61 78
102 12
23 101
71 82
85 48
69 130
22 94
91 119
66 81
81 36
17 74
50 101
114 115
73 123
84 3
27 67
82 50
79 26
57 122
29 10
107 60
4 46
59 23
109 110
49 48
81 80
122 48
78 110
4 39
76 96
43 64
81 37
119 12
17 45
47 87
51 86
108 36
29 127
90 129
49 5
90 53
99 48
66 39
43 89
19 11
31 50
22 121
65 80
21 91
99 51
105 77
71 75
62 69
20 19
49 18
60 108
54 17
92 75
92 103
18 58
36 7
119 6
26 93
108 111
83 78
3 76
45 14
22 11
102 28
61 68
91 50
106 56
12 105
107 66
87 39
68 114
56 41
87 69
68 117
70 87
42 55
119 87
67 45
82 41
77 67
6 118
32 96
55 67
10 131
8 69
116 27
77 99
32 4
49 80
122 53
12 33
30 126
32 75
51 58
31 58
100 96
21 100
40 28
25 59
5 83
91 8
118 61
80 100
35 92
75 119
29 59
121 100
79 11
38 28
48 105
63 122
109 80
120 58
94 83
4 18
108 38
57 69
51 49
79 83
114 5
49 117
102 106
112 32
113 128
39 109
86 97
103 13
121 85
66 19
103 8
22 110
29 2
108 5
69 24
41 114
22 51
38 3
71 32
32 56
29 99
13 82
71 29
90 27
30 75
79 95
107 94
27 63
102 64
10 25
52 82
46 54
97 95
56 57
38 31
68 4
109 21
113 78
19 113
37 129
99 110
9 112
6 21
14 35
22 95
90 99
20 115
86 29
96 19
10 35
53 1
26 22
37 119
58 26
62 37
64 27
64 95
31 107
29 46
25 132
15 59
51 116
26 69
111 26
34 15
76 10
117 108
26 131
45 77
57 109
41 17
13 28
105 103
87 81
119 106
90 97
89 57
75 35
32 57
14 77
101 6
33 46
67 111
89 19
50 25
28 6
41 40
21 76
6 25
116 94
86 102
83 26
2 63
66 100
9 23
53 87
25 47
41 93
103 107
114 22
112 82
93 118
46 4
86 36
36 39
114 55
117 107
50 3
112 94
60 38
35 26
71 27
13 103
95 27
53 57
21 88
116 16
91 101
30 35
117 105
66 14
95 5
105 118
49 127
34 61
81 110
63 83
104 89
26 31
55 55
69 111
61 90
51 63
84 30
11 80
101 10
20 8
110 115
63 30
46 50
32 92
89 58
101 109
92 125
118 116
111 25
58 20
93 22
113 94
8 64
38 59
85 81
120 56
40 94
61 113
107 61
32 98
81 84
13 54
9 92
36 23
39 11
121 60
93 85
13 33
116 79
93 19
14 78
61 34
5 74
122 19
99 24
49 94
21 92
51 106
17 103
77 32
109 46
63 112
39 130
106 68
106 81
94 43
15 13
61 66
102 111
19 38
5 91
75 103
106 75
83 88
22 45
92 119
41 42
104 45
46 87
70 5
96 61
14 126
121 5
111 66
26 40
44 131
82 127
63 12
53 129
95 118
66 47
97 48
1 82
70 92
13 70
43 129
104 41
67 100
85 102
34 131
97 129
13 111
100 118
88 64
77 105
121 124
108 107
74 6
45 29
79 35
43 80
46 106
17 32
43 68
6 14
103 67
73 66
37 71
45 6
74 84
1 37
18 101
33 52
39 124
72 5
35 48
64 63
79 79
56 94
26 130
50 34
101 130
21 51
90 76
54 101
109 61
104 28
49 27
89 26
52 7
98 77
1 12
77 44
4 45
89 94
23 67
51 11
92 128
11 17
14 58
77 15
32 125
36 96
37 17
30 85
67 65
100 10
90 5
117 57
79 63
7 130
53 120
26 68
44 90
8 21
48 76
78 33
113 11
55 60
111 76
27 35
101 106
119 17
104 26
56 22
3 101
83 56
5 116
9 1
77 19
10 102
78 95
9 80
120 77
38 49
19 123
107 47
99 103
86 13
111 63
1 96
21 6
89 22
31 103
4 36
107 95
88 49
119 15
12 86
41 123
54 102
39 49
42 26
16 43
61 122
34 114
40 106
121 97
99 127
101 86
86 44
113 123
75 66
77 79
58 63
114 20
89 114
64 65
36 56
114 18
78 99
117 71
48 84
15 36
80 23
77 80
67 21
7 23
100 117
40 32
108 90
20 44
54 89
87 77
85 11
27 103
95 108
58 16
59 56
66 2
78 93
61 9
72 129
54 39
64 58
21 25
119 10
12 5
84 103
23 107
6 44
95 91
55 99
16 86
120 53
25 119
84 88
14 62
36 26
67 108
25 9
22 113
75 104
31 40
48 103
81 66
120 55
24 132
108 31
67 75
23 96
33 93
101 122
31 105
36 73
11 65
35 46
114 79
111 96
29 123
98 73
91 60
114 114
113 105
68 20
20 67
9 34
119 63
59 97
103 60
35 98
22 74
90 127
83 100
22 97
76 102
59 40
28 70
50 126
22 12
32 29
15 102
57 116
44 1
64 115
32 9
79 104
92 121
29 13
75 95
57 34
6 31
53 31
120 120
99 47
35 72
105 75
92 105
64 69
39 18
5 71
80 123
15 131
5 35
32 81
84 85
44 128
31 76
79 67
41 81
42 69
86 30
56 99
38 8
56 14
72 70
74 119
16 1
105 8
71 114
118 117
101 89
67 34
79 72
26 127
60 22
57 104
52 69
41 124
70 122
43 42
12 116
75 92
108 50
50 47
59 16
16 13
108 79
120 100
42 128
82 73
27 112
78 82
120 96
115 37
20 128
21 15
38 69
89 115
68 42
34 51
17 52
42 102
120 125
92 86
6 109
23 12
103 37
84 110
100 108
89 40
9 105
40 71
64 120
100 21
87 117
90 1
39 128
65 127
84 16
14 46
93 122
19 8
11 100
61 43
7 46
97 50
112 131
18 118
38 118
117 1
82 30
38 61
23 35
17 128
120 7
52 61
109 109
7 106
99 62
52 75
2 73
53 81
37 22
59 71
33 90
22 6
62 44
82 18
13 73
58 75
66 116
41 110
71 118
121 27
33 59
115 53
24 57
121 91
9 54
18 23
74 127
68 129
107 107
100 24
46 24
25 8
39 96
3 1
33 23
15 18
110 13
94 71
75 94
28 22
54 29
65 105
119 32
33 96
30 84
34 77
46 13
11 96
100 63
49 45
60 76
23 83
60 101
6 7
98 93
113 108
48 129
86 93
40 2
10 129
108 32
39 13
10 40
28 69
113 41
111 106
36 46
85 45
65 110
45 115
73 132
30 74
6 105
82 119
103 108
45 76
47 14
7 25
19 18
28 103
103 129
27 8
25 20
82 38
73 99
76 130
32 58
62 132
18 106
62 39
21 63
2 100
55 39
102 29
99 108
15 104
76 51
118 67
63 13
111 21
64 84
8 119
101 105
31 41
90 62
54 13
14 96
67 99
50 60
120 108
62 24
68 13
31 71
64 5
109 117
12 125
37 82
84 46
120 39
87 48
48 45
9 131
45 109
59 42
87 112
38 89
17 86
105 60
53 104
89 85
43 67
57 10
47 17
28 57
28 79
83 108
52 77
17 18
88 19
77 7
3 96
107 93
22 129
48 116
65 32
29 65
110 126
107 87
58 10
104 55
55 57
43 59
86 113
21 81
105 45
4 22
19 92
22 55
51 62
102 44
67 61
68 84
58 130
77 68
74 39
81 30
60 129
38 29
102 112
6 89
15 70
76 107
10 22
100 64
91 46
11 58
99 38
112 1
14 113
57 108
59 33
121 102
103 42
6 34
102 35
53 30
63 125
97 40
95 26
69 82
67 62
90 40
21 117
50 51
68 116
116 41
10 69
10 2
42 49
82 101
10 117
51 30
116 99
39 92
49 63
72 98
47 25
47 63
92 28
56 64
28 71
121 10
57 93
28 43
68 41
38 83
55 117
117 120
62 26
41 64
90 69
93 17
51 29
76 49
84 91
85 59
21 32
28 86
72 130
112 97
16 76
23 49
100 45
119 35
30 106
12 94
4 92
69 35
105 71
46 70
70 25
10 1
111 87
65 45
102 68
61 101
110 66
120 69
80 128
102 33
41 113
26 76
93 96
43 35
16 122
34 130
106 88
36 57
43 94
119 49
77 27
41 13
3 111
16 90
38 121
29 63
29 89
11 32
95 54
113 37
85 4
50 32
90 78
83 99
4 94
83 110
60 11
17 1
34 67
122 45
49 50
26 23
73 90
28 55
68 29
39 112
102 114
10 87
6 62
82 72
118 99
20 57
115 131
18 17
94 62
13 52
2 55
67 89
12 106
22 83
9 32
34 35
6 55
57 71
46 15
113 115
94 88
110 16
68 113
106 103
16 106
8 7
59 85
104 129
58 65
116 92
39 27
80 127
56 111
66 32
1 107
96 104
27 31
19 105
104 113
106 22
104 60
54 113
121 88
49 103
71 99
69 118
108 114
13 120
74 120
96 87
21 11
70 82
68 18
112 5
108 112
98 80
21 96
103 117
64 52
55 132
104 65
73 17
59 102
118 129
47 93
19 26
59 58
41 26
65 20
97 36
24 25
64 34
27 41
53 48
11 123
100 44
28 12
6 63
107 34
70 43
71 46
48 113
2 34
51 99
103 68
106 107
14 17
73 30
99 78
42 62
112 57
103 110
113 96
41 59
51 118
3 38
117 112
63 49
49 16
80 119
80 51
99 52
33 112
5 108
35 62
37 104
15 83
73 57
41 91
30 105
43 8
39 40
47 38
88 125
24 9
37 121
90 51
112 84
61 132
95 132
51 81
55 12
2 23
100 97
10 115
35 69
98 6
55 76
42 89
2 17
94 53
107 100
40 55
26 121
102 17
2 12
18 30
17 4
6 10
103 12
93 110
63 17
9 38
93 33
109 128
50 75
114 39
22 49
26 29
77 3
112 25
92 131
119 71
80 106
119 42
43 76
42 20
86 106
69 65
84 64
121 63
99 82
100 48
121 13
76 56
25 68
107 121
112 78
38 122
74 15
28 117
58 48
14 49
96 129
12 26
43 96
55 51
8 50
73 96
25 25
117 5
11 31
31 91
34 3
84 50
44 78
6 65
119 62
47 29
61 74
90 73
63 71
122 108
122 55
39 121
58 55
105 116
7 48
97 66
21 22
1 116
122 121
26 10
55 19
37 131
50 123
90 92
105 44
16 49
6 79
121 57
92 19
2 109
85 42
4 1
44 66
65 125
28 38
17 51
89 81
121 89
60 29
30 12
21 130
1 119
41 85
19 4
12 119
8 12
114 102
59 48
56 9
11 66
66 114
27 88
103 30
114 16
77 30
73 18
31 68
33 8
94 105
9 2
24 67
98 39
29 115
72 106
104 100
6 80
59 1
33 29
62 14
25 29
24 22
62 89
49 93
103 7
79 41
17 46
30 121
7 61
115 101
3 17
16 25
30 97
41 69
74 70
102 126
5 23
7 80
53 36
80 45
30 99
114 49
56 89
80 26
41 72
5 34
24 32
69 104
91 126
90 65
57 131
11 67
106 16
29 104
30 17
67 85
38 85
56 50
58 98
17 63
66 26
9 30
112 41
49 2
100 102
116 61
115 114
101 26
104 33
105 78
98 1
103 111
51 20
37 54
51 73
40 130
14 75
5 67
66 21
6 13
4 72
10 45
94 44
8 125
13 118
28 114
112 74
113 27
109 39
21 16
17 102
11 45
92 53
49 90
22 117
119 82
55 65
48 17
5 97
95 51
33 19
62 19
53 41
80 117
102 19
32 35
118 89
62 88
50 92
122 39
113 61
94 121
31 128
15 87
102 93
45 127
101 33
73 75
84 132
11 105
64 72
112 79
92 41
40 113
52 86
85 71
70 101
86 103
30 62
120 70
99 3
41 129
120 34
38 75
28 46
17 131
45 126
31 60
122 91
5 81
111 18
64 15
4 100
61 121
38 132
119 19
26 54
54 67
51 92
86 87
30 52
121 65
53 107
9 24
8 73
120 45
74 105
42 100
24 33
120 118
114 14
52 83
98 63
107 19
34 109
115 19
91 118
110 84
39 43
86 83
53 51
35 108
113 130
21 109
112 7
31 72
37 52
70 110
46 30
34 80
66 131
25 80
111 120
113 121
113 100
28 112
105 25
9 103
45 52
39 23
24 46
77 64
9 48
84 129
63 113
89 127
100 51
12 75
55 72
53 111
56 130
3 80
97 46
46 84
88 13
46 47
59 126
109 47
40 13
69 11
59 99
64 20
107 30
8 128
87 109
24 11
45 84
82 67
23 26
39 89
98 70
89 74
9 87
108 24
62 87
120 110
76 9
117 28
83 55
15 127
69 115
43 128
99 54
76 94
111 31
117 32
24 119
26 37
36 80
107 35
14 64
104 70
119 115
12 68
53 86
87 2
41 25
60 90
37 39
20 50
20 78
120 18
26 92
15 48
15 9
116 1
111 74
80 60
56 59
28 53
9 10
86 1
43 98
34 39
95 104
34 103
87 106
57 7
47 74
116 115
94 79
104 127
78 42
81 77
27 55
19 42
88 76
17 119
80 41
103 103
110 114
53 15
99 46
68 25
115 77
107 56
67 12
114 75
17 34
68 99
41 94
56 34
85 36
116 69
3 112
66 5
55 106
66 28
102 123
79 5
81 28
26 112
83 117
5 9
25 75
19 108
87 46
18 122
17 23
55 34
97 21
46 122
1 27
5 112
27 39
85 78
100 38
85 13
60 44
64 9
66 90
72 89
41 99
41 55
15 97
110 129
45 88
19 44
82 104
96 31
74 90
118 46
43 20
44 59
22 33
111 52
55 111
29 74
49 38
52 68
109 116
74 63
69 119
114 69
8 37
68 101
61 79
117 74
45 11
103 57
101 30
103 23
26 103
22 68
121 31
115 130
40 87
41 50
109 75
116 13
40 3
88 55
33 95
106 98
115 76
118 55
18 79
24 113
101 61
7 93
31 77
14 42
107 24
59 11
48 57
2 67
93 105
28 35
44 30
101 7
74 111
116 50
73 55
65 9
108 122
76 88
122 112
96 120
73 32
41 68
45 60
77 100
25 69
81 87
44 27
103 106
17 67
64 13
32 2
71 51
13 41
30 43
32 18
3 14
41 121
52 125
15 37
11 86
85 65
59 20
16 108
44 89
92 57
1 123
120 32
58 97
22 29
114 70
66 30
62 118
21 107
97 118
4 5
47 132
10 76
15 24
47 83
62 116
49 47
51 113
63 73
45 73
72 49
101 8
2 102
13 71
13 17
107 77
34 57
33 30
115 6
19 126
30 46
67 79
58 52
7 37
95 16
80 82
19 91
15 12
34 13
93 74
94 54
75 99
55 86
109 108
49 40
3 129
78 58
121 84
66 80
40 18
46 22
113 113
110 80
8 74
47 10
86 128
12 129
60 118
8 72
8 84
13 6
122 122
2 48
64 82
89 109
69 67
18 75
120 8
51 115
105 62
63 114
8 89
103 88
95 68
122 81
20 9
97 22
100 5
85 57
105 114
75 51
102 20
68 86
48 62
44 71
96 130
114 63
69 83
99 49
53 79
84 10
12 16
81 11
23 41
54 16
50 116
101 67
10 68
97 55
93 3
44 45
23 69
38 33
53 19
115 127
97 96
23 63
99 7
65 128
97 51
34 42
19 100
5 95
47 97
74 1
4 116
102 49
99 116
116 91
89 116
72 117
67 46
104 35
20 80
67 122
83 62
29 100
65 44
117 73
40 52
80 39
6 71
22 58
81 35
76 6
36 72
5 109
42 101
35 61
107 91
19 30
52 9
44 57
98 62
16 22
31 6
45 90
100 17
32 119
89 124
121 79
2 29
115 38
90 63
46 41
45 125
60 109
39 48
92 90
54 56
63 41
59 113
51 46
121 55
86 116
3 73
86 5
34 59
118 38
105 29
82 47
5 20
33 105
69 95
5 57
70 56
92 32
34 34
118 123
43 54
14 24
37 69
59 12
37 110
79 23
111 123
39 55
24 55
98 114
96 72
43 79
113 36
79 51
98 100
16 31
103 96
55 115
29 92
103 118
75 83
48 128
64 2
83 81
65 112
6 131
58 56
120 23
54 9
55 15
48 119
116 59
24 85
120 90
11 125
56 71
68 132
51 122
70 50
74 104
94 32
26 129
1 44
75 23
117 113
81 124
118 12
109 125
78 61
11 52
61 10
77 13
89 80
89 11
107 45
37 14
92 89
88 72
57 30
88 70
94 20
7 14
65 130
114 126
38 44
95 15
99 91
21 113
119 3
108 1
68 59
55 41
16 17
31 34
78 43
30 129
14 105
115 12
11 51
118 81
48 24
60 119
34 87
21 31
60 7
46 18
38 25
50 67
71 39
94 101
28 62
94 4
116 14
46 49
35 12
96 67
52 73
36 12
36 28
79 88
47 123
82 28
84 41
42 38
48 35
116 108
7 36
111 72
29 114
48 1
122 110
107 90
28 21
96 78
39 34
35 66
19 20
31 61
35 103
119 102
7 31
121 28
6 112
69 121
93 12
42 50
97 23
9 17
96 24
34 97
73 22
26 72
25 78
116 75
74 14
119 13
58 1
105 63
1 14
17 20
118 34
104 66
51 108
75 108
97 123
85 117
52 129
2 128
30 59
4 132
40 60
81 82
80 44
114 25
30 112
94 36
66 86
81 48
64 18
43 55
80 22
97 116
91 67
98 76
31 78
52 92
49 96
58 2
51 79
31 125
47 36
72 99
82 80
59 46
71 125
75 48
52 28
30 81
89 3
6 11
80 122
49 8
6 81
72 75
34 54
108 44
12 20
67 90
105 99
91 17
115 36
88 107
42 103
67 88
44 64
101 24
73 113
68 61
86 122
99 26
3 69
53 90
70 63
11 16
46 23
67 91
34 122
51 48
112 17
30 66
23 13
103 93
121 110
5 32
67 4
64 54
78 75
100 47
13 75
14 82
46 6
119 98
101 52
15 53
67 58
118 20
87 1
46 89
91 57
48 18
24 59
110 15
32 122
55 53
67 103
69 64
75 113
29 5
49 68
115 103
97 124
19 74
56 48
88 130
29 29
22 13
88 95
12 111
47 89
16 2
15 49
89 123
82 29
20 65
3 74
67 119
56 117
90 75
94 69
1 24
108 25
110 25
11 95
98 112
6 54
44 3
120 102
82 25
88 114
74 97
122 82
68 8
69 94
54 90
21 2
54 37
93 71
60 74
12 72
116 128
62 3
105 67
111 42
54 75
117 123
92 73
71 44
73 101
116 104
22 122
86 11
100 113
113 16
33 68
34 58
23 51
71 20
81 86
25 32
86 47
29 71
84 93
102 77
18 8
49 11
115 118
39 107
9 41
51 35
83 35
61 125
76 22
32 64
45 21
79 86
35 36
112 53
92 113
32 118
35 75
112 129
105 61
121 98
81 73
40 61
13 93
5 29
23 88
120 42
66 121
85 96
52 67
45 19
113 43
44 74
104 30
11 39
44 101
81 58
77 87
6 5
36 92
54 118
41 88
52 64
21 55
98 20
99 39
122 114
22 127
58 102
8 102
118 43
119 75
7 11
21 104
26 13
69 75
10 100
62 131
42 65
2 54
100 120
37 61
50 95
23 70
14 19
116 4
52 107
65 131
101 63
95 24
55 94
11 44
24 40
10 5
9 98
77 71
98 5
7 26
45 124
88 10
90 80
5 56
89 10
41 53
28 30
63 84
5 128
81 56
42 127
56 121
91 12
86 126
29 57
49 111
68 45
86 118
84 128
93 99
44 51
9 26
87 55
118 111
36 2
70 52
81 22
4 10
99 76
113 98
43 10
29 68
96 63
19 21
47 11
90 101
82 58
3 110
112 44
57 42
98 23
94 25
104 84
15 17
122 126
71 6
70 130
112 115
42 82
16 94
34 117
77 77
49 14
82 44
67 132
55 38
121 16
109 73
46 26
8 48
68 118
90 117
46 110
96 50
60 5
121 48
34 29
49 128
28 95
39 6
35 15
95 53
73 131
5 55
43 58
57 37
7 68
37 3
121 21
52 24
30 14
59 62
111 68
32 22
84 4
37 109
64 73
104 36
114 111
108 53
32 46
109 113
114 96
66 83
57 61
16 42
25 115
43 17
43 41
12 74
35 20
66 16
97 26
12 32
90 70
52 87
89 66
110 29
102 13
16 119
23 82
108 42
69 126
79 107
85 52
43 121
34 53
51 39
38 81
101 57
112 99
66 82
60 8
94 9
2 22
54 119
65 95
94 86
103 10
60 1
54 41
82 126
21 60
113 88
115 26
13 39
8 57
57 101
102 83
12 127
58 80
90 82
122 18
95 127
28 80
36 128
42 57
4 64
117 70
116 38
7 19
38 45
37 76
34 90
61 22
57 103
73 128
32 16
119 94
42 54
58 17
8 112
78 53
50 58
107 64
112 89
34 108
87 73
102 57
78 70
62 103
75 115
86 131
21 87
3 21
113 104
11 19
76 110
74 79
21 13
76 100
37 98
85 120
112 12
81 122
72 114
48 115
108 93
58 62
98 68
90 68
40 99
118 113
122 15
111 48
111 14
81 62
38 68
14 128
118 74
5 85
108 49
41 86
7 100
103 97
37 59
43 24
85 97
75 130
67 105
53 72
1 83
91 114
13 108
24 41
77 115
35 81
17 40
114 83
6 15
46 17
3 66
110 47
41 8
109 28
94 110
35 131
117 86
60 79
10 63
61 110
1 124
55 30
15 34
99 22
70 117
93 83
102 3
59 14
32 14
94 130
71 35
70 4
72 7
80 99
40 68
32 114
16 45
43 77
29 109
103 130
9 59
89 37
1 3
1 10
109 13
83 60
13 45
92 11
37 126
21 61
59 24
106 97
92 9
92 120
94 27
122 111
99 4
55 93
24 51
112 73
84 100
37 118
26 55
105 18
21 44
71 5
25 88
29 28
24 93
49 65
66 73
88 54
30 21
74 126
92 2
112 59
65 35
102 36
33 82
27 69
10 44
104 107
32 5
120 16
79 123
56 10
93 119
24 90
60 104
94 74
94 5
73 80
87 122
33 5
20 14
20 51
12 102
88 96
50 99
113 46
9 61
63 115
69 80
68 89
18 107
84 59
11 43
71 89
51 53
46 51
5 59
102 69
78 108
48 58
10 89
112 49
55 6
28 1
53 35
71 110
107 13
94 41
6 46
25 64
77 17
74 17
113 122
99 33
49 112
117 10
44 12
45 116
81 128
115 128
8 130
122 35
79 4
53 4
70 113
48 23
62 90
82 132
90 50
36 97
27 84
103 83
107 36
76 112
9 111
86 40
84 54
118 108
118 30
122 104
11 85
92 64
122 44
114 94
22 57
47 126
73 74
43 18
63 109
100 69
19 111
83 129
109 64
24 62
67 41
59 86
30 90
74 78
58 79
15 96
93 61
15 30
16 34
74 96
33 118
56 51
110 7
94 29
40 35
38 67
46 102
93 24
64 55
44 123
120 71
113 106
25 63
93 84
43 26
44 58
76 24
31 85
29 105
43 114
45 129
46 105
60 110
96 100
76 82
98 58
96 126
48 72
17 124
102 87
51 57
111 85
54 58
96 111
26 60
34 95
22 81
38 9
13 112
25 86
25 60
11 14
104 51
80 32
31 82
24 120
84 13
46 36
74 101
47 120
35 64
23 90
22 41
72 64
36 30
64 57
100 88
16 32
96 58
112 3
69 3
87 72
85 34
84 7
10 78
116 90
39 125
28 111
56 92
2 50
77 69
3 105
122 118
31 124
59 18
86 110
12 67
62 20
75 109
51 124
58 131
53 97
65 3
9 82
105 107
32 17
27 115
80 61
60 107
52 14
94 51
95 103
106 69
18 95
49 42
82 75
26 124
40 39
106 66
64 40
22 118
60 126
80 49
8 3
72 109
22 120
36 11
37 27
35 67
90 44
102 46
68 88
74 33
40 70
11 118
11 26
52 60
73 37
95 96
118 27
61 106
34 30
38 126
65 67
68 93
64 110
39 86
59 98
77 57
41 30
11 87
2 86
120 5
95 25
101 21
115 16
33 3
39 37
10 121
98 69
35 30
1 99
4 60
30 11
69 21
12 108
100 61
92 13
101 77
48 46
28 50
92 49
59 122
111 104
15 72
15 41
36 84
28 8
17 10
42 16
38 7
91 9
98 75
10 95
18 5
63 37
113 45
25 43
23 92
78 69
85 46
90 109
13 77
92 122
9 37
39 74
114 50
120 119
39 41
122 1
3 9
42 106
58 105
112 80
39 31
110 30
87 25
15 60
45 3
56 13
111 122
94 11
16 114
91 28
15 23
89 82
99 41
6 27
104 43
115 39
101 98
63 29
12 43
83 104
1 58
78 57
57 124
87 84
50 5
30 69
57 132
3 18
45 80
115 5
14 125
36 129
104 34
18 92
84 79
53 114
118 35
25 22
4 27
33 103
3 52
115 107
98 10
65 100
33 1
109 24
48 111
72 95
1 103
39 73
19 114
106 62
65 57
103 98
72 30
61 53
95 76
7 94
76 132
31 67
44 114
104 47
45 30
99 15
57 130
90 123
25 65
26 74
59 112
25 54
51 77
14 37
59 41
117 101
120 85
7 90
8 94
97 59
3 42
2 114
34 2
97 102
89 2
81 90
96 112
78 47
75 4
114 10
58 58
82 113
90 39
86 80
85 6
33 106
48 87
46 77
119 119
30 127
107 98
28 81
52 124
1 19
61 14
40 100
9 94
37 2
62 102
47 31
103 75
23 19
122 106
82 37
21 110
62 52
34 72
7 118
112 87
110 8
31 15
80 5
91 20
4 17
2 7
101 87
67 117
96 21
16 132
32 120
97 28
89 78
62 7
53 74
121 130
48 70
58 122
36 95
35 23
74 46
78 32
13 96
93 109
73 109
87 52
98 97
17 105
37 96
117 8
49 84
35 22
27 101
87 129
118 26
28 25
63 16
111 8
116 96
103 132
74 107
10 60
8 105
71 81
58 129
78 17
25 17
42 21
64 48
60 66
74 91
112 126
45 36
24 68
48 98
82 90
84 49
22 131
70 8
40 6
9 78
85 24
31 99
94 78
10 75
46 86
11 57
60 2
30 78
81 107
41 132
40 121
59 17
7 65
62 68
112 30
50 103
16 109
102 61
53 50
47 9
95 112
11 91
93 111
84 112
38 71
86 22
72 56
30 5
11 29
11 22
20 43
100 130
90 102
111 121
110 77
77 21
85 61
72 60
7 24
116 68
100 4
61 85
13 18
116 56
40 30
24 16
110 53
83 15
30 100
117 119
99 129
4 61
114 89
75 69
38 54
28 39
29 40
97 69
32 76
67 83
27 18
22 2
38 13
48 48
7 12
29 32
107 80
35 91
88 11
118 91
120 64
7 104
89 53
57 33
25 113
5 115
18 80
58 7
85 104
9 14
54 81
91 59
80 30
49 35
16 3
72 92
52 85
65 60
77 62
47 8
63 43
107 18
38 95
86 26
108 131
20 58
39 2
64 16
48 67
91 96
105 47
119 88
108 132
43 29
75 1
65 40
31 89
121 14
17 112
57 80
100 93
106 39
99 63
107 29
91 35
65 4
16 46
106 8
38 66
18 7
82 102
22 101
92 96
96 28
16 130
40 74
57 49
110 123
99 131
17 25
88 105
42 74
90 23
79 50
115 4
74 29
103 15
72 77
98 118
71 12
30 16
21 64
10 114
37 100
47 86
108 62
116 124
77 11
120 132
50 69
56 81
42 61
110 128
94 10
105 112
27 2
119 73
106 17
10 74
38 116
89 62
109 123
97 127
63 50
23 11
85 38
22 91
50 84
101 112
53 88
73 106
4 30
79 13
98 64
39 53
105 129
29 64
43 69
10 31
84 123
120 78
48 131
56 104
67 33
11 99
42 81
24 117
22 18
2 38
112 71
3 49
108 45
112 86
50 1
114 47
115 74
50 88
81 32
9 5
53 5
35 29
45 74
68 23
117 17
45 93
33 35
78 125
93 87
106 119
59 76
73 68
109 19
103 100
49 85
14 43
113 60
113 67
60 81
3 79
78 105
3 5
19 17
114 40
113 97
40 101
1 81
55 125
101 19
69 132
71 3
73 38
79 85
34 62
106 76
63 66
76 13
26 128
62 56
66 75
49 59
102 42
15 95
72 28
37 112
25 89
45 5
57 107
29 79
106 42
36 123
50 11
45 12
116 113
38 98
39 58
72 120
109 10
89 72
92 100
77 120
100 9
89 51
66 87
17 21
88 109
51 78
37 62
119 123
75 10
121 6
22 106
113 68
5 38
40 1
30 117
77 52
83 125
25 108
112 96
17 113
65 30
101 83
13 129
105 80
45 130
63 88
36 49
7 111
25 73
71 50
76 124
80 55
89 93
111 59
11 115
16 9
86 27
63 56
116 78
9 102
83 119
74 62
93 75
56 43
106 109
83 111
99 101
120 60
43 112
36 29
61 42
50 35
16 65
52 12
49 97
26 26
94 47
65 87
90 4
8 61
72 110
61 51
98 4
85 85
81 74
106 61
41 37
67 8
48 14
77 54
106 90
109 42
81 103
41 22
108 23
80 58
92 45
6 61
37 65
4 104
120 105
103 55
47 62
96 124
56 11
22 123
56 35
122 43
33 129
114 34
61 21
104 11
30 36
22 107
100 36
114 95
93 47
34 128
44 129
77 73
6 120
81 106
55 24
13 11
43 70
108 17
61 47
35 84
33 21
45 100
95 97
6 108
67 78
102 8
118 94
113 90
1 5
69 2
90 26
10 120
54 42
47 34
20 117
120 67
68 9
15 116
70 73
38 2
98 107
5 76
78 36
23 127
112 112
34 28
88 40
71 56
68 83
90 64
27 46
89 100
66 7
63 82
70 2
75 46
51 85
78 88
114 123
109 37
79 131
1 35
107 126
16 121
1 93
97 85
49 125
96 6
118 23
37 94
73 46
37 36
57 66
59 29
70 89
37 79
61 83
11 124
122 37
78 106
26 49
62 91
72 61
34 56
82 11
33 113
73 73
115 9
116 80
111 97
8 8
75 34
71 49
103 119
22 84
26 122
17 97
114 81
64 79
13 10
117 80
56 29
81 60
15 111
57 112
120 9
72 52
43 63
6 111
74 20
9 74
49 132
60 131
52 15
51 76
71 77
78 119
77 40
8 9
36 75
59 69
78 94
21 83
117 60
87 71
59 10
46 29
104 101
122 36
54 62
91 84
33 10
65 75
77 117
39 63
3 20
76 66
99 93
18 71
4 127
24 4
86 61
84 19
17 66
19 128
35 45
55 100
57 129
3 130
25 128
116 44
97 70
104 122
85 26
12 65
110 78
46 11
41 31
52 97
43 51
105 92
87 99
117 118
3 118
58 107
104 6
89 70
85 86
27 13
37 105
37 74
112 9
68 109
103 124
55 10
93 125
114 107
8 45
122 31
102 63
71 26
19 13
95 80
43 62
55 31
65 101
50 37
116 120
51 54
88 5
47 23
104 109
53 23
25 95
110 83
119 30
34 115
96 68
51 129
9 13
109 105
21 27
21 124
93 81
114 127
55 3
101 36
18 67
30 119
104 39
84 98
115 20
33 2
35 89
97 9
81 76
20 68
79 15
81 43
45 123
12 130
33 83
91 73
91 107
77 116
48 79
35 107
52 54
91 40
13 40
54 30
70 109
100 35
23 122
71 59
48 95
59 129
90 56
12 112
53 132
81 96
61 54
91 89
108 33
105 79
94 64
90 89
87 3
34 4
26 4
45 55
44 124
25 41
51 94
73 116
12 3
63 104
30 113
78 97
78 60
86 57
36 116
23 117
121 107
60 113
81 102
84 131
105 49
5 51
119 113
99 20
88 126
66 117
28 16
81 129
37 5
116 109
34 55
96 82
116 110
42 98
45 69
13 19
92 74
73 53
27 37
88 45
96 83
99 42
20 62
10 77
106 20
45 66
101 46
16 8
39 95
27 24
99 13
24 50
39 97
92 4
40 8
87 89
71 33
88 128
6 97
72 45
48 109
122 7
117 99
6 45
112 24
91 29
77 59
78 121
114 80
36 54
33 61
63 5
101 129
118 3
72 20
16 61
18 60
57 21
65 104
42 33
16 60
93 59
21 84
66 51
104 59
109 55
59 120
99 21
67 1
70 125
7 42
14 97
26 118
36 126
66 53
80 132
83 86
117 30
22 100
20 5
27 109
74 31
58 19
46 68
29 103
119 74
63 97
42 119
117 27
119 90
105 108
41 100
109 88
80 126
18 84
81 99
22 112
97 60
96 7
76 101
52 40
79 52
109 31
29 96
8 16
40 76
114 91
24 74
110 37
102 100
114 73
79 29
102 109
11 64
85 76
33 38
56 26
14 120
47 131
45 49
1 97
18 130
74 72
110 117
74 128
74 22
64 44
5 65
88 34
106 110
79 2
87 98
107 114
62 112
82 24
4 73
65 16
90 52
88 122
115 50
32 65
52 95
110 73
102 54
70 30
32 20
84 63
22 36
69 122
4 111
35 3
42 110
5 47
16 7
60 3
95 81
71 57
44 23
121 56
115 7
35 71
117 91
95 69
65 107
93 43
92 108
105 89
79 124
112 26
23 52
75 88
27 51
115 35
21 97
87 86
105 12
37 24
89 43
16 6
114 84
32 26
73 103
16 69
88 77
74 76
43 72
107 109
117 59
119 122
32 103
1 89
75 101
6 91
38 76
24 76
33 6
16 126
96 99
32 6
24 101
113 13
3 106
1 17
10 41
95 131
45 120
14 45
89 27
59 103
21 111
1 111
93 11
29 91
47 73
121 70
55 42
22 3
81 40
34 111
85 10
110 34
66 9
19 2
54 57
61 48
53 101
21 74
117 79
53 63
28 92
55 4
78 63
63 26
46 78
72 38
51 45
113 44
76 35
115 111
84 80
77 122
92 102
32 52
64 38
92 18
48 117
76 59
51 10
97 114
81 17
118 101
68 73
31 90
110 130
102 59
93 56
112 63
17 65
60 130
76 12
99 59
37 58
44 38
7 98
12 1
80 18
17 59
18 11
103 47
103 40
115 29
80 78
57 110
120 43
49 39
56 46
104 97
62 72
105 72
93 60
30 6
42 114
74 24
85 83
86 111
107 55
100 65
43 34
69 62
91 121
30 60
36 34
84 83
11 113
24 20
92 7
110 10
28 110
56 78
108 58
91 109
35 40
59 124
57 45
20 99
96 69
78 13
95 10
9 90
70 94
47 50
87 76
108 39
116 121
45 54
28 40
46 37
26 117
100 89
48 118
120 46
25 110
59 51
8 49
82 103
40 43
122 63
49 46
73 16
17 127
113 12
54 31
45 99
57 72
55 114
106 91
38 96
114 13
112 104
67 113
10 7
71 121
105 3
60 51
43 37
95 100
70 14
66 22
59 131
4 70
104 88
112 77
92 61
27 12
59 2
47 109
62 46
12 37
74 28
4 89
29 84
26 19
5 64
100 114
42 10
32 84
42 99
51 110
93 32
80 91
98 85
87 15
77 50
111 73
84 52
17 27
32 104
44 48
79 115
34 43
110 17
10 42
62 99
66 42
60 85
74 100
12 117
121 96
40 41
21 85
91 54
80 112
95 18
24 15
2 84
72 22
10 86
68 82
111 70
67 10
98 130
58 64
12 82
91 44
4 131
11 49
117 78
70 83
15 94
5 107
55 8
12 17
99 67
118 121
35 128
103 6
81 89
112 69
36 62
108 89
29 33
64 100
32 73
52 8
113 116
44 119
50 57
87 24
36 102
9 73
97 75
113 8
97 3
69 128
35 25
40 125
42 23
94 82
121 30
22 39
110 105
5 27
48 127
110 21
49 4
10 28
48 64
77 61
87 88
8 92
94 113
1 102
98 109
36 120
76 39
107 101
4 44
83 120
11 30
21 70
68 92
56 65
88 123
4 12
105 91
22 62
5 129
93 101
110 109
115 58
55 29
91 128
20 111
7 52
118 90
53 98
62 85
60 56
69 87
51 125
104 78
19 36
5 78
82 109
46 63
76 75
99 123
69 54
25 104
22 17
15 86
115 78
86 4
34 6
13 113
102 34
76 93
67 28
4 37
18 78
26 84
66 119
39 120
56 88
89 90
37 47
41 74
18 43
34 118
99 85
98 113
51 34
6 49
22 85
113 1
60 53
100 42
84 39
2 20
39 33
105 50
62 70
15 20
102 85
118 2
115 106
54 121
30 68
51 5
28 115
31 122
110 38
23 132
59 111
121 77
53 42
46 94
60 45
83 113
79 90
70 24
46 25
75 98
55 28
111 86
13 99
77 81
14 85
53 122
84 72
70 23
119 44
45 62
5 103
29 52
43 1
94 45
102 65
74 37
84 130
26 42
61 102
105 110
72 46
41 29
93 65
38 1
98 127
14 48
30 55
26 58
25 91
35 101
98 103
73 82
88 90
96 10
23 73
119 5
30 48
93 112
103 21
16 88
121 9
64 4
49 1
36 18
71 70
97 14
42 40
90 32
2 52
48 38
3 93
23 119
68 44
115 87
83 95
93 80
118 24
47 100
27 129
33 75
90 10
103 65
55 126
117 21
26 43
72 119
105 34
102 23
106 31
51 31
56 7
6 104
37 92
107 62
53 11
120 87
52 6
119 105
21 8
16 71
21 19
73 2
74 129
24 34
2 91
18 3
35 114
96 127
24 19
32 111
25 114
74 54
58 59
87 43
69 42
110 36
72 44
105 37
41 122
101 48
70 70
107 16
104 131
112 122
78 87
117 42
99 77
109 43
11 33
24 83
49 60
24 21
92 85
39 104
116 54
84 86
25 96
109 79
108 57
35 68
111 47
116 81
22 114
63 130
110 60
20 71
109 93
49 61
11 98
93 28
96 44
39 127
22 67
1 85
111 5
48 92
81 71
29 21
85 92
120 73
113 48
29 23
71 30
42 97
65 73
15 1
57 22
4 23
82 3
15 107
106 59
12 7
76 103
37 67
95 116
119 43
20 123
57 2
12 79
101 62
65 120
19 85
11 41
113 117
62 33
30 76
88 21
95 62
103 27
67 114
20 26
6 8
24 12
49 69
109 16
45 41
102 79
55 78
54 54
14 63
112 107
105 41
101 99
99 111
107 110
119 45
116 89
47 75
67 42
97 1
10 107
40 14
81 94
76 1
71 80
23 4
71 94
17 7
8 79
120 84
46 9
65 84
117 43
26 123
15 3
91 88
79 78
24 128
112 132
77 129
20 30
42 84
50 50
45 83
59 127
88 69
25 120
115 82
43 88
60 52
36 106
100 112
42 56
36 16
70 38
31 119
94 122
9 119
76 68
13 97
3 27
79 57
67 126
96 103
78 34
103 61
64 22
83 37
81 83
116 35
31 102
79 56
22 87
108 106
108 14
85 109
63 8
86 81
58 89
83 115
97 27
10 53
44 125
95 48
7 1
66 1
16 11
9 25
19 129
102 127
2 25
104 38
38 55
38 19
109 77
15 63
9 28
57 39
29 19
10 85
44 52
13 89
98 27
55 108
100 68
115 70
37 83
49 123
62 53
39 32
18 96
12 63
2 57
109 60
122 98
112 103
86 3
49 129
75 26
5 131
17 47
64 106
14 56
77 76
24 30
94 68
8 62
73 98
21 82
96 14
76 19
10 126
114 67
85 98
45 59
70 58
117 90
2 65
80 34
16 78
20 39
55 47
51 23
82 70
39 82
54 88
77 128
98 131
72 35
72 18
94 7
4 93
47 48
97 77
48 40
14 54
99 45
73 62
65 47
109 106
109 50
34 68
10 27
112 8
34 110
73 34
68 33
32 30
121 83
21 7
65 54
43 52
111 101
96 27
111 28
90 94
32 40
57 36
39 78
117 131
82 121
13 34
31 46
60 65
76 70
78 51
110 31
103 9
2 132
1 48
89 60
119 51
78 126
44 76
92 27
50 119
39 35
35 17
87 90
9 9
31 44
16 104
97 33
90 105
37 101
31 49
19 29
47 35
94 76
2 40
76 119
76 72
67 98
105 10
99 107
73 20
73 118
83 4
12 25
66 93
10 13
66 126
3 89
105 66
119 64
82 92
48 50
17 22
66 78
53 93
117 40
50 54
102 41
59 47
93 4
68 30
20 70
19 47
30 34
109 68
37 91
18 63
90 18
121 25
45 32
18 37
30 23
27 14
56 119
6 94
48 21
41 90
67 38
54 87
108 117
111 65
76 77
63 24
71 4
57 3
35 83
52 36
100 16
51 66
34 100
104 3
92 20
116 107
70 59
54 11
49 108
94 55
84 126
76 52
12 56
34 36
55 89
80 14
99 60
72 125
59 95
110 71
87 17
52 38
31 84
18 77
121 104
65 94
6 130
115 93
51 64
108 19
23 3
20 18
56 72
59 81
83 6
52 50
39 30
69 59
35 47
25 99
42 122
38 73
51 98
89 29
74 60
63 119
80 103
91 26
89 71
105 120
67 120
12 47
15 66
69 12
70 119
74 26
80 75
70 116
16 53
30 82
42 92
71 38
3 30
99 109
61 88
35 57
32 99
7 33
21 52
108 77
10 37
111 102
44 105
52 43
40 56
44 103
50 130
35 82
114 44
39 70
99 94
112 48
57 102
46 132
71 23
114 116
73 69
79 18
8 131
36 66
49 28
95 29
22 71
78 10
11 36
107 39
68 124
55 52
9 51
42 15
105 24
38 127
19 120
38 22
12 19
24 36
31 10
73 26
91 18
55 7
35 80
117 111
74 13
113 4
81 14
13 117
115 71
60 30
65 123
43 33
106 113
60 80
13 53
115 66
33 43
14 13
13 50
113 29
113 124
18 29
98 21
32 27
38 40
100 46
97 74
14 16
41 60
100 25
14 14
75 7
96 125
3 23
45 16
6 125
22 102
2 37
8 29
88 83
86 132
7 4
5 79
46 66
111 19
60 100
58 67
98 104
88 106
33 20
7 8
116 48
51 24
99 104
36 8
33 9
97 56
116 131
118 132
41 56
120 37
116 116
18 16
34 50
66 88
120 31
16 127
24 122
111 100
116 23
35 111
62 67
102 101
33 47
90 71
80 12
95 117
119 21
91 33
92 63
26 56
62 51
35 31
25 7
29 119
31 47
7 55
88 100
56 49
93 42
21 28
64 131
19 70
119 8
29 122
29 80
63 111
27 64
29 112
38 27
9 108
90 38
113 75
34 106
66 11
79 84
4 78
69 58
121 76
82 2
88 68
5 43
15 120
6 77
19 69
91 14
38 37
19 125
37 19
98 106
18 83
118 57
16 66
54 96
116 37
6 128
90 45
72 85
23 110
1 95
23 23
81 16
42 71
2 124
14 87
50 42
102 25
45 56
61 39
48 19
80 69
47 55
79 6
39 114
37 73
92 15
105 106
82 79
75 132
45 51
55 124
69 63
18 70
103 28
16 91
86 63
43 66
103 51
70 118
71 55
122 66
58 68
108 110
46 113
24 103
2 5
80 85
68 119
101 132
4 51
82 114
11 3
30 61
80 129
81 20
53 27
105 98
107 103
23 48
72 69
58 77
35 19
5 98
37 125
86 101
23 120
72 115
31 27
89 65
92 1
87 47
122 74
96 48
9 120
6 98
122 79
79 3
120 12
119 47
86 125
68 127
36 93
66 29
102 39
57 62
117 106
102 98
12 93
59 109
94 6
36 24
24 14
83 126
58 11
99 8
87 50
77 5
73 65
82 61
74 85
11 42
68 69
57 79
7 88
6 6
37 16
92 16
48 8
24 69
17 129
72 10
103 122
25 127
65 71
57 67
119 29
80 25
121 101
116 87
108 124
8 98
2 41
68 58
67 60
58 86
1 65
4 86
67 35
104 50
115 11
68 63
53 59
106 121
64 51
96 89
44 36
19 23
101 22
65 62
112 88
74 99
101 115
63 107
24 29
82 130
34 83
19 117
82 112
61 36
109 94
71 11
42 112
44 15
113 72
15 52
41 32
114 129
97 91
3 54
122 38
71 24
27 82
61 94
37 46
78 11
25 5
8 5
70 68
37 80
29 128
99 16
47 115
106 95
15 28
92 109
1 75
7 72
64 91
83 51
46 2
23 29
77 51
79 82
30 120
83 68
72 90
57 84
48 36
13 125
62 65
72 43
91 87
33 76
43 38
53 125
103 121
56 105
56 115
90 126
38 56
55 96
2 9
29 121
3 31
17 53
19 127
43 104
18 51
60 12
22 128
40 88
64 8
47 130
117 83
74 41
61 84
15 15
19 115
116 40
117 58
71 58
53 34
37 29
73 45
118 1
37 12
102 104
54 19
67 63
49 83
61 33
33 121
108 26
91 10
35 120
65 102
119 67
7 102
79 33
44 24
74 21
13 16
70 22
20 132
73 25
61 93
61 4
74 75
7 97
115 56
82 26
121 108
49 22
59 121
10 109
12 77
13 121
76 29
56 69
73 122
29 31
113 31
76 84
7 110
101 101
105 39
74 42
28 29
16 92
72 36
2 112
90 106
32 62
31 28
50 96
112 20
103 56
89 6
35 51
14 88
9 21
5 120
92 43
80 108
17 72
50 20
63 105
68 53
43 4
32 13
109 95
40 26
77 104
22 76
18 99
118 44
13 8
4 88
96 92
29 82
91 61
61 15
19 131
16 15
37 44
48 39
26 73
78 6
114 92
59 92
55 69
86 67
4 63
116 64
16 83
122 30
122 105
39 83
23 15
22 22
45 64
72 116
39 3
7 124
13 36
121 12
57 48
99 36
50 28
75 75
117 16
93 66
9 63
22 92
61 95
76 97
101 91
117 82
87 41
63 67
42 85
42 87
39 79
65 108
8 35
42 72
45 8
58 54
3 77
116 98
18 111
91 110
102 75
62 84
59 128
86 104
114 119
74 25
91 113
71 48
5 105
27 20
26 24
7 79
1 22
52 58
28 113
7 30
18 98
117 69
82 52
76 109
75 20
121 1
8 124
3 120
51 26
42 2
59 64
6 126
69 86
52 65
67 112
81 42
98 35
46 39
86 48
68 31
94 97
109 5
73 60
112 37
85 122
35 106
31 96
86 39
94 15
59 59
98 129
54 103
75 117
76 41
46 76
122 47
51 60
98 102
49 107
83 102
58 120
26 98
47 40
37 60
82 59
4 21
60 69
101 78
3 126
35 117
27 65
22 63
122 100
120 93
22 70
39 8
18 21
91 66
114 113
92 60
93 72
107 4
8 27
30 110
2 4
10 72
77 114
24 87
58 128
50 114
7 86
55 27
76 76
15 5
29 117
76 25
62 54
69 120
106 126
102 15
85 82
79 28
93 113
47 56
31 111
76 85
57 70
41 18
70 62
111 23
45 70
106 63
46 55
44 112
22 90
24 123
103 69
79 118
47 98
47 103
1 50
9 110
58 22
93 126
22 1
9 56
11 63
37 90
58 34
110 113
81 81
18 64
59 125
81 125
38 32
37 34
99 57
94 30
51 32
116 103
28 3
23 37
71 102
109 54
85 119
2 58
18 50
68 52
90 11
111 118
96 97
20 81
82 43
33 80
36 65
116 47
56 123
18 123
109 35
14 91
61 57
88 42
61 67
30 30
44 73
60 31
98 56
45 117
116 73
100 29
41 92
63 120
64 35
117 68
41 103
71 85
3 63
62 15
118 84
37 70
54 20
22 116
47 18
92 62
45 107
1 31
122 86
21 122
34 98
113 87
110 112
100 59
34 27
67 70
57 65
89 35
99 17
20 52
32 28
76 38
102 50
119 16
7 5
44 4
80 33
72 97
91 24
104 58
99 1
50 83
84 21
105 55
117 98
111 6
89 95
17 13
74 95
107 92
15 33
28 56
121 62
1 36
21 114
112 128
48 6
17 8
43 119
76 114
108 96
12 53
117 64
46 40
58 85
10 23
20 66
4 115
107 84
30 128
11 25
64 96
31 55
48 55
52 29
82 128
93 5
38 48
55 32
58 50
102 24
17 81
105 56
40 91
15 73
58 35
80 66
51 67
93 82
74 93
92 83
29 9
44 86
20 119
120 97
77 8
91 69
116 88
85 111
93 103
24 45
109 74
95 42
69 30
114 45
101 75
34 41
66 70
3 75
14 132
46 85
31 64
10 130
35 44
112 116
94 128
111 35
103 49
14 7
121 122
113 77
9 107
78 3
70 93
17 38
20 77
36 43
73 58
30 125
12 23
41 33
117 121
43 83
40 89
14 110
110 23
112 58
2 62
76 129
77 101
72 121
21 4
115 73
98 22
68 121
33 89
17 64
26 90
14 94
69 48
101 56
23 105
100 94
43 57
115 119
2 117
44 43
30 2
34 123
18 86
17 6
18 27
67 84
60 50
72 127
110 72
11 27
15 8
85 14
79 103
78 59
115 60
114 88
20 64
29 14
107 112
113 55
32 43
103 80
28 10
98 54
83 112
116 53
20 35
15 114
108 104
16 62
52 128
18 112
92 47
92 110
39 100
119 83
70 47
65 121
40 129
85 15
41 15
35 11
58 47
75 121
110 131
114 54
37 87
66 92
111 1
2 110
84 120
53 47
56 56
42 53
40 119
92 114
41 78
66 102
59 94
29 66
110 22
104 108
59 52
29 35
30 94
7 6
5 48
107 6
94 49
74 131
56 18
57 127
7 40
53 70
63 128
118 45
77 111
17 107
20 22
28 2
69 4
40 82
65 17
42 131
42 22
20 100
106 53
114 130
100 28
22 46
14 18
111 114
40 21
117 66
92 84
115 18
88 23
103 74
3 119
14 6
24 80
74 122
10 92
95 2
122 107
121 99
2 8
35 115
22 4
53 67
47 72
40 9
122 62
9 12
40 123
119 54
2 79
28 82
58 106
108 29
119 120
22 28
33 78
101 113
42 29
50 38
68 54
65 10
25 44
26 34
28 52
104 12
28 24
75 12
107 22
121 32
73 10
8 114
25 45
56 79
28 83
88 24
97 25
6 37
54 50
12 28
12 128
110 20
22 5
23 131
110 35
69 96
8 95
91 102
112 76
122 75
57 75
111 15
34 11
118 107
34 86
88 87
43 36
105 113
109 17
69 97
41 73
49 99
79 89
120 65
101 55
85 115
91 106
3 132
111 84
45 114
107 41
42 129
83 36
112 95
79 113
108 13
95 19
57 50
88 85
65 22
94 93
43 16
60 32
7 13
13 65
117 130
71 37
10 20
109 112
57 96
82 22
57 24
6 72
63 81
99 58
73 63
98 41
59 123
72 57
84 104
84 45
27 66
101 29
92 80
109 9
3 41
6 73
48 47
55 113
63 59
105 30
89 47
109 111
86 76
96 57
15 2
27 62
21 42
27 130
73 9
92 10
55 118
7 76
75 96
90 96
14 121
22 10
64 81
104 92
7 71
121 94
48 100
14 12
93 21
55 101
64 37
26 126
79 111
89 14
23 121
37 7
90 79
85 54
38 12
98 79
49 66
23 98
26 17
24 118
100 53
26 44
34 107
66 97
30 50
78 120
88 108
119 84
42 107
11 73
90 34
25 109
111 82
4 120
82 78
94 84
31 39
38 34
57 126
74 110
35 113
76 33
121 69
54 132
70 108
50 72
64 70
108 123
31 92
91 7
61 120
62 107
72 31
5 22
54 60
28 48
70 60
104 74
87 116
70 13
2 130
115 24
121 44
114 112
22 35
48 56
88 80
102 18
63 100
115 55
116 129
87 119
20 98
104 54
86 115
9 47
65 83
7 21
62 12
46 83
95 41
89 108
104 67
15 88
101 97
79 53
94 48
101 121
90 8
53 65
31 30
41 61
54 53
18 18
86 66
55 5
34 102
35 63
24 72
78 29
25 117
31 16
54 15
80 131
8 1
122 49
120 72
1 101
115 30
7 117
110 97
14 38
85 107
21 106
112 34
104 19
50 48
100 50
39 61
72 113
100 90
115 94
59 21
114 64
59 116
97 71
111 117
70 3
44 107
61 129
32 63
107 23
100 80
32 7
71 9
103 77
72 12
73 95
82 13
71 8
26 27
109 115
53 103
101 82
64 41
43 12
19 32
111 81
30 13
81 29
82 129
63 21
15 27
45 57
60 72
11 11
106 130
28 132
26 67
89 110
24 124
44 97
66 109
42 58
51 117
85 5
46 38
35 37
17 37
30 31
105 40
3 117
96 64
90 132
97 8
89 76
24 48
14 114
115 52
114 23
78 107
1 66
97 113
95 99
98 71
62 28
93 69
54 12
31 123
57 64
51 69
60 93
48 41
1 38
18 40
44 132
32 83
1 130
35 53
111 45
68 76
66 10
24 131
36 109
37 88
62 9
79 40
11 48
48 60
45 81
54 18
59 90
95 77
83 31
54 74
30 73
99 55
114 118
99 90
121 112
108 105
50 31
26 35
15 100
95 49
55 54
2 32
36 9
46 73
36 81
76 111
54 127
47 7
108 92
107 119
63 94
28 31
1 30
116 42
53 61
116 83
50 131
65 5
104 49
81 72
96 49
110 39
111 119
61 61
35 121
79 121
44 19
79 58
67 64
29 87
34 99
2 21
20 108
47 80
36 74
6 53
87 21
37 11
62 82
66 115
39 98
67 72
12 6
40 46
37 37
57 54
29 16
93 90
26 2
85 62
117 104
38 104
86 9
98 43
32 124
67 36
92 67
72 63
116 39
88 47
39 115
86 10
28 65
98 37
73 14
40 78
74 35
76 47
84 95
5 42
5 21
86 25
44 14
49 56
83 25
32 86
70 32
115 15
23 14
24 27
38 70
39 59
120 19
37 15
104 79
77 82
95 92
59 80
118 97
110 48
119 69
84 58
118 85
16 129
72 118
94 52
19 87
96 18
76 3
23 27
95 33
2 126
75 42
46 114
58 99
32 121
46 115
78 78
16 59
23 5
39 44
65 49
71 41
61 6
14 90
110 68
111 110
95 56
106 129
118 106
27 131
102 72
121 45
2 103
106 41
67 2
106 93
114 3
106 84
71 34
36 40
9 113
44 46
116 8
117 61
23 60
81 117
112 50
54 97
96 95
63 28
33 109
74 74
14 40
84 117
53 6
102 56
69 117
6 69
79 25
50 33
49 86
50 56
115 88
27 47
35 129
69 57
79 109
32 74
78 112
38 99
43 125
120 33
108 115
55 88
69 90
18 69
95 3
100 73
51 95
20 93
68 56
112 60
33 15
32 12
66 74
10 32
4 49
16 115
13 86
17 90
77 63
38 11
88 89
25 66
97 4
83 96
82 23
50 108
87 33
77 92
77 9
120 35
74 50
73 76
68 65
106 100
54 79
30 109
69 25
113 91
75 17
86 43
50 39
90 112
120 17
46 98
38 101
43 122
115 31
73 85
77 94
95 21
36 71
114 46
6 95
49 41
87 11
55 102
93 34
34 52
83 12
44 26
113 42
22 32
18 120
114 17
110 11
96 118
122 26
81 12
1 110
66 25
8 15
76 113
117 84
77 38
75 84
36 110
57 120
24 18
7 53
61 38
117 100
12 29
19 66
69 85
17 77
102 130
35 102
73 72
20 84
46 117
3 26
93 55
7 47
41 126
89 34
27 19
40 115
112 35
24 78
119 116
40 25
74 86
41 2
61 50
68 37
107 65
37 113
59 89
121 41
32 59
68 1
83 29
99 11
115 51
76 65
98 7
89 79
73 36
44 110
45 119
13 80
71 42
55 70
2 125
116 119
14 80
32 107
13 67
21 5
3 94
2 49
99 19
33 45
34 85
110 101
74 103
101 117
8 132
95 113
6 116
71 101
30 92
77 65
20 102
112 124
20 79
48 37
117 127
77 89
75 2
5 87
13 9
40 118
111 112
106 6
93 106
100 82
67 54
107 48
60 19
78 9
53 124
58 32
92 36
122 3
111 24
110 28
87 8
71 124
48 97
92 30
40 33
76 63
98 74
35 74
96 105
115 69
93 30
25 77
61 73
88 29
93 27
88 58
96 26
39 103
9 67
3 50
55 97
54 68
44 75
109 78
67 93
23 7
74 80
86 32
97 97
60 111
83 39
54 85
22 44
16 68
6 67
10 122
117 72
107 85
40 80
74 51
8 13
102 38
93 25
120 1
50 78
19 102
63 48
107 32
20 75
3 90
63 61
92 66
79 100
70 45
60 35
106 74
42 17
34 46
77 72
80 92
11 74
108 130
107 3
84 34
76 117
29 39
80 76
73 88
66 120
120 48
85 80
29 85
45 20
99 40
119 34
90 103
72 100
29 44
24 91
96 123
101 25
57 58
62 117
3 37
92 129
91 72
4 85
98 92
56 98
102 76
2 42
47 114
113 2
49 78
20 97
29 126
52 117
40 73
73 129
33 110
108 85
39 72
61 111
6 74
14 69
4 126
107 69
42 8
111 71
25 40
115 90
116 106
23 129
67 92
33 24
106 99
2 115
79 39
68 104
65 109
122 83
118 130
105 132
35 99
108 54
19 14
58 116
14 79
112 127
28 119
42 4
1 51
41 83
29 12
62 25
90 47
110 43
22 47
23 10
30 114
55 43
122 27
75 65
8 115
8 108
44 13
83 75
95 22
72 51
58 37
5 30
18 54
107 54
121 119
88 124
9 126
115 44
34 70
28 37
92 107
25 35
52 19
56 93
69 125
75 9
105 1
79 1
30 47
103 39
65 93
103 31
1 42
72 59
58 94
2 131
122 2
69 52
90 107
95 128
122 40
18 94
122 8
120 75
5 86
67 130
113 131
64 112
53 95
85 70
47 99
47 24
80 83
59 44
69 17
45 1
91 25
63 35
71 112
47 84
90 90
87 68
1 118
91 56
9 86
50 10
95 129
14 70
106 38
22 53
21 79
111 46
88 44
27 6
88 1
86 45
24 63
28 118
63 75
74 49
85 1
85 118
1 80
68 68
20 3
95 11
38 64
48 94
58 119
17 44
36 114
53 128
92 127
1 129
119 60
89 84
104 82
39 93
37 99
86 107
52 5
109 2
67 44
19 67
21 53
96 4
119 95
111 3
65 89
100 56
115 65
104 111
8 126
103 90
19 37
82 16
60 127
84 101
79 77
14 102
122 60
5 80
52 20
22 9
103 116
75 77
76 42
77 31
85 19
87 31
10 103
99 23
50 120
41 21
45 67
36 131
105 64
108 51
81 67
111 43
53 43
94 70
45 94
113 30
87 45
13 64
14 9
96 51
78 20
51 70
13 123
81 63
17 35
60 15
65 96
3 43
101 92
93 26
39 42
110 9
47 127
114 6
33 79
3 39
63 98
8 14
73 83
31 2
100 67
78 14
3 44
79 22
14 23
60 96
33 85
71 31
97 11
43 23
63 92
77 90
45 43
12 126
83 82
31 57
21 34
118 41
107 113
122 130
17 110
22 60
121 87
43 97
86 99
1 7
51 107
5 68
79 119
79 81
85 90
93 29
114 108
43 116
8 101
71 25
91 48
2 106
3 97
55 131
103 91
121 128
103 22
19 119
75 89
38 35
19 40
95 64
65 111
77 1
38 86
121 50
28 72
102 119
1 20
32 47
7 77
119 26
10 105
27 132
80 48
94 131
19 93
6 29
27 118
27 123
49 24
12 59
25 105
86 37
115 54
82 15
66 38
111 91
45 23
57 90
106 67
54 72
28 100
112 40
75 6
37 48
15 81
60 48
122 13
77 123
117 3
96 80
78 56
64 117
13 130
2 24
75 68
86 7
106 12
95 115
70 61
71 17
78 127
25 28
54 99
24 52
48 3
12 2
80 72
57 128
112 16
87 16
75 22
120 10
56 37
69 74
87 22
4 59
21 10
110 87
33 92
11 9
57 41
55 25
109 126
82 122
74 124
18 89
13 69
79 47
111 92
111 95
97 43
101 41
31 7
79 108
95 101
90 48
73 79
48 101
120 111
106 122
98 108
109 114
110 79
109 118
110 93
77 45
19 75
4 50
20 91
95 85
71 54
40 64
17 68
23 65
68 85
56 108
112 31
19 112
106 49
12 123
105 6
22 75
104 4
61 46
107 120
65 68
108 20
26 9
25 62
23 62
100 27
115 3
38 4
108 121
111 105
62 98
15 35
21 129
33 17
38 17
109 23
55 91
49 77
79 127
108 21
70 40
114 65
46 129
112 67
76 60
75 70
23 72
34 127
90 60
64 118
97 53
107 129
119 77
72 66
62 124
52 80
85 66
88 20
121 37
73 127
41 23
45 27
46 103
33 74
63 93
11 130
7 95
63 23
117 67
46 93
98 116
90 55
22 23
50 124
16 56
90 20
102 27
107 5
90 3
87 37
89 48
15 61
122 54
11 55
113 58
42 59
85 40
71 14
37 32
16 125
96 59
19 61
29 120
8 85
85 31
105 117
39 57
8 28
78 91
66 63
73 81
83 40
16 4
115 126
20 101
72 80
120 27
118 9
90 17
93 63
73 56
76 45
17 93
18 131
79 132
8 127
57 83
43 85
97 49
19 132
5 2
122 102
119 40
120 131
108 56
5 6
54 66
19 49
26 105
56 31
6 56
88 38
36 27
91 99
31 114
6 99
11 131
56 109
13 48
23 66
47 30
49 89
53 121
106 47
114 51
50 93
63 63
2 96
68 100
117 44
88 51
68 123
36 108
107 51
83 28
41 43
85 116
122 128
5 63
41 118
37 49
63 116
24 121
44 102
23 34
48 59
36 38
5 101
14 99
40 90
74 10
12 51
50 24
72 40
69 81
55 120
60 26
29 54
110 107
20 47
37 40
32 21
47 54
44 41
87 96
11 38
28 121
27 43
25 72
39 131
49 9
26 88
89 45
109 6
89 28
26 96
102 125
89 1
41 63
2 121
7 128
101 127
51 19
103 86
30 10
114 28
70 78
120 47
117 89
70 114
77 121
109 84
36 52
31 24
78 101
41 11
42 9
75 106
7 64
94 26
72 1
59 110
6 24
101 13
2 116
54 69
53 39
87 23
23 100
119 24
80 13
117 2
19 39
3 64
31 100
26 83
43 86
38 51
36 21
41 131
88 50
102 128
36 47
68 103
49 70
32 126
77 132
18 2
115 99
57 44
45 89
58 66
28 101
9 125
88 33
94 72
7 39
56 106
109 76
83 59
115 121
62 31
1 86
48 12
98 47
4 32
63 102
96 71
118 131
63 25
90 42
54 45
104 95
116 101
115 129
24 116
63 33
71 115
10 9
87 100
70 105
86 92
8 110
99 44
78 122
93 116
122 94
24 35
83 32
11 13
92 76
90 121
49 76
47 64
52 119
109 40
54 24
49 6
50 70
105 43
11 106
64 113
77 23
16 16
14 34
103 54
36 121
20 92
118 79
100 131
70 65
74 94
15 118
9 124
97 17
66 37
20 15
101 111
79 7
36 85
89 128
105 87
2 92
76 18
17 11
85 32
78 79
55 40
47 5
56 90
70 126
61 128
16 36
63 9
88 84
98 26
111 39
14 50
42 77
79 125
26 119
54 129
98 19
24 96
116 114
3 46
121 17
17 48
30 67
96 45
1 39
1 84
86 123
25 34
55 17
70 54
120 129
32 10
107 38
67 27
98 72
109 15
23 43
14 2
29 113
58 115
74 19
43 56
40 37
59 105
63 74
63 31
70 1
77 112
16 112
122 23
103 125
84 122
29 101
89 120
114 27
106 108
50 63
119 11
28 11
86 51
87 59
9 106
103 131
85 95
50 6
78 1
87 127
26 101
104 121
45 118
101 108
11 21
118 10
54 6
40 103
102 94
113 7
4 118
13 115
77 56
97 103
41 41
12 49
23 56
52 55
32 23
113 14
32 102
45 2
42 3
41 97
72 67
14 21
99 71
52 126
120 36
95 60
70 72
61 23
61 65
32 116
121 118
109 34
19 31
103 63
49 71
86 23
83 61
4 124
73 64
42 67
67 18
2 76
24 7
29 3
115 63
23 114
6 60
54 78
36 104
19 50
90 113
120 116
115 2
107 37
15 126
121 78
118 31
100 32
66 96
28 77
118 109
108 12
27 30
42 108
75 8
22 73
38 84
27 120
100 62
34 8
56 124
51 90
79 105
85 91
67 116
94 19
88 97
103 18
58 100
77 103
113 69
65 7
52 94
56 16
79 9
67 40
51 41
105 36
82 42
100 122
105 15
49 126
42 94
24 115
89 132
62 61
111 89
72 14
30 108
101 58
93 124
38 106
33 122
102 92
63 15
122 14
33 72
6 101
108 22
89 50
105 85
63 90
3 88
96 25
37 50
54 116
115 40
118 127
61 99
43 110
6 122
107 52
91 27
49 10
59 84
61 80
108 101
10 50
81 15
107 96
56 80
51 131
5 12
21 50
60 124
112 54
114 109
62 36
85 89
43 115
96 98
2 19
3 125
84 27
46 62
6 68
89 49
68 70
38 88
80 15
32 117
87 36
49 87
19 73
18 41
22 25
108 70
8 6
42 60
77 95
50 107
88 22
54 33
120 113
55 50
58 93
85 123
94 106
28 76
106 114
4 110
70 18
84 113
72 73
65 69
121 126
74 108
58 91
117 38
69 113
28 54
67 95
95 59
90 110
78 76
18 128
43 123
60 97
86 62
65 29
94 132
22 88
11 102
122 92
104 46
5 119
45 4
112 101
100 7
3 35
37 56
64 75
82 45
40 96
8 68
14 109
76 37
120 123
83 132
46 69
42 95
69 108
86 18
45 132
108 28
117 12
102 113
41 77
27 85
107 44
57 105
92 37
83 19
62 83
82 97
21 90
91 120
81 88
35 65
3 87
35 118
108 11
22 26
65 72
39 71
50 79
72 91
59 28
111 80
28 13
113 21
1 68
28 131
104 48
113 70
36 37
67 68
70 28
33 91
3 13
56 102
50 45
68 27
57 85
25 48
11 97
39 51
35 18
74 106
74 109
91 1
9 57
70 17
4 24
106 64
80 56
98 11
12 10
115 86
8 129
54 91
11 103
30 123
3 84
116 105
83 17
116 46
80 42
117 34
84 67
3 103
95 122
1 46
2 105
51 12
65 8
94 61
113 118
28 60
105 86
29 77
21 103
10 49
8 65
45 102
1 4
60 116
48 31
120 29
81 114
3 2
93 14
52 1
47 69
45 95
74 130
88 127
52 108
23 108
56 67
102 84
53 44
82 9
104 2
70 34
39 24
114 121
16 103
47 46
109 85
62 122
82 74
118 18
85 124
35 59
13 116
86 38
91 129
72 93
11 70
69 55
8 51
113 125
89 125
66 103
43 90
14 26
73 77
1 72
114 98
26 71
92 59
12 50
92 99
72 13
7 44
76 21
19 77
18 45
115 46
84 32
82 108
116 65
83 107
13 98
5 19
83 73
62 45
92 12
17 69
122 127
6 20
30 98
85 12
6 3
68 36
65 88
73 7
48 124
49 119
7 131
31 5
113 71
108 86
85 28
57 6
86 73
10 8
103 71
95 120
70 19
1 87
26 16
101 74
80 40
37 20
79 76
89 118
79 98
83 48
20 72
90 25
41 95
81 50
80 53
66 112
11 112
111 78
1 127
92 54
14 27
12 24
35 105
23 128
57 100
67 15
80 113
106 116
101 116
97 87
24 86
89 129
82 51
111 58
97 42
97 64
44 55
83 58
119 112
9 6
31 121
112 18
52 120
82 85
96 116
72 124
51 27
3 108
65 113
83 121
5 104
69 102
28 107
25 24
7 82
79 19
122 103
114 90
36 1
53 38
10 59
96 115
6 107
43 60
119 96
119 89
87 108
98 3
22 34
40 44
73 51
31 106
43 15
106 44
52 27
17 42
67 102
67 39
82 54
16 120
38 63
100 85
56 129
45 106
52 32
114 57
6 103
6 17
48 32
108 71
2 31
57 57
27 29
106 52
41 117
54 122
82 77
15 31
44 8
73 24
113 54
65 23
22 20
61 31
20 53
84 33
78 18
10 123
55 46
94 3
61 58
24 97
66 69
122 9
49 52
59 132
81 38
18 117
111 57
104 116
117 85
29 73
44 33
12 55
111 132
86 50
51 52
120 25
5 52
107 108
25 118
108 30
111 11
101 90
108 43
79 21
14 72
116 21
78 8
33 101
29 97
50 77
52 34
18 53
121 53
92 88
92 56
39 75
75 86
5 18
76 5
70 104
98 55
56 58
23 40
111 128
93 8
97 120
65 99
90 124
109 57
87 123
108 95
23 59
6 96
31 62
100 2
43 95
40 53
104 9
62 114
83 41
92 124
109 12
18 132
100 40
91 100
120 82
31 120
46 42
47 106
26 132
105 109
117 117
49 62
101 72
41 98
41 7
115 109
101 32
89 97
35 21
20 59
82 34
50 113
103 72
106 48
109 26
16 100
7 60
18 109
76 91
7 62
104 52
38 103
77 83
61 127
17 17
1 70
54 34
87 104
111 40
110 18
10 46
44 50
8 117
14 20
103 85
86 19
37 45
31 80
51 37
66 57
65 59
112 62
115 84
93 129
65 41
102 86
12 84
67 22
97 119
98 48
62 57
59 130
98 110
26 15
23 80
91 45
1 100
47 47
109 67
61 5
69 110
97 115
96 84
43 127
59 100
98 36
122 22
57 56
11 69
67 82
90 49
52 98
75 55
79 55
68 51
108 34
2 120
10 14
24 89
99 35
30 38
63 64
12 90
100 119
61 124
18 65
84 69
109 25
3 104
118 98
119 25
109 92
87 35
110 54
111 130
88 131
101 54
12 34
5 45
92 14
15 89
8 32
6 92
108 125
98 49
93 44
64 77
15 67
13 21
27 104
32 3
116 71
12 39
91 34
33 36
63 121
76 125
72 71
94 94
25 21
100 72
73 23
33 73
7 126
2 36
4 68
32 123
43 45
7 49
26 25
49 79
77 55
91 122
9 95
12 61
8 33
43 14
68 105
5 125
113 57
4 97
78 39
9 76
46 65
38 38
101 76
113 92
88 31
44 108
71 63
39 22
59 65
1 47
78 31
71 100
42 125
18 12
46 80
95 105
8 54
21 131
48 93
7 129
69 79
55 128
89 4
27 70
96 34
120 4
119 92
78 16
55 66
17 125
29 110
32 94
33 132
121 52
46 43
60 86
55 85
104 81
40 67
20 120
45 92
39 84
36 17
68 24
13 107
27 60
116 67
42 76
31 98
79 46
117 52
17 115
33 88
48 65
24 95
51 16
109 71
16 63
109 48
95 95
66 108
33 130
5 13
112 110
28 98
54 82
92 112
76 87
77 109
91 104
23 78
119 97
58 74
22 96
47 129
58 69
113 74
89 9
111 17
100 127
68 102
56 110
38 58
104 1
68 47
110 74
38 119
27 33
82 40
52 42
12 131
46 130
51 103
84 92
36 111
115 97
61 105
67 106
84 65
79 130
80 36
23 36
112 42
40 107
55 13
110 65
38 14
28 130
4 76
114 61
102 96
4 113
27 73
83 30
77 113
73 93
9 88
101 123
95 31
66 27
105 57
12 103
118 25
104 16
28 33
16 33
55 79
44 35
1 113
71 10
119 78
60 64
65 34
25 125
40 117
24 38
82 36
119 117
50 98
53 49
83 54
3 113
68 32
87 29
85 126
121 106
118 86
117 51
36 15
43 93
16 89
33 87
18 22
63 99
77 74
8 17
6 9
20 21
28 128
72 3
18 59
114 86
108 76
66 66
75 13
33 41
119 9
71 65
9 104
38 62
94 13
17 43
17 3
63 54
69 61
51 59
33 51
34 89
37 43
26 110
5 84
66 46
57 17
28 67
30 3
107 130
23 25
78 128
38 113
41 106
16 72
92 42
81 46
98 59
64 71
106 106
98 57
122 80
26 32
20 37
20 121
81 91
24 6
4 35
93 91
62 5
4 6
120 89
5 114
103 32
122 20
7 99
3 68
117 92
85 130
78 30
95 32
51 18
93 127
25 50
25 100
56 8
95 28
16 19
87 18
83 85
35 8
61 112
98 132
91 82
31 38
41 3
106 30
13 32
79 17
95 83
103 20
8 86
30 118
116 84
40 128
118 7
109 119
35 87
30 45
105 73
79 68
6 132
2 94
111 116
112 120
28 51
86 94
26 94
104 83
27 127
70 95
65 11
44 53
36 60
22 64
34 9
21 58
119 53
17 94
29 62
30 131
77 49
75 31
68 74
54 100
55 35
67 107
2 81
10 61
27 44
108 126
39 111
49 33
117 46
56 82
96 109
12 40
42 79
69 51
118 83
40 104
84 68
74 118
88 104
68 130
30 93
81 126
57 73
89 69
52 25
69 39
1 69
39 106
43 103
96 32
84 115
9 46
41 58
45 108
48 20
7 29
56 131
113 86
16 40
12 8
70 111
103 105
110 90
117 35
46 96
14 36
37 1
100 3
82 20
30 51
70 96
40 122
73 40
98 86
57 74
50 18
62 55
58 88
64 60
11 75
71 127
41 116
38 6
48 85
30 28
3 127
75 49
36 59
3 99
33 57
50 112
103 73
24 92
71 64
31 19
62 109
90 37
13 66
101 23
37 123
86 90
19 7
42 66
79 61
93 70
115 105
27 113
8 99
84 9
58 123
48 126
50 65
81 119
13 78
83 94
99 112
81 131
19 88
24 105
38 117
116 74
95 7
109 22
68 12
69 34
105 102
68 80
108 120
8 88
24 112
43 74
96 56
6 58
7 119
89 33
53 26
116 77
29 7
119 110
111 41
79 32
47 71
19 110
2 108
16 98
98 31
101 114
34 48
84 73
93 45
105 74
79 117
25 123
67 5
117 20
34 112
86 74
1 94
20 11
21 119
20 45
114 124
110 99
85 43
65 91
34 60
42 93
4 98
98 91
120 6
19 24
80 80
29 20
103 115
59 79
20 24
88 79
11 108
118 93
53 14
92 52
98 78
70 106
95 66
13 38
122 129
46 35
92 117
84 61
8 38
110 33
90 130
75 30
68 38
98 117
57 28
67 31
56 54
121 29
56 116
10 54
55 26
33 63
64 1
117 33
80 101
27 50
23 8
110 19
111 9
60 102
34 82
118 124
2 59
89 92
53 29
26 7
19 81
34 113
48 33
119 72
105 131
26 20
41 79
10 26
31 32
112 23
117 97
64 86
86 34
15 16
86 8
18 68
25 52
78 89
71 87
99 98
108 41
118 92
9 117
107 70
34 119
37 122
27 81
30 116
12 114
17 61
109 53
87 57
75 122
120 99
47 15
18 90
111 12
122 16
51 6
63 126
104 103
120 3
42 116
24 37
75 60
40 23
64 42
52 109
20 7
106 58
12 73
41 62
60 77
63 51
88 91
52 13
79 48
21 59
49 37
57 46
34 81
17 12
112 123
81 25
48 123
62 35
99 119
84 8
92 48
122 84
119 100
5 24
92 118
112 33
48 66
122 57
92 46
39 94
122 95
73 104
115 49
31 110
7 121
121 68
44 77
37 25
107 25
110 50
118 39
112 85
22 14
89 13
24 60
4 96
25 84
107 27
36 14
118 37
82 63
8 121
1 105
38 80
52 102
102 99
19 52
120 81
104 57
21 127
65 70
83 124
8 58
48 54
33 123
71 95
98 29
88 94
13 27
18 13
78 85
116 66
12 71
75 71
87 4
2 13
76 17
53 7
44 95
35 43
13 29
13 7
5 61
112 98
54 26
88 116
41 12
78 35
38 18
23 81
51 13
66 98
49 74
87 30
2 60
113 20
19 109
114 48
37 107
99 14
106 102
32 42
52 52
19 104
50 19
64 90
33 40
105 5
80 52
117 48
53 75
20 96
26 108
122 131
105 11
74 114
102 90
114 4
63 19
108 88
110 52
80 21
118 60
12 13
22 78
30 115
38 123
5 37
68 91
52 78
82 116
110 85
18 48
56 2
18 113
121 33
37 38
67 118
46 67
8 113
33 97
92 77
13 92
106 118
79 59
52 123
17 121
52 44
69 72
31 12
1 120
6 23
14 59
43 109
76 120
75 118
9 50
43 108
70 88
101 47
42 37
48 53
71 98
113 40
108 98
67 97
47 110
36 6
45 87
43 44
42 113
105 121
108 84
9 49
95 124
19 45
59 34
104 91
49 43
99 124
42 80
113 84
115 117
100 110
79 116
89 18
58 49
30 89
11 93
42 117
46 126
84 42
21 30
30 87
30 111
100 34
19 86
52 37
42 12
29 43
109 104
121 73
110 64
115 102
41 109
113 129
93 95
4 15
96 39
118 115
43 91
41 67
14 53
114 99
67 129
41 115
63 118
46 71
26 104
32 60
4 41
100 6
65 39
89 15
83 47
50 89
83 18
113 73
112 117
35 10
94 125
6 35
55 2
60 4
19 9
55 127
52 26
3 98
52 84
3 86
43 19
53 9
12 14
104 118
84 18
76 48
107 21
117 29
82 82
102 48
31 131
92 50
52 63
14 61
73 21
63 72
15 54
56 77
37 111
88 132
96 52
32 32
57 98
102 74
90 2
98 98
49 100
31 65
85 121
104 64
110 24
62 121
68 6
44 32
22 89
37 89
57 77
87 5
84 116
38 87
113 3
60 41
56 96
82 66
8 52
48 7
75 54
69 31
9 8
21 95
70 48
65 37
14 41
17 5
109 97
61 62
10 11
72 21
112 75
78 45
59 55
14 22
87 107
10 66
48 102
51 132
28 75
49 31
96 1
97 47
78 46
106 15
24 42
20 106
50 27
100 1
75 93
75 125
121 71
46 75
64 94
47 52
48 49
1 88
99 75
80 16
10 47
2 66
11 76
6 84
121 129
20 42
4 77
54 23
39 87
21 73
17 82
94 39
70 6
55 116
54 27
31 79
43 87
1 91
75 102
66 94
41 5
30 70
40 38
122 59
2 85
39 25
121 11
112 38
65 92
65 90
5 96
3 67
97 106
44 10
74 117
68 35
119 128
115 112
57 55
91 111
70 91
52 96
5 7
83 46
106 43
8 96
74 3
63 14
39 26
6 83
37 35
48 104
72 122
93 6
53 126
71 92
46 8
30 24
34 132
7 73
90 104
118 16
113 26
95 71
47 95
44 2
114 9
120 121
51 7
50 71
98 126
9 130
9 29
34 124
58 121
63 78
50 121
14 127
26 116
14 39
89 42
111 10
82 32
69 131
54 32
81 92
92 82
51 14
115 104
76 57
100 22
43 75
76 4
65 79
61 77
59 70
16 21
94 60
74 125
11 117
88 12
45 9
38 128
73 28
96 132
73 15
21 105
20 54
9 93
42 13
52 2
91 3
86 88
78 86
98 66
4 107
98 8
7 66
107 46
122 116
62 42
63 62
21 39
92 116
16 47
118 64
69 22
75 59
108 8
89 61
4 40
74 2
7 113
98 44
67 87
3 95
88 9
61 24
102 14
5 25
55 62
75 126
74 61
105 88
92 33
47 2
70 80
30 42
84 89
52 115
30 130
47 78
26 82
61 60
20 103
59 67
87 125
34 23
89 25
88 37
44 79
107 82
24 28
10 132
120 114
85 37
45 18
10 29
4 82
97 131
105 4
108 9
83 38
46 99
91 78
85 101
69 49
105 95
20 112
122 89
111 30
5 99
87 65
26 89
100 54
11 111
13 68
22 115
62 86
16 75
57 115
28 47
91 22
42 121
5 28
45 97
70 115
8 47
93 130
95 57
3 100
41 119
62 64
41 14
32 80
78 118
39 132
72 105
94 46
64 119
56 128
13 23
18 14
114 105
39 9
20 131
49 25
39 64
100 43
60 58
88 63
108 78
29 70
101 5
120 101
23 77
17 83
48 88
28 26
13 24
38 39
21 45
11 92
78 37
48 132
8 97
107 106
48 61
114 122
19 43
3 25
46 118
72 131
48 5
8 83
104 18
108 116
85 132
104 90
106 11
93 2
70 81
106 45
23 104
62 13
75 111
64 66
103 112
78 96
59 119
58 39
89 54
7 85
91 19
74 27
83 128
62 94
61 91
25 27
4 90
117 19
66 35
75 127
121 58
40 48
53 69
50 46
20 23
97 45
11 12
107 83
59 32
23 76
35 5
118 119
88 62
117 50
59 73
104 31
116 125
45 37
33 102
38 110
37 53
6 2
2 88
121 20
54 36
43 132
78 65
7 28
83 74
64 64
75 79
99 6
50 118
74 36
82 64
1 106
29 124
48 26
108 128
8 111
24 17
101 1
48 34
40 92
37 116
37 95
64 21
64 68
4 25
98 13
104 40
28 34
7 91
16 80
3 116
57 123
6 12
36 117
57 78
54 95
49 121
8 30
119 31
59 43
88 25
89 73
75 45
28 99
98 50
50 109
85 53
8 63
109 132
24 26
41 35
74 113
58 29
66 91
29 49
7 122
45 131
53 37
1 25
97 125
89 99
62 22
91 6
59 15
20 46
2 6
100 132
17 104
3 36
23 42
94 109
56 83
26 78
56 84
6 16
75 56
41 80
97 24
79 69
7 38
112 56
80 124
20 88
91 62
45 44
92 98
66 118
73 115
35 58
87 66
41 76
30 27
23 115
52 131
77 46
85 51
81 115
23 24
84 81
33 53
86 75
48 11
59 36
15 22
25 74
70 129
53 118
1 132
76 89
10 113
2 14
80 86
107 127
32 51
93 46
7 63
95 70
57 87
82 76
32 91
15 11
113 89
97 44
65 12
26 48
5 90
46 28
75 76
32 8
61 75
81 26
54 114
84 109
12 22
65 46
45 34
82 106
108 73
57 88
36 44
19 54
86 42
60 59
97 35
61 20
103 45
56 23
33 54
72 33
11 20
100 20
58 28
101 118
121 51
39 20
89 68
119 70
83 3
63 76
39 122
109 44
14 95
16 10
84 125
81 34
14 111
21 128
10 30
79 80
84 26
100 92
103 1
116 9
90 114
52 105
35 28
71 66
62 74
63 27
92 79
16 30
8 87
95 63
120 38
88 75
17 132
73 94
41 102
106 85
46 111
8 20
96 94
19 122
22 42
64 33
89 30
99 5
54 46
22 108
113 32
44 88
32 69
51 47
47 85
108 72
55 82
35 124
51 68
47 76
35 56
81 51
95 126
104 123
54 124
20 61
113 81
88 92
67 104
83 1
2 69
57 125
50 80
37 8
86 55
6 19
12 58
77 93
26 77
21 33
47 117
94 59
67 24
63 132
23 39
83 70
106 71
28 49
77 107
103 81
18 104
33 107
81 49
114 53
21 46
111 56
88 74
67 66
71 86
70 90
115 116
110 5
77 66
17 76
55 49
46 57
47 112
55 105
55 122
97 100
27 61
97 98
18 121
92 81
5 41
46 64
11 35
2 30
103 94
10 118
75 129
67 55
76 64
39 66
80 130
4 9
15 50
96 40
23 94
11 132
109 72
52 118
6 33
102 102
121 35
63 4
46 31
42 28
26 100
32 48
30 122
18 110
8 75
2 77
62 27
78 77
16 77
79 54
92 95
96 13
39 77
14 112
53 92
50 86
117 4
68 110
49 32
84 90
103 76
27 17
106 127
7 27
80 31
65 38
122 96
19 118
54 110
63 22
64 111
17 96
11 110
32 37
107 28
47 21
86 120
112 27
68 81
60 14
53 2
7 92
119 76
46 52
90 84
4 58
121 42
99 65
17 26
113 50
66 48
67 37
86 64
118 110
53 131
80 118
17 19
32 115
106 54
80 63
28 20
47 105
89 101
119 132
24 54
91 16
47 92
14 115
106 77
27 27
45 42
87 28
46 82
5 3
122 113
30 19
31 66
94 127
34 37
27 90
90 6
114 52
85 94
118 32
87 85
98 111
6 47
65 27
74 44
90 43
96 79
7 112
8 42
101 31
69 23
66 124
30 33
13 60
78 132
105 127
61 97
97 52
106 4
100 70
62 130
110 32
79 60
94 95
110 41
37 10
99 88
100 39
6 82
14 57
26 47
56 66
87 97
60 10
8 40
102 16
54 64
117 39
51 83
20 129
103 38
60 123
3 131
17 117
51 72
8 77
39 108
19 55
61 8
66 41
10 43
16 14
33 39
84 97
69 76
40 84
54 117
113 22
28 27
85 113
89 41
115 45
81 59
121 54
45 101
50 132
82 31
37 23
115 110
121 72
98 2
9 68
120 76
121 109
44 82
119 108
91 97
12 48
52 116
63 39
13 4
83 87
94 77
86 85
114 101
8 116
93 93
96 60
95 102
72 111
60 73
12 109
20 16
105 130
24 104
5 69
18 46
80 37
80 121
2 39
90 58
50 104
46 3
120 66
107 74
38 21
81 47
59 63
68 72
52 62
34 20
28 85
96 74
34 92
42 51
28 97
53 105
122 52
119 52
52 99
44 63
16 95
115 91
28 61
121 80
79 65
29 76
105 123
77 12
121 116
107 49
37 75
105 68
71 84
66 67
72 88
89 59
11 72
74 71
66 40
107 125
40 63
115 62
39 12
76 99
83 77
98 53
19 34
87 113
67 19
26 125
69 98
84 99
74 8
46 19
73 1
36 64
9 89
19 10
61 82
105 93
101 53
13 13
116 102
75 124
17 33
72 74
15 119
80 54
67 131
116 7
78 48
95 73
63 52
42 34
100 129
107 15
32 67
82 19
34 18
68 107
2 47
58 38
102 91
27 7
62 66
76 126
3 11
45 26
70 49
93 49
116 95
83 80
97 92
107 43
102 32
97 34
40 51
44 61
88 18
104 98
97 99
35 13
69 129
55 68
18 44
89 122
73 8
47 125
69 16
73 50
20 1
18 126
25 6
46 12
22 124
43 113
27 86
119 14
27 59
17 123
44 98
18 55
21 57
41 104
66 33
71 109
102 52
79 45
86 117
21 41
89 126
9 65
90 66
27 11
18 1
87 80
14 1
35 14
81 9
23 95
21 98
30 1
27 80
65 132
18 47
45 72
109 87
82 35
19 98
41 130
65 116
37 77
48 30
52 41
1 28
116 22
1 40
48 74
8 70
66 104
106 123
76 55
34 78
107 124
24 107
87 67
65 25
31 4
116 15
49 73
86 121
24 99
67 76
68 78
80 43
72 41
32 112
29 108
43 49
72 104
55 33
93 23
74 116
86 53
23 2
29 102
85 8
56 12
102 2
122 42
63 10
72 11
74 18
97 93
89 130
36 83
20 2
99 118
76 54
71 76
23 113
7 51
107 1
120 41
112 14
22 103
58 60
40 57
121 19
9 115
87 92
91 13
52 101
66 84
31 95
109 27
2 122
42 86
15 124
54 55
25 51
2 78
122 5
47 51
50 97
44 47
107 11
109 124
111 115
114 85
120 50
7 58
41 19
81 116
98 96
51 50
13 72
13 44
72 68
121 75
120 61
82 17
23 61
26 50
38 10
104 75
51 128
24 98
70 29
50 85
76 71
65 28
91 55
107 99
61 29
115 48
99 102
38 78
119 41
111 103
45 7
92 24
8 19
7 120
76 20
53 22
37 6
44 29
72 15
57 15
36 101
98 60
84 56
118 50
76 123
83 97
3 47
118 77
86 2
35 110
61 35
30 96
118 73
38 120
83 93
93 53
2 51
113 64
117 13
40 19
121 127
89 32
28 104
94 2
4 117
40 97
68 43
81 132
83 130
88 8
27 16
56 40
109 127
30 80
42 32
47 121
46 59
56 86
47 53
58 132
50 12
121 40
24 5
2 99
96 91
59 106
36 10
65 21
1 108
16 51
2 119
104 7
116 70
53 96
80 107
65 74
102 80
113 102
85 22
8 25
64 28
24 126
95 121
72 42
12 118
66 72
88 113
6 100
66 71
110 104
9 132
36 32
77 53
18 74
66 4
27 74
28 120
56 5
50 74
72 16
23 31
40 42
85 99
9 114
77 119
119 99
90 30
58 113
11 54
44 40
20 38
6 41
82 6
13 83
104 29
21 102
2 87
27 9
19 101
116 82
27 111
112 51
95 55
28 68
71 53
107 26
56 114
105 111
63 79
91 112
88 73
25 81
18 103
59 83
56 55
25 92
15 69
109 38
32 105
121 131
59 57
25 79
18 115
23 32
120 63
28 127
21 24
40 102
34 129
95 65
87 49
30 9
111 32
114 60
61 55
90 57
112 119
114 1
28 58
113 76
115 47
4 66
105 53
91 75
73 100
43 107
87 63
25 49
93 108
16 113
50 49
5 117
116 100
15 56
31 25
101 40
60 114
58 4
4 87
63 45
29 81
74 83
40 69
109 122
8 90
97 6
114 125
87 101
78 62
5 111
91 86
57 5
11 59
65 129
86 41
113 66
11 82
93 52
71 43
58 127
79 101
60 25
122 68
49 106
100 83
23 45
104 24
70 85
94 129
81 2
75 32
69 41
90 95
12 80
55 36
119 48
100 121
25 93
5 1
69 47
25 3
69 123
67 43
110 81
90 14
54 52
95 43
41 65
84 106
111 113
37 115
73 112
4 8
83 105
2 75
101 4
119 86
26 6
56 32
45 13
18 36
108 48
93 40
11 5
38 50
112 13
3 123
103 41
25 61
105 13
49 55
66 132
114 12
24 94
100 76
41 9
51 93
36 79
92 97
3 81
65 103
67 3
115 124
117 125
52 48
83 57
86 100
87 54
39 116
87 40
26 79
113 47
17 80
38 107
102 31
91 37
113 101
53 58
64 101
92 35
76 92
3 8
18 73
82 91
106 19
25 126
58 87
50 64
118 11
73 71
4 128
7 20
61 115
119 57
106 2
76 31
55 123
84 47
79 75
120 124
57 27
18 76
50 14
113 15
44 72
58 82
21 75
4 105
89 91
39 65
56 74
82 117
33 66
26 57
32 11
75 15
23 91
25 70
51 89
81 127
61 71
26 64
50 62
68 7
71 79
118 71
108 113
97 76
26 39
62 32
115 1
83 9
2 46
67 7
66 95
78 49
96 75
57 43
87 105
77 85
97 88
95 45
63 85
4 103
14 83
62 23
12 64
63 91
121 34
2 35
77 86
8 76
64 127
94 75
56 97
39 117
82 62
101 44
20 33
69 50
80 114
7 75
56 85
95 88
106 96
80 6
69 100
91 79
51 111
9 40
22 59
91 31
59 61
36 69
76 62
94 65
24 47
7 123
122 88
60 105
43 99
8 10
9 84
15 103
15 92
32 71
120 22
4 122
82 53
60 117
73 59
10 82
45 105
103 4
63 117
104 68
76 83
69 6
110 70
83 27
88 30
30 40
117 41
74 5
105 26
76 30
82 14
75 81
66 127
77 58
103 5
38 57
6 102
111 83
19 41
73 108
101 100
49 13
9 91
37 93
38 112
27 122
34 76
3 6
35 70
108 69
23 30
94 92
94 89
79 70
46 101
77 14
54 63
82 48
38 15
41 70
76 53
81 121
117 55
10 71
100 75
47 28
103 113
7 81
50 44
44 121
113 49
4 33
75 50
29 95
66 54
71 28
38 41
26 53
83 53
14 122
12 52
16 87
24 102
34 33
91 91
100 19
40 12
81 4
98 12
60 37
118 22
25 112
7 74
11 24
110 4
24 75
46 131
95 109
63 42
22 65
33 58
43 120
2 1
83 65
33 4
83 14
102 118
107 97
26 109
7 59
85 112
60 125
87 14
51 121
33 25
85 58
63 108
9 55
60 33
49 15
56 45
44 60
108 16
81 55
13 56
37 55
54 107
15 57
67 50
68 10
80 7
107 116
60 121
27 75
109 90
68 128
111 99
48 82
64 102
98 95
20 28
48 43
3 70
122 29
42 111
97 39
42 120
24 130
85 25
15 58
16 101
83 71
31 1
103 78
59 30
2 27
30 77
85 129
27 108
52 122
89 112
96 36
1 67
92 78
32 72
38 72
6 93
8 106
119 22
43 39
20 74
49 12
72 19
57 13
121 81
84 17
63 69
1 121
75 90
121 113
59 39
61 7
37 108
96 53
89 8
25 31
77 118
46 81
70 57
96 47
23 71
121 95
113 83
110 120
102 47
12 36
35 9
107 20
35 42
18 87
8 118
32 79
34 116
111 131
94 116
62 1
28 7
69 45
122 12
58 84
7 70
42 24
32 95
37 106
11 6
36 4
77 98
45 63
86 124
70 9
86 20
58 31
13 79
58 70
32 36
33 98
12 11
88 56
39 119
21 17
2 15
4 53
98 18
104 69
69 66
84 6
48 44
105 105
85 105
112 52
42 1
62 81
55 58
18 4
9 71
95 61
10 70
71 68
81 41
61 116
42 18
12 69
88 78
5 11
57 118
15 45
71 60
32 110
122 65
97 83
97 82
9 15
17 87
53 80
16 73
60 23
109 120
35 49
29 26
106 14
108 3
62 111
49 36
27 91
100 8
107 58
36 124
36 5
9 97
120 40
112 68
117 15
75 18
56 4
7 2
31 51
2 82
121 132
22 38
117 37
13 55
79 92
49 116
83 7
14 10
118 112
51 42
76 121
72 9
111 20
96 38
104 23
105 100
66 45
18 10
80 96
53 83
94 80
78 124
45 91
74 9
79 99
63 2
122 41
15 129
122 46
2 44
79 14
11 79
84 108
40 24
16 93
83 20
119 27
96 16
97 89
74 73
85 16
9 43
116 34
57 19
111 94
94 108
45 53
112 91
53 33
79 64
109 102
10 93
12 70
80 98
70 74
16 102
8 100
106 92
59 72
111 44
85 75
116 3
32 34
95 20
91 76
85 77
90 86
40 5
79 74
22 98
14 71
53 68
31 130
46 72
67 32
15 62
108 47
19 33
60 36
39 68
64 7
74 92
111 51
111 129
47 43
89 5
28 96
102 132
83 67
33 49
68 108
20 27
2 3
95 46
81 6
5 60
57 82
115 120
46 88
50 22
29 98
81 52
101 27
3 28
57 40
119 23
7 34
81 95
47 67
121 121
77 28
95 8
65 64
43 130
29 67
5 106
2 90
43 27
122 101
97 32
115 41
95 114
10 97
6 40
26 41
97 68
4 130
92 3
67 57
117 81
114 117
25 53
1 33
68 94
47 66
64 124
9 58
7 78
56 70
2 56
15 79
64 126
85 2
122 17
23 126
85 18
118 125
46 21
36 107
109 100
6 43
117 63
32 127
1 62
79 34
79 43
27 128
30 57
96 70
86 65
92 68
48 9
87 75
9 27
60 89
104 53
21 26
85 100
73 47
22 19
68 106
68 90
53 73
27 10
6 106
74 7
92 72
1 15
13 119
53 62
112 111
28 5
16 39
76 67
1 21
32 33
91 117
41 6
89 23
8 44
64 47
92 40
54 93
14 66
103 53
103 48
68 77
74 52
8 123
83 114
56 100
18 108
56 24
66 60
80 10
118 63
46 107
30 58
115 17
118 17
97 132
122 6
31 43
93 67
80 87
92 55
71 36
96 117
53 64
61 81
43 25
85 29
58 71
22 109
27 117
62 18
6 76
11 60
110 125
8 39
116 20
19 22
35 7
98 61
6 50
76 74
3 82
102 7
98 87
11 104
99 113
44 111
111 49
32 132
84 66
18 116
63 95
90 15
6 88
27 79
51 127
92 25
61 63
78 129
32 109
91 85
75 73
104 94
83 131
45 103
82 94
4 71
60 62
63 87
69 10
55 23
54 120
69 70
119 127
112 29
17 16
44 83
70 124
87 51
78 24
34 25
106 128
113 103
61 64
39 76
40 114
83 79
34 31
61 1
76 8
100 125
16 82
37 84
78 25
96 96
28 41
58 45
5 46
21 66
27 102
45 86
104 104
6 18
65 82
99 69
103 44
25 131
62 100
106 101
97 72
122 73
45 45
27 89
119 36
53 108
93 9
69 112
15 78
58 96
77 37
15 130
82 8
118 68
38 108
99 122
68 15
113 38
48 80
33 111
47 60
57 68
77 22
93 31
119 50
104 102
70 55
58 81
64 99
108 87
63 127
22 43
71 122
116 17
88 15
52 11
106 70
71 16
47 22
8 93
36 48
5 82
100 37
32 25
45 50
10 96
122 70
95 37
96 54
74 64
67 11
66 106
114 103
119 85
105 17
25 23
118 118
75 27
74 53
106 27
105 104
117 36
104 120
37 64
9 11
1 2
98 119
109 99
70 103
41 111
11 88
60 87
98 30
86 127
98 94
101 120
105 65
4 75
28 74
1 18
31 108
117 88
34 79
52 113
21 93
106 5
17 120
4 84
6 32
97 2
13 3
95 52
58 15
34 45
48 112
122 132
50 110
40 45
109 32
16 20
69 99
12 54
122 115
34 74
75 36
105 59
113 110
101 66
105 70
122 85
71 96
26 87
23 47
84 15
93 97
96 43
118 56
111 108
97 18
31 88
20 125
33 120
108 94
62 105
37 9
107 67
27 28
77 48
83 84
93 77
65 76
12 57
19 84
86 35
41 51
37 41
3 32
60 115
9 35
32 82
91 77
59 66
67 123
116 19
33 11
52 103
19 116
87 118
91 38
65 53
52 70
74 23
76 34
89 17
7 89
92 65
87 128
27 92
27 93
17 2
48 81
99 95
37 86
14 47
17 100
20 40
86 46
90 29
44 115
34 21
20 56
5 17
102 129
59 31
10 6
68 115
38 53
92 26
108 55
110 45
46 104
66 107
77 4
86 109
52 111
53 94
45 40
15 105
43 102
10 16
29 27
23 85
111 111
59 4
14 100
84 48
36 51
29 36
19 16
97 12
9 42
118 21
19 97
73 105
40 86
60 71
67 9
94 35
48 51
107 33
78 41
1 64
37 31
84 38
24 71
10 3
38 109
75 123
50 9
40 49
99 29
102 5
76 127
71 62
81 108
46 7
102 71
116 111
25 38
3 34
15 90
60 91
45 121
79 30
50 122
45 110
69 73
45 113
87 114
61 30
88 48
76 105
5 26
77 88
17 70
71 129
24 127
33 100
80 115
59 8
68 2
42 14
59 7
50 29
88 6
25 18
9 16
67 69
119 103
45 71
88 121
22 21
68 96
1 112
31 36
90 54
120 13
4 14
122 71
107 86
54 59
120 130
115 42
32 49
78 104
7 57
2 129
40 131
23 38
74 12
2 74
112 130
27 116
69 53
98 32
5 100
33 116
17 88
46 125
20 48
27 38
82 12
33 50
110 95
62 73
95 130
115 100
9 118
112 46
65 61
109 91
85 56
53 45
7 83
69 19
25 16
11 46
54 47
96 15
88 61
16 48
110 96
7 3
28 28
29 60
12 120
55 61
48 42
23 44
30 71
121 59
51 119
105 90
2 101
100 95
81 44
26 75
4 91
44 22
88 60
76 7
5 50
71 72
106 1
45 17
42 35
98 67
5 93
111 4
4 28
102 73
108 35
96 114
51 74
3 12
114 66
91 36
44 99
58 8
76 78
54 51
84 35
62 78
71 123
18 124
57 92
97 73
82 105
61 109
62 48
120 80
52 35
93 92
8 34
53 28
1 49
39 60
116 6
78 21
52 127
111 2
37 42
79 94
19 51
122 124
30 37
110 124
41 66
62 50
34 17
47 65
104 37
40 83
33 18
56 3
112 90
82 81
93 86
35 85
4 16
87 34
11 77
53 109
16 50
37 132
58 110
76 50
48 4
21 89
18 100
4 4
93 48
112 125
109 101
64 123
108 7
76 43
95 50
26 63
121 49
120 14
106 24
120 92
87 53
15 91
77 2
41 38
106 79
46 53
93 64
108 108
45 122
105 21
106 46
97 54
100 99
34 93
10 99
26 61
24 109
5 58
27 3
116 62
8 26
34 71
92 70
91 53
93 1
57 31
25 56
8 2
113 95
13 109
94 63
80 110
30 26
70 75
66 68
83 23
114 33
61 131
70 102
4 80
2 53
47 102
13 81
121 86
37 13
72 132
60 75
96 77
79 38
110 111
102 10
74 98
12 35
32 89
11 109
9 79
61 119
11 120
107 72
88 28
66 113
21 120
66 62
90 119
113 63
53 89
13 85
61 126
82 69
75 110
40 58
29 25
94 87
94 90
5 66
42 96
65 14
60 98
17 60
60 42
47 19
47 108
65 117
3 55
86 6
102 97
119 80
11 34
113 112
15 112
66 24
105 20
100 71
96 2
107 81
118 58
69 5
14 28
74 56
68 66
94 117
62 49
92 93
27 76
2 18
83 63
4 106
50 68
15 47
37 120
27 77
109 107
12 46
7 67
82 84
62 38
74 77
11 78
101 34
46 44
117 132
88 36
7 116
32 77
40 120
50 100
93 36
28 42
40 93
93 123
7 115
6 110
109 4
79 126
35 123
97 57
38 42
63 129
38 125
39 45
38 60
29 8
97 126
67 101
61 41
13 63
16 97
25 122
53 76
5 102
62 11
75 107
66 52
56 20
78 12
76 90
15 123
59 114
35 24
89 38
21 14
112 15
20 126
114 41
31 52
91 30
68 17
3 114
42 78
66 59
110 119
101 20
80 28
36 98
107 31
34 126
106 50
29 55
25 42
16 54
96 55
119 39
51 130
105 28
36 132
99 99
12 98
36 22
12 91
60 13
49 118
73 52
66 8
9 39
39 118
68 40
117 96
19 71
4 2
5 54
1 104
59 6
97 19
35 88
117 11
78 115
93 10
59 27
22 86
51 112
64 17
63 47
108 119
120 51
1 77
79 93
105 46
19 107
122 119
117 49
3 15
62 6
49 81
96 107
26 38
81 57
39 1
106 26
36 88
10 48
33 108
104 77
92 92
27 53
110 26
5 15
103 82
47 90
5 4
51 4
42 39
99 68
14 76
96 90
90 22
29 125
75 74
42 91
44 67
6 36
88 71
58 92
107 42
11 122
77 43
115 125
55 92
98 40
106 72
103 19
15 101
104 110
109 98
115 64
31 129
40 20
112 113
3 115
33 22
39 67
62 77
107 40
1 63
85 30
56 44
110 2
104 76
86 56
108 91
100 52
78 103
63 80
87 12
114 35
112 102
92 39
84 55
50 17
67 127
47 42
52 57
59 82
33 32
2 97
19 79
29 90
75 128
13 104
69 107
28 19
61 87
117 110
11 40
3 72
1 41
93 13
12 96
32 50
1 29
95 111
120 20
2 123
81 65
101 93
29 18
64 6
73 6
29 17
71 88
117 87
53 100
121 61
78 44
70 76
32 128
116 63
4 20
39 10
72 123
64 125
90 87
89 117
47 33
60 122
28 124
70 27
33 99
47 12
21 68
45 68
105 128
97 104
85 3
87 26
96 119
88 99
115 80
33 34
60 106
105 33
102 30
90 77
5 14
64 107
26 36
92 6
72 50
64 88
33 124
32 68
77 70
82 5
57 8
83 89
6 28
67 30
18 72
38 65
11 61
107 75
42 48
105 7
50 4
78 81
71 40
78 19
10 116
85 39
9 127
24 111
98 128
5 92
106 83
81 8
34 69
68 22
33 77
19 53
44 104
35 112
15 55
7 114
10 106
12 44
5 10
35 35
58 40
3 60
58 78
48 68
116 55
55 95
50 30
99 115
2 113
54 131
120 115
80 8
45 39
55 121
31 48
109 62
14 81
117 76
74 47
112 93
79 44
71 131
64 130
74 32
93 132
45 35
72 6
76 36
75 41
5 31
102 89
87 121
19 35
50 81
99 74
48 99
96 17
106 125
91 95
11 83
17 91
26 14
51 75
27 94
83 98
115 98
57 1
110 51
59 68
97 78
34 26
95 74
70 36
84 82
47 124
90 72
14 101
52 72
72 76
114 43
70 37
114 15
31 17
20 17
20 82
23 58
119 131
24 82
71 13
19 12
74 87
9 44
38 30
114 100
53 17
38 16
15 80
23 53
21 77
94 23
36 82
63 106
51 96
25 76
33 128
20 124
47 111
93 15
3 78
71 18
66 61
16 96
60 112
12 95
69 18
4 99
95 119
45 15
6 117
50 82
18 62
86 72
20 76
58 18
48 125
23 125
84 124
28 129
60 103
96 108
35 2
81 105
117 45
7 16
11 94
103 36
34 7
34 49
60 55
86 28
107 8
119 7
21 9
79 71
29 30
101 28
18 105
1 61
16 37
83 13
87 120
67 53
102 11
67 115
96 88
52 10
82 120
84 43
76 15
68 3
8 81
105 119
74 58
3 109
19 25
99 12
27 114
91 47
103 17
81 23
81 113
6 114
78 113
109 89
98 28
14 106
29 15
111 79
57 121
41 44
104 106
24 66
101 79
59 19
59 88
1 76
14 15
116 2
7 125
38 43
71 52
52 110
52 104
102 124
31 97
95 94
16 107
66 125
107 53
47 26
11 50
30 86
26 18
32 97
73 70
44 68
35 130
55 64
68 75
73 54
73 117
32 66
59 75
114 76
36 20
28 44
56 17
71 45
3 92
10 65
35 122
82 21
49 57
113 33
17 15
9 69
3 22
17 114
58 118
71 128
61 17
122 4
79 73
121 111
79 110
57 29
66 34
109 51
30 8
15 132
2 10
16 116
95 47
71 108
48 130
64 61
37 66
24 3
77 130
111 54
86 60
36 103
115 122
1 55
17 84
3 19
10 10
43 131
46 128
118 29
76 131
101 96
56 15
35 54
6 87
63 6
28 64
45 78
97 67
13 62
31 81
104 72
74 57
24 58
40 127
15 6
64 89
100 60
78 130
94 115
107 102
29 78
82 123
14 118
83 49
100 15
71 69
53 60
61 13
85 128
87 20
16 52
42 52
27 78
13 126
40 11
79 128
13 46
99 79
94 126
122 32
40 111
65 58
72 17
16 24
13 131
113 126
57 51
4 69
62 43
61 45
34 5
97 38
52 30
98 33
121 82
9 20
60 70
50 125
2 64
32 101
94 123
96 29
66 105
113 10
35 119
48 75
53 3
19 78
30 63
52 74
110 118
101 71
41 4
105 96
101 39
27 15
96 121
23 64
57 47
108 52
102 62
61 11
72 108
77 60
88 103
65 13
61 2
25 67
87 6
43 3
94 99
84 22
65 6
81 13
44 84
83 66
9 53
12 9
46 108
113 99
64 39
24 31
108 83
36 112
83 106
62 29
94 1
65 50
80 35
17 54
93 39
99 37
51 65
121 36
112 10
57 35
99 80
73 44
41 47
32 44
39 129
49 105
60 54
89 113
33 65
33 131
116 76
120 57
73 87
85 84
86 119
36 35
36 63
44 21
119 126
90 12
57 99
82 93
81 98
96 131
60 49
29 83
15 10
116 51
24 43
85 93
48 2
78 50
46 79
65 86
4 74
119 2
93 54
67 29
94 118
49 95
94 18
113 56
14 86
11 10
9 18
7 109
55 107
85 88
89 63
19 124
106 86
72 62
82 55
81 64
103 58
99 126
50 117
56 91
77 126
116 45
21 65
22 37
121 4
110 132
11 128
89 96
1 52
103 26
52 106
102 60
114 36
17 36
73 29
72 112
21 38
40 54
9 121
70 21
46 48
24 106
33 86
34 91
12 87
28 116
24 49
60 68
9 19
40 79
81 7
39 91
102 120
29 129
112 43
72 24
10 128
8 56
13 74
27 124
57 97
39 7
69 77
81 54
37 78
97 105
22 31
109 121
86 12
48 25
97 20
15 65
64 93
58 57
80 120
70 31
115 81
113 62
66 77
87 9
104 105
53 78
85 49
47 41
13 59
10 24
102 115
79 106
4 112
105 48
15 76
108 81
32 39
13 91
30 64
80 81
29 38
79 16
17 118
10 33
114 71
93 104
32 1
118 105
116 29
76 44
6 124
54 84
87 110
94 104
81 100
25 39
97 112
50 36
23 106
120 11
103 43
56 107
47 37
87 124
24 1
29 42
79 49
80 57
25 130
18 127
32 131
113 93
50 8
102 110
59 35
116 31
118 6
74 43
2 61
70 98
46 91
88 16
92 91
56 132
65 19
112 28
85 127
57 89
119 101
121 115
19 89
12 45
46 90
30 4
109 86
115 43
35 4
75 38
47 88
55 73
95 89
96 81
8 11
95 107
120 62
84 53
48 63
6 22
30 18
15 29
44 28
73 126
116 132
83 118
75 16
64 43
29 48
59 108
21 54
99 72
43 111
106 89
80 102
14 117
17 14
106 55
115 89
50 127
62 127
30 22
24 65
88 41
37 103
64 92
86 58
16 26
81 21
117 56
76 98
21 62
22 79
97 101
39 102
22 119
34 44
105 22
84 11
91 124
91 93
102 51
106 36
9 85
46 92
15 117
73 61
107 9
25 116
66 110
86 15
49 114
108 15
5 89
116 117
106 120
70 131
74 121
97 84
99 73
91 123
36 13
29 107
44 100
41 24
84 28
20 83
9 64
90 91
118 15
95 93
107 2
6 57
31 37
60 84
78 67
54 48
67 23
40 29
40 15
91 74
110 63
93 16
4 101
22 130
83 21
29 34
4 52
43 47
73 120
10 124
115 32
18 88
44 39
105 82
23 99
42 70
21 78
106 65
13 84
48 89
121 125
100 106
45 33
89 131
70 121
98 84
88 111
57 111
92 31
66 23
22 93
69 38
62 76
90 35
39 85
50 26
62 62
73 119
59 115
37 114
116 26
107 17
43 28
111 13
31 63
1 45
110 121
81 75
60 24
85 72
35 95
15 110
38 102
35 100
11 107
110 59
15 99
59 38
96 66
47 44
81 130
33 64
86 82
13 61
20 73
33 69
82 7
82 111
23 116
105 83
9 109
22 16
95 13
110 6
55 84
48 78
20 122
116 24
27 110
2 107
61 103
96 3
15 115
20 13
94 28
115 67
91 108
101 128
9 62
69 127
89 55
75 33
28 45
23 118
15 109
99 18
110 91
12 78
60 95
38 97
47 101
105 69
51 102
19 121
77 42
12 30
87 132
84 24
108 60
39 38
14 119
31 20
56 73
37 30
48 121
117 129
28 84
31 104
5 53
25 11
53 112
14 44
53 20
2 95
111 90
67 13
105 52
81 69
52 59
4 56
102 116
116 33
91 2
86 14
94 16
91 80
24 73
90 116
25 106
85 9
39 50
120 68
66 17
56 30
16 18
90 21
112 6
49 30
18 42
33 12
68 50
5 75
39 105
91 115
110 14
5 130
71 105
4 26
20 104
15 68
108 18
68 126
88 66
116 118
35 50
17 89
93 37
22 126
11 15
50 13
66 89
90 16
39 88
119 93
55 77
114 8
77 18
106 25
40 47
50 40
88 129
29 106
4 29
2 89
55 16
45 58
1 78
19 1
116 60
82 99
45 38
23 28
42 31
114 87
74 4
10 58
113 114
8 22
3 124
95 98
74 66
41 48
17 122
91 83
101 11
58 53
93 100
102 4
85 50
34 47
15 19
68 49
65 106
78 4
19 68
74 67
44 16
62 16
75 14
122 25
55 110
120 24
101 16
112 19
35 16
112 11
36 125
117 126
66 123
78 83
7 32
1 74
91 98
12 62
119 46
73 12
12 83
91 11
97 29
116 11
64 97
94 58
32 93
54 44
47 16
85 125
10 79
15 51
13 22
57 11
25 46
115 75
99 43
54 3
49 102
65 97
78 26
43 106
40 65
53 16
44 117
99 89
64 114
34 96
67 20
62 21
111 27
21 21
98 83
91 5
107 88
53 66
62 63
104 17
117 14
53 40
83 116
23 130
94 34
109 29
93 94
85 47
34 105
100 14
87 27
87 94
41 125
101 17
61 92
63 38
78 90
49 17
111 37
72 8
3 59
110 44
6 123
3 121
97 111
52 53
30 29
10 39
63 68
99 121
88 4
81 118
36 86
75 39
26 52
70 67
26 65
72 29
49 92
110 46
52 93
56 38
3 24
38 52
52 23
91 127
46 27
12 122
113 5
22 8
70 33
119 130
39 19
121 22
24 125
46 14
108 74
11 119
58 51
20 20
85 23
41 120
10 110
7 9
36 41
118 13
68 98
75 52
12 104
27 98
108 129
10 119
39 123
104 61
93 58
25 30
44 42
61 12
13 102
58 21
31 31
25 85
108 27
101 131
57 119
97 109
73 11
35 77
84 74
38 23
77 29
53 55
87 103
64 31
19 28
83 91
2 127
72 53
10 81
25 36
25 124
88 82
92 34
49 82
24 44
16 38
103 33
55 48
57 94
14 52
39 5
40 116
3 57
22 72
10 108
69 84
77 6
60 6
81 120
67 56
24 61
101 126
30 107
104 112
81 112
103 92
118 65
54 35
80 50
103 79
59 22
31 14
71 97
71 21
88 67
82 118
94 114
48 13
86 91
122 87
52 114
32 106
81 109
15 21
11 37
67 67
114 21
105 2
80 46
56 27
108 68
46 16
54 111
106 57
28 17
56 33
78 22
110 92
98 9
112 21
77 131
57 25
38 114
63 123
105 32
48 96
52 31
83 42
73 78
113 28
17 28
4 83
71 90
108 4
51 71
40 110
26 11
83 122
60 39
24 13
62 41
21 72
37 18
44 130
75 11
62 93
85 44
114 77
41 54
6 51
54 92
10 56
51 88
51 104
91 21
59 78
19 5
87 10
88 118
54 25
39 17
69 46
82 87
116 10
88 43
95 86
9 66
26 91
40 50
30 39
64 67
39 126
5 62
15 77
100 79
6 26
13 15
100 78
82 10
73 111
110 27
29 75
17 73
121 74
89 103
109 18
87 19
55 9
68 28
43 78
84 121
102 67
29 22
15 7
116 49
114 74
91 105
114 30
104 85
45 24
37 130
63 11
50 73
84 29
77 41
96 76
1 109
13 132
77 97
94 24
56 75
70 97
68 112
60 47
101 37
38 100
31 3
122 28
36 42
41 45
25 10
2 70
79 31
98 90
62 104
73 107
97 10
69 56
115 61
63 20
43 92
4 19
59 54
89 98
61 117
72 2
74 48
3 122
121 15
10 12
101 80
24 100
92 111
77 24
94 21
104 96
35 116
85 79
103 11
72 25
101 68
73 3
121 64
18 129
91 92
58 23
1 73
56 118
86 49
47 49
30 7
76 61
22 48
27 119
122 34
72 83
80 2
50 115
6 70
42 88
28 126
5 110
35 32
40 66
9 36
75 131
12 60
103 101
4 114
22 80
53 24
99 64
98 51
31 118
55 37
23 17
119 79
76 16
70 64
88 27
106 51
52 22
4 47
6 48
82 33
105 31
21 121
70 100
48 106
41 82
44 31
85 60
108 80
105 42
51 3
57 53
72 102
29 86
25 102
29 94
36 68
76 115
83 50
119 4
39 69
81 53
83 103
72 34
65 1
101 3
94 102
88 101
114 132
26 85
23 9
60 18
30 95
80 104
115 132
24 10
10 4
61 123
32 130
20 63
62 34
33 27
59 117
50 111
117 122
114 131
116 126
120 49
26 106
77 26
54 77
5 5
66 6
90 13
46 33
13 30
39 28
105 9
10 51
12 121
50 128
30 124
46 119
115 34
76 69
71 120
107 122
38 20
42 75
111 64
73 114
46 112
1 122
55 14
40 85
80 90
112 47
100 109
118 75
86 105
39 80
68 79
42 5
106 117
56 21
104 20
96 113
107 111
111 125
66 99
25 15
91 116
85 63
11 68
75 78
16 124
58 13
49 72
1 23
86 98
76 118
29 45
122 93
31 126
101 2
49 53
21 56
80 89
33 104
19 90
31 56
70 20
94 12
106 73
38 36
107 132
12 18
101 73
104 80
38 46
70 42
64 46
3 71
89 24
49 91
86 24
31 109
77 20
29 11
116 30
104 14
47 13
40 10
121 93
79 10
66 43
88 93
31 9
36 127
120 2
27 83
84 70
113 127
33 67
109 45
78 72
81 123
109 33
69 7
41 127
38 131
82 4
120 83
60 83
86 70
79 20
54 1
104 27
102 108
34 65
72 39
43 5
64 59
17 56
54 38
106 34
75 29
65 114
14 103
43 40
14 124
48 86
32 45
58 25
15 106
22 125
4 55
20 127
19 58
120 44
26 5
11 127
62 40
18 57
111 62
33 84
117 26
75 87
25 121
20 86
68 55
111 126
68 64
5 39
56 36
57 63
89 36
32 41
28 14
25 4
39 39
98 45
117 25
36 70
56 52
32 85
54 4
102 121
29 6
73 130
21 115
108 97
49 67
103 24
66 3
48 107
84 51
94 31
7 15
52 45
104 13
36 76
82 83
113 34
69 8
102 117
64 74
1 11
64 105
43 2
27 40
16 35
96 22
102 43
46 123
32 70
42 19
7 56
53 91
105 115
19 15
122 67
22 61
39 110
6 42
108 82
120 86
25 55
64 29
17 41
48 16
7 127
7 108
105 76
75 58
110 76
77 91
102 131
23 93
96 110
62 75
3 62
74 123
86 77
92 58
1 9
64 19
20 87
91 63
89 111
24 114
2 104
81 33
67 73
1 56
111 7
10 18
5 77
82 68
23 75
18 20
91 131
74 34
55 74
56 63
54 28
17 49
51 17
50 23
29 131
105 126
14 25
7 54
114 2
94 67
47 104
3 128
66 76
99 28
75 62
17 30
51 9
50 102
94 112
15 98
37 51
36 99
106 132
49 98
94 37
53 10
17 130
114 62
59 87
34 1
104 115
66 79
55 98
75 80
93 76
106 115
20 94
96 73
99 92
76 81
44 106
2 118
3 3
71 126
96 46
41 36
102 26
57 76
90 24
78 102
119 61
114 68
18 97
31 127
122 10
40 95
21 123
16 67
23 87
59 49
91 32
47 94
99 120
98 105
71 67
24 110
71 119
58 90
81 93
77 36
1 34
50 87
96 42
58 104
35 60
82 110
1 8
69 101
33 28
57 117
111 36
97 90
105 97
90 100
64 98
20 109
69 93
27 54
73 35
66 50
101 35
14 74
8 67
13 58
96 8
5 16
102 66
70 35
94 14
69 69
44 37
45 111
88 2
5 70
55 71
26 115
74 59
75 37
78 15
7 107
55 11
90 59
12 100
63 124
115 79
18 25
57 18
43 126
117 23
78 66
113 82
43 43
25 26
66 20
85 68
105 122
87 93
94 33
23 46
39 52
61 70
67 16
59 50
107 123
95 17
110 98
