668 493
617
89 328
403 47
285 442
371 82
469 449
588 492
385 300
422 466
264 10
500 185
62 491
395 75
403 477
50 200
667 110
30 467
22 362
612 127
584 16
450 66
571 78
287 123
194 279
82 266
155 461
28 88
660 77
371 329
75 144
528 178
505 276
455 435
501 407
79 401
293 300
32 242
563 44
383 267
72 141
304 321
105 31
105 149
63 87
3 479
33 388
351 269
290 64
550 471
300 21
491 42
431 155
612 287
11 24
263 351
301 168
440 170
346 59
124 70
306 14
372 415
367 12
498 167
443 75
207 141
5 93
501 428
461 475
229 307
240 467
596 355
9 405
52 146
552 407
434 105
241 460
180 139
566 402
297 161
325 153
93 383
521 98
543 150
556 179
624 147
381 121
571 199
545 238
610 247
80 225
473 349
284 282
85 184
78 392
416 71
484 454
557 303
207 31
503 101
53 251
222 288
49 283
213 404
153 336
364 443
314 48
70 241
105 74
9 109
224 64
152 260
179 360
619 249
260 111
284 125
477 374
320 292
422 140
276 255
177 96
138 14
48 477
638 211
620 419
217 17
274 125
77 307
663 458
353 365
267 440
166 159
147 437
461 204
484 42
293 282
140 161
7 340
200 122
321 70
13 77
213 194
60 449
52 224
376 30
312 267
281 149
303 368
417 478
204 413
290 398
135 153
345 57
213 202
418 475
240 79
191 116
176 441
522 324
62 266
229 406
273 277
459 444
46 466
175 86
551 480
543 299
86 223
67 55
603 140
297 40
664 244
449 237
590 405
642 249
115 31
410 90
338 397
319 283
330 475
383 177
70 99
191 457
131 387
232 187
324 403
479 460
646 44
575 485
172 172
538 146
170 15
630 342
624 387
572 99
599 116
326 201
424 17
641 355
240 120
37 42
485 186
362 222
500 462
507 25
204 51
94 144
163 3
624 472
52 312
325 350
259 381
450 412
625 148
580 298
613 152
165 457
91 268
193 407
531 335
381 205
220 379
158 50
486 111
611 455
552 167
249 312
297 102
152 43
104 471
112 371
49 280
339 492
410 259
445 278
562 335
40 411
249 153
260 260
622 431
93 345
64 377
180 439
503 488
547 379
129 161
472 314
563 127
105 356
62 166
396 320
202 262
159 387
113 463
505 397
607 114
365 334
387 441
616 395
629 89
156 414
202 64
209 451
40 453
206 159
38 328
91 227
524 230
393 349
124 90
552 74
240 142
119 417
46 294
212 59
600 106
557 490
585 213
50 359
8 174
547 419
614 137
137 94
137 43
88 335
278 226
378 207
614 264
575 482
68 388
492 11
118 118
136 381
320 396
501 146
188 399
393 153
359 199
507 274
74 255
508 289
214 362
387 55
138 342
479 161
46 314
149 312
134 8
470 73
665 293
410 353
590 398
320 433
660 335
150 202
264 287
625 249
177 471
585 433
74 211
661 230
641 252
575 476
5 41
420 425
383 106
308 114
323 488
195 235
489 103
453 282
541 73
412 350
153 437
214 368
105 52
547 20
539 22
132 107
303 138
271 38
407 42
342 322
567 481
307 364
9 271
654 15
140 241
389 331
30 92
516 205
450 34
102 474
66 122
469 348
336 467
225 75
184 256
303 319
621 344
348 257
99 422
247 252
32 173
14 314
7 112
34 102
164 290
482 344
657 410
651 74
55 178
632 177
644 123
123 231
219 110
202 395
628 433
266 244
212 224
589 254
29 174
379 156
264 334
584 425
564 437
238 433
56 211
121 454
405 164
307 373
161 33
533 182
538 172
460 74
7 23
585 151
310 143
277 5
364 343
242 486
509 255
414 280
341 220
106 206
196 405
166 414
423 63
199 21
43 357
151 391
363 356
440 477
428 396
173 436
23 182
40 429
634 262
193 170
238 308
327 100
468 59
238 368
661 388
487 314
101 84
59 32
221 451
232 272
535 447
124 126
193 111
486 336
180 321
158 135
541 165
328 265
447 231
464 150
428 83
355 272
530 206
370 185
630 439
427 424
345 86
166 325
433 411
107 313
174 150
144 331
62 60
334 98
538 226
176 434
11 236
375 107
447 31
52 114
146 312
399 99
346 318
482 168
666 100
178 292
421 418
36 485
561 478
176 211
31 210
180 304
412 417
651 445
121 275
42 18
157 434
53 326
374 159
631 29
316 176
490 429
64 55
168 70
386 477
165 315
452 145
624 170
172 339
102 74
460 291
8 305
502 82
330 129
404 406
53 159
259 347
391 444
298 168
638 323
71 382
291 406
180 449
245 382
561 233
607 364
192 459
215 3
131 321
28 225
325 394
419 489
425 265
197 8
116 31
181 332
446 406
454 44
608 102
54 45
604 444
621 242
163 136
101 279
415 85
492 319
530 126
20 428
293 429
633 227
387 149
134 224
302 99
71 405
282 311
259 124
584 156
81 122
240 203
556 92
530 193
53 90
185 126
456 222
636 371
388 437
169 478
85 365
78 236
139 103
542 113
293 465
174 153
236 320
473 157
555 419
344 83
152 154
137 57
118 350
121 3
315 349
400 204
208 22
311 206
95 399
258 229
119 62
485 482
57 435
576 339
293 194
138 180
349 455
290 326
412 287
464 87
368 186
66 297
178 441
424 338
414 461
92 198
455 42
214 425
532 60
299 79
155 441
271 411
605 40
325 409
403 374
386 474
314 359
186 475
309 474
386 321
665 147
314 263
402 299
411 80
156 263
219 261
219 262
136 97
597 154
611 96
302 134
70 25
514 295
256 206
394 443
549 89
312 385
227 365
131 443
647 299
103 315
463 486
107 414
