386 565
5059
197 98
16 134
150 159
2 98
351 249
282 468
283 455
144 549
255 327
270 376
120 552
70 421
254 276
126 243
62 352
93 453
172 406
314 257
200 86
338 171
325 6
168 395
150 249
231 265
280 560
275 57
244 355
380 479
114 558
98 444
176 369
276 432
138 563
330 146
321 125
35 513
38 327
221 287
262 334
63 387
28 384
385 533
135 66
213 66
74 511
161 179
4 271
353 150
207 347
30 388
167 105
6 431
210 406
79 262
6 522
105 172
299 249
113 496
286 280
54 174
223 270
127 366
272 60
36 406
302 113
369 552
199 236
112 199
225 545
66 266
269 278
350 389
366 412
302 378
166 268
113 351
191 476
137 176
292 205
35 344
78 63
367 180
230 548
250 65
104 523
32 225
235 320
211 421
298 265
213 438
39 332
288 459
260 181
39 541
331 465
360 415
274 448
96 301
352 461
317 156
6 161
308 34
149 313
342 494
149 198
311 2
137 285
234 23
10 426
177 536
59 503
240 493
205 107
71 225
293 8
179 50
230 485
116 38
38 359
149 325
25 369
20 485
369 451
385 62
158 378
198 93
17 369
236 75
291 262
161 561
202 326
305 76
287 162
318 32
86 257
92 130
26 257
346 524
70 424
70 161
313 226
147 406
336 58
216 251
75 64
340 380
36 171
304 418
360 112
192 544
258 313
318 238
349 109
85 146
68 511
296 465
40 5
56 425
19 469
176 262
382 122
156 94
317 184
83 229
263 350
120 158
113 446
247 492
210 186
382 149
202 551
381 75
101 327
36 379
188 249
370 372
29 372
245 265
184 537
42 261
100 190
381 376
312 166
64 281
17 241
130 117
9 452
199 308
377 506
165 358
44 11
15 291
344 98
342 522
142 279
119 10
382 121
174 376
243 64
262 490
184 535
266 371
31 358
181 379
210 287
90 547
222 236
384 380
227 42
224 375
361 231
212 390
231 259
99 207
97 121
52 455
310 422
330 349
372 339
344 153
236 191
122 269
329 221
248 134
168 132
247 253
275 221
265 423
368 67
169 351
28 51
241 166
79 254
255 402
379 200
15 184
69 442
70 8
328 269
110 84
265 18
23 12
6 288
170 294
379 121
375 341
132 9
361 469
156 525
52 257
29 154
203 506
84 151
111 279
4 103
330 407
134 157
74 115
120 66
37 260
379 299
203 540
329 385
277 459
233 327
224 478
159 363
315 272
267 309
127 448
257 319
258 305
248 202
108 55
58 531
83 155
97 335
295 230
14 144
180 354
222 285
297 409
79 65
207 414
121 530
224 446
78 283
226 457
117 427
129 317
285 65
178 380
153 58
45 458
381 528
171 1
102 555
233 494
63 219
20 55
50 502
327 499
109 289
32 333
81 334
84 182
67 123
2 222
379 500
321 218
380 505
143 265
283 159
72 467
319 374
132 55
348 494
199 431
70 541
251 298
314 138
216 527
334 373
259 462
70 181
34 141
308 381
381 193
324 484
354 491
34 185
34 312
85 335
279 339
177 446
219 245
171 513
35 443
37 219
169 233
318 208
141 248
91 241
143 369
249 231
94 309
363 12
322 422
213 133
199 84
161 83
286 431
128 75
203 371
213 10
181 363
359 559
267 408
225 294
92 31
65 427
242 190
216 141
369 297
356 172
87 91
168 256
362 224
113 529
26 531
132 310
151 464
265 472
303 177
97 193
381 178
22 275
177 554
292 498
325 548
286 351
45 316
20 15
77 198
204 96
114 468
373 230
11 243
90 89
359 184
370 497
143 302
165 60
330 427
12 25
124 347
221 267
276 157
194 148
154 51
304 367
383 104
377 443
259 530
345 335
230 497
7 424
157 414
381 542
305 102
110 85
141 477
381 413
27 36
331 10
75 226
368 59
36 513
280 178
100 548
329 406
303 520
58 119
144 139
358 94
245 290
42 118
171 102
226 548
79 131
10 205
159 238
157 106
195 484
276 19
379 136
336 171
216 34
332 393
244 34
291 183
302 341
89 327
198 268
308 458
108 166
333 55
100 418
309 467
174 343
366 46
187 316
119 553
70 348
336 326
183 28
62 458
282 422
244 286
260 551
40 255
323 4
250 133
102 121
5 424
312 536
166 90
274 20
14 357
55 391
329 93
78 547
338 239
197 83
346 453
56 175
105 319
77 16
26 193
304 306
91 232
364 180
77 412
108 547
344 195
227 101
1 338
72 271
202 149
228 314
330 376
290 398
119 305
335 368
357 364
31 328
172 513
311 417
58 248
339 485
272 327
272 305
221 453
379 21
88 446
355 155
238 413
124 366
82 508
11 539
124 123
351 324
306 472
319 294
197 242
152 57
184 439
238 240
212 433
131 13
293 462
39 121
385 458
204 6
82 165
39 50
206 103
185 347
336 358
177 26
72 553
74 419
64 429
243 490
290 136
106 484
234 323
329 7
279 116
66 209
17 299
352 256
328 294
168 203
127 363
253 293
375 20
182 72
365 501
41 22
94 278
295 147
223 486
331 288
186 37
202 515
103 160
159 418
220 488
22 177
110 522
67 139
8 29
190 470
178 478
55 74
48 9
99 309
45 336
217 275
323 21
14 424
173 81
104 361
47 238
310 91
103 230
353 435
200 451
172 9
3 534
268 214
126 398
373 522
369 64
261 79
70 410
147 290
127 397
318 294
206 489
71 359
8 214
360 165
152 246
107 77
207 207
230 111
344 206
203 396
217 13
136 39
293 513
44 285
211 398
37 76
3 216
349 99
76 505
2 512
241 37
93 415
363 519
140 56
23 183
159 446
98 394
161 463
291 250
134 560
243 408
367 148
228 549
17 403
317 447
347 435
232 295
332 112
299 24
303 4
275 24
283 562
170 277
344 229
226 336
131 281
38 51
211 546
15 238
289 296
9 204
248 394
174 354
269 413
190 112
354 68
324 268
194 203
56 211
157 346
295 207
134 27
131 325
370 352
86 227
286 45
133 331
98 471
220 89
193 513
157 353
115 96
142 377
323 527
201 57
365 154
145 357
373 194
58 291
254 188
266 451
194 398
160 323
374 519
25 351
309 438
163 262
301 485
355 231
115 302
135 138
244 511
182 194
382 90
68 373
155 286
179 513
261 175
176 85
3 542
295 503
174 510
384 418
100 413
268 497
329 218
280 371
320 287
139 378
275 259
96 251
27 512
224 11
149 512
282 114
372 388
33 496
144 429
289 281
349 505
325 42
104 18
10 320
132 475
284 506
367 541
221 179
60 440
101 380
75 511
198 73
20 544
132 489
167 87
84 542
276 226
267 311
366 542
34 510
165 155
303 340
245 496
367 434
201 393
233 348
234 256
205 135
16 397
152 393
343 471
86 147
284 14
93 320
278 351
12 551
27 222
361 216
91 321
240 229
56 387
126 552
177 474
100 108
39 444
98 429
253 302
272 339
107 166
263 561
83 2
207 34
135 156
375 216
349 46
189 106
329 263
39 80
15 545
97 251
70 411
229 529
234 449
171 395
27 395
62 361
260 393
103 133
195 533
179 156
73 327
244 413
141 309
271 90
126 445
213 219
367 427
168 64
326 366
169 168
251 226
321 26
178 490
324 64
180 311
20 484
162 227
329 427
263 62
141 165
98 164
65 169
43 383
211 292
142 283
163 129
86 387
67 382
198 549
193 506
319 506
120 452
291 336
15 44
11 50
144 324
101 388
351 387
71 99
280 388
106 206
292 510
151 478
103 537
262 549
230 473
263 101
223 214
256 501
50 157
274 308
277 284
375 453
62 37
245 188
21 133
147 277
344 471
22 384
95 361
330 178
246 421
209 501
50 524
276 394
46 235
98 458
292 5
313 164
178 270
207 298
367 167
212 384
188 333
320 118
365 544
303 440
284 372
342 551
183 43
258 299
133 416
77 362
242 380
280 520
375 461
173 528
329 562
252 500
18 472
358 28
304 142
49 96
253 308
116 458
160 560
365 369
301 100
78 280
12 405
73 497
131 449
150 268
86 426
164 64
193 334
195 451
174 322
28 27
365 468
347 61
110 321
261 421
175 524
24 219
130 242
380 517
285 359
2 347
235 444
365 57
232 104
86 260
108 60
319 434
19 211
187 404
280 360
211 356
51 113
34 291
242 323
94 166
298 464
12 216
71 258
351 131
383 495
229 411
371 215
59 51
337 331
326 135
375 413
103 252
232 503
304 52
153 280
351 486
247 224
125 300
117 381
362 98
369 38
15 118
386 498
174 397
115 415
271 510
35 156
352 557
374 198
57 101
84 189
26 217
376 267
237 524
80 519
226 317
331 221
233 355
284 163
69 128
305 393
361 491
273 432
186 156
239 462
380 267
118 432
151 472
124 414
91 325
95 101
108 26
342 543
275 66
309 515
201 421
325 367
225 535
242 47
183 495
130 521
229 374
18 124
97 4
82 396
319 405
65 140
198 550
217 459
203 546
282 501
103 211
368 386
157 223
140 34
136 384
248 289
132 132
76 232
95 426
249 367
254 69
378 182
164 482
355 56
298 274
72 192
286 505
5 432
25 376
179 115
194 410
349 324
43 291
379 440
184 408
124 453
361 126
298 395
61 86
230 116
257 124
148 486
290 67
176 43
302 102
41 521
285 515
346 316
351 564
362 511
371 76
148 131
190 512
178 458
268 418
226 341
11 62
316 321
296 103
383 350
139 410
345 88
243 317
175 84
164 505
323 520
199 434
308 144
306 285
121 289
111 468
251 233
168 245
117 16
14 305
169 485
264 370
266 544
112 145
66 323
249 250
33 282
317 372
234 484
191 233
191 63
91 565
318 141
350 163
307 522
76 467
309 359
246 547
364 177
244 284
268 524
38 231
109 471
76 506
370 501
385 159
97 210
355 509
16 176
383 137
143 140
125 403
152 206
176 184
82 70
88 403
344 335
45 115
302 502
98 522
257 519
224 248
36 441
74 132
15 505
195 14
135 242
26 9
157 405
22 309
137 407
44 222
224 513
86 425
209 564
45 203
178 290
328 153
379 496
123 304
278 478
313 463
351 133
234 542
208 62
385 544
367 456
169 18
331 235
106 542
326 189
317 257
160 89
75 486
244 211
386 352
250 402
27 172
238 287
40 247
383 271
274 388
162 267
197 537
85 373
114 417
382 528
228 535
150 528
233 431
284 39
116 368
324 293
155 261
33 85
261 342
21 428
294 528
381 358
212 101
108 542
278 491
170 173
3 270
295 90
284 122
66 171
227 407
104 373
253 344
159 381
270 104
36 420
165 61
88 516
302 16
281 365
108 491
10 295
195 18
297 158
277 516
148 332
93 162
219 272
270 170
198 11
214 200
34 205
78 52
73 528
187 194
168 317
251 140
352 80
4 154
259 27
239 411
349 163
5 143
124 184
47 256
273 496
98 29
102 397
164 165
348 309
357 446
170 505
383 325
218 392
132 250
104 141
71 263
184 318
219 454
132 180
150 90
285 301
315 45
334 395
49 380
67 43
50 129
15 471
338 228
352 390
312 41
248 375
158 477
113 389
279 472
106 403
385 250
41 336
256 455
172 354
55 291
261 366
133 385
80 49
368 212
31 318
123 249
241 233
152 261
153 306
268 189
221 312
24 417
73 473
33 215
316 250
344 418
116 187
116 507
279 209
270 112
110 227
47 332
132 490
194 335
191 502
159 370
104 402
338 341
285 456
179 80
61 538
316 552
49 210
365 268
35 258
264 212
73 469
332 386
176 331
61 79
109 409
169 148
231 35
305 543
385 68
73 436
189 353
235 259
354 396
95 245
285 225
103 1
368 286
143 448
383 390
276 299
342 280
190 202
319 403
55 334
118 82
12 469
148 171
285 346
5 180
216 176
73 531
290 99
235 512
297 269
314 497
310 465
174 522
280 162
18 49
220 102
186 30
346 6
121 197
49 237
209 444
191 131
79 29
193 142
174 58
177 53
129 4
348 196
8 369
328 433
154 163
223 337
338 148
120 64
116 33
235 197
180 509
55 529
122 497
97 98
185 96
15 251
95 335
320 180
221 149
256 235
110 513
91 480
54 266
234 512
84 488
381 434
30 275
197 47
263 31
3 355
359 63
286 191
258 429
272 460
37 108
114 553
73 457
97 555
8 404
240 357
257 83
16 225
27 509
274 516
113 376
386 294
87 89
3 447
143 286
145 391
214 407
337 245
384 463
158 83
300 555
208 378
197 84
71 351
346 228
282 22
49 221
202 90
73 416
311 190
144 26
86 498
183 60
253 11
1 446
369 505
64 41
267 372
159 233
284 203
139 173
380 73
200 180
160 132
342 456
123 343
14 559
258 292
381 229
129 499
386 448
386 547
294 305
154 562
318 251
68 90
359 187
243 97
115 39
105 195
302 159
120 265
306 468
165 367
94 545
6 410
303 185
316 46
125 450
164 146
198 476
380 412
116 290
46 443
94 366
255 524
47 205
257 294
81 71
280 30
199 375
58 338
37 537
368 562
35 220
358 106
187 178
341 344
127 457
266 131
380 513
220 33
150 328
89 38
335 28
285 123
77 44
214 58
13 167
53 508
110 436
127 479
140 166
270 88
29 188
63 528
93 44
117 418
305 392
11 348
1 22
189 331
133 65
144 469
250 79
177 520
1 255
319 379
133 339
356 104
276 52
364 281
341 215
185 57
184 528
174 565
360 559
27 523
353 425
329 250
176 106
147 331
294 506
120 178
322 286
51 32
196 495
29 329
54 492
299 45
31 462
141 62
40 456
336 60
177 250
372 56
264 276
227 266
11 469
127 320
375 74
333 323
99 487
189 70
172 207
95 257
375 159
345 398
284 277
222 180
337 191
149 236
321 272
85 408
325 269
64 433
229 423
307 124
269 3
335 69
159 246
357 120
90 311
261 510
273 480
197 467
232 150
4 339
277 401
373 273
173 200
138 471
272 205
136 428
12 515
369 409
151 369
83 511
284 300
380 424
280 111
239 482
84 536
95 109
159 55
284 112
302 143
304 207
350 87
160 538
67 353
162 162
18 337
169 501
230 453
266 445
213 168
120 382
337 346
96 26
217 208
93 249
295 482
139 61
305 180
121 175
290 14
144 473
237 195
276 370
18 315
5 550
142 205
141 57
174 29
122 407
260 311
189 252
98 368
86 482
200 216
63 318
283 479
376 265
10 436
25 297
385 47
154 326
34 237
38 20
202 127
184 252
358 471
346 514
12 265
105 394
97 557
138 370
161 241
341 413
386 257
37 520
302 327
46 118
178 379
242 497
161 346
141 486
352 159
287 361
197 45
6 151
45 234
210 52
56 155
244 251
321 209
282 442
80 174
173 290
262 141
137 249
277 381
85 550
33 432
233 21
39 543
99 301
355 308
233 480
283 561
369 144
368 211
52 174
118 88
274 365
92 217
194 204
337 80
358 483
335 516
212 420
229 516
69 196
85 203
382 491
375 94
37 305
178 70
1 330
30 365
83 342
301 209
194 237
162 332
386 548
382 278
79 112
384 164
94 74
371 64
70 226
29 383
10 32
385 58
296 512
333 520
193 435
39 315
262 149
348 441
264 406
173 47
172 379
275 509
161 274
84 470
9 298
256 392
8 288
33 301
59 181
156 357
160 76
325 27
168 96
379 144
243 275
317 220
101 194
295 264
73 560
52 445
278 194
88 367
236 550
269 126
53 152
172 395
294 28
46 258
299 262
167 559
152 268
233 439
71 297
14 31
278 98
67 129
285 120
254 290
316 156
105 363
238 370
29 354
52 342
88 398
359 441
377 312
49 286
215 155
50 167
234 362
243 21
37 409
38 148
113 255
254 367
325 184
142 420
129 396
3 485
142 204
319 542
195 506
258 344
206 55
30 241
300 337
279 356
245 118
22 453
61 69
212 261
101 449
343 50
53 501
262 251
245 320
212 363
80 268
117 203
340 479
363 360
85 493
138 120
18 10
323 356
180 44
276 92
309 94
118 6
318 388
269 331
49 28
73 172
25 494
362 4
172 76
200 76
155 157
96 540
312 485
41 557
84 284
383 107
245 18
62 151
31 518
185 34
213 422
222 256
301 229
131 50
227 382
104 327
242 143
263 156
355 540
133 182
278 476
223 378
209 161
277 248
357 219
49 310
67 434
152 118
41 558
211 440
264 208
45 533
362 482
306 435
288 311
109 323
3 511
21 528
137 42
19 289
306 113
80 258
373 538
209 465
83 222
147 236
60 330
303 117
127 469
262 387
14 209
78 34
4 292
102 306
337 301
162 121
332 492
56 487
344 249
304 266
106 338
252 60
172 8
67 347
73 193
180 292
249 293
230 546
291 273
330 239
163 549
66 198
88 211
270 119
373 393
267 71
192 374
143 135
272 213
74 72
375 118
290 252
141 503
170 334
212 321
87 171
279 312
117 248
307 170
200 493
258 507
181 29
173 140
264 6
40 75
311 532
14 502
78 330
255 304
147 179
365 6
70 530
290 418
154 252
148 323
318 321
85 435
19 272
315 321
170 148
38 181
280 494
153 212
346 53
253 244
271 507
364 175
115 467
171 175
327 486
145 428
89 60
182 137
119 120
323 160
335 55
149 323
97 439
157 363
105 519
131 369
358 460
259 196
2 212
173 226
327 497
90 209
234 548
158 427
48 417
163 425
28 365
140 345
251 527
81 288
9 536
352 84
205 114
336 186
215 78
128 271
180 196
182 413
368 559
95 546
43 299
288 211
200 202
85 163
333 225
198 286
266 104
364 302
378 466
28 228
51 202
216 404
85 278
166 59
226 41
164 98
34 459
155 436
13 497
63 197
352 176
264 405
134 378
106 263
352 457
53 401
177 21
161 423
127 529
349 36
263 523
188 236
266 466
189 128
322 108
21 163
194 388
341 407
70 310
365 431
363 521
1 494
60 515
157 408
325 423
366 427
110 105
165 177
308 208
292 513
256 494
313 469
46 251
28 281
372 349
11 32
60 42
32 142
334 531
346 174
74 477
43 255
95 67
171 368
167 166
161 489
342 440
288 79
183 349
119 231
335 201
302 154
77 547
329 426
336 389
76 337
293 357
14 403
233 210
122 311
179 332
187 159
67 8
228 544
198 319
41 347
98 306
106 350
241 105
355 340
248 52
270 139
375 45
352 563
24 560
96 126
338 58
60 118
186 231
85 174
38 209
308 29
337 222
369 260
308 183
377 265
44 500
110 276
50 296
199 451
71 289
153 497
190 264
53 98
1 211
117 364
30 29
24 311
130 416
137 379
341 524
345 71
223 253
20 188
341 341
118 330
305 263
372 167
214 310
330 210
311 210
110 456
20 271
45 220
373 227
94 317
168 483
119 450
104 31
75 16
163 505
334 206
187 250
378 145
137 435
58 240
319 153
314 540
287 26
62 290
30 50
297 337
140 557
140 134
134 9
283 197
135 61
19 17
88 83
120 92
230 345
290 73
56 65
350 106
196 30
76 122
182 266
105 212
349 488
315 498
213 111
229 69
96 15
67 396
49 555
355 349
128 173
219 214
236 149
57 251
110 147
200 215
163 200
384 544
253 195
110 551
251 186
204 44
68 11
359 267
101 329
386 256
148 307
196 111
240 7
173 562
353 18
196 562
278 328
157 134
355 135
258 98
95 512
289 316
197 460
115 553
242 38
114 117
163 40
359 117
38 512
308 191
13 442
331 14
219 222
117 14
256 160
152 141
70 128
331 535
276 119
217 506
321 28
157 152
91 146
168 388
373 261
175 185
106 270
335 174
176 177
51 334
62 75
85 195
280 372
133 213
4 336
60 168
82 435
246 409
361 535
89 396
120 154
204 443
137 548
333 304
12 53
65 17
138 458
318 427
267 168
327 112
59 203
70 14
363 192
105 448
40 479
36 190
14 516
318 240
149 368
121 305
250 46
247 141
156 269
71 540
89 23
71 253
127 418
184 290
121 226
122 131
41 559
132 466
305 249
67 395
238 354
106 80
104 273
296 472
180 154
68 226
147 340
228 116
247 51
199 242
133 361
199 196
294 539
118 19
175 303
244 103
370 443
94 9
190 89
372 520
70 253
125 447
116 332
185 306
116 75
167 56
216 385
200 292
192 89
64 233
29 80
328 66
383 314
217 284
15 211
368 158
146 21
349 422
299 341
290 505
30 315
156 522
112 448
70 212
269 69
326 35
348 480
346 112
75 214
134 411
35 229
374 102
226 427
168 221
164 455
41 78
4 64
82 394
278 511
210 39
48 485
21 141
202 364
279 135
219 73
280 555
170 236
75 541
347 536
3 129
349 160
167 106
87 314
18 103
26 336
159 65
227 265
59 439
232 343
67 285
261 158
327 533
205 475
24 358
44 383
7 391
268 470
171 543
361 133
270 337
32 459
306 378
334 416
219 475
167 146
32 472
328 58
53 198
27 436
183 416
200 226
189 155
230 410
5 194
149 447
73 429
19 275
34 191
133 178
378 504
360 220
214 192
154 368
119 47
296 158
266 157
287 167
62 522
240 298
55 22
266 463
291 275
173 116
316 401
292 87
235 365
123 338
336 447
270 180
232 91
163 151
220 240
225 350
278 56
23 165
69 98
75 52
5 200
219 321
48 243
192 120
206 246
239 124
351 115
101 419
10 215
299 317
103 553
284 26
302 14
87 466
117 102
231 385
75 156
70 218
356 111
50 150
231 329
206 257
360 271
12 156
345 453
85 153
183 364
6 287
288 405
34 147
109 442
214 362
195 468
294 459
30 533
195 19
44 341
284 390
211 112
225 313
161 475
318 33
115 178
373 199
79 486
86 219
54 545
329 72
323 537
165 117
370 288
286 443
25 277
92 404
193 66
98 219
309 439
108 120
289 473
144 333
337 261
287 143
46 311
48 102
168 348
30 221
362 198
382 427
386 350
369 351
36 486
284 245
333 3
364 272
273 127
17 18
322 42
239 55
243 475
218 434
183 548
233 542
329 272
213 445
235 398
380 86
132 257
228 491
179 310
342 498
236 90
157 293
131 256
134 225
105 217
152 224
384 406
201 514
139 459
127 69
349 207
312 169
168 294
178 31
91 497
83 450
219 345
32 145
35 59
268 527
15 186
289 360
81 33
152 403
187 291
289 374
271 441
165 55
92 359
131 450
284 533
289 6
165 390
91 498
97 529
130 93
50 324
295 29
319 112
312 110
60 511
331 33
40 229
227 418
2 70
147 453
207 502
185 506
326 45
105 356
47 215
298 335
10 409
260 291
172 112
70 225
370 61
207 482
251 435
333 171
316 263
384 414
230 284
307 14
121 128
190 217
346 77
68 173
213 323
134 524
59 502
375 544
274 467
153 294
165 447
285 483
322 317
105 277
179 441
311 285
253 283
341 3
312 230
44 29
190 496
80 213
198 110
41 300
204 458
80 267
364 510
273 164
180 335
130 556
7 361
73 438
159 273
29 347
201 544
349 144
7 60
48 294
27 502
206 20
162 489
166 511
270 416
178 548
291 111
338 447
262 116
130 198
244 409
380 460
361 380
303 356
120 168
130 472
287 339
333 87
198 196
288 271
83 50
188 544
275 290
109 417
245 444
262 146
99 315
224 312
290 563
199 9
299 279
126 207
56 5
251 343
362 58
323 18
40 470
298 123
344 35
116 197
253 534
58 281
45 98
276 220
107 255
242 142
10 173
88 72
215 30
115 140
117 143
54 13
126 392
304 254
285 283
91 312
250 518
64 359
183 506
178 73
23 140
328 97
5 92
61 183
379 494
41 547
131 317
207 463
6 390
19 268
214 397
265 346
151 90
311 271
81 190
187 358
56 60
160 367
56 549
126 480
148 368
48 282
59 237
17 11
81 454
156 453
154 183
161 543
250 257
203 398
165 289
357 188
326 297
129 232
361 167
189 517
217 381
311 294
91 179
103 235
118 397
64 282
372 557
74 171
111 321
102 463
242 486
150 455
185 45
120 439
302 437
248 528
274 482
138 138
24 220
92 349
15 345
32 408
199 367
179 29
161 370
294 18
253 464
333 510
217 317
3 544
355 529
224 410
69 267
174 52
351 518
46 143
5 25
323 562
346 261
312 119
210 504
216 19
89 137
21 136
6 554
95 40
83 355
249 308
318 184
97 258
221 24
57 302
312 366
229 439
14 438
228 140
232 315
355 162
161 307
244 14
67 269
314 344
157 533
240 131
230 216
339 539
34 310
304 155
282 27
322 505
258 455
178 527
376 269
259 75
281 534
171 559
377 127
376 64
339 168
91 392
306 325
94 466
94 453
314 306
180 181
187 332
103 335
220 158
203 265
30 542
236 208
321 16
291 433
204 303
23 292
92 96
297 19
303 309
269 206
303 430
153 7
112 86
176 217
176 430
328 262
207 116
257 95
65 262
44 488
206 228
262 361
79 250
220 426
119 212
360 117
324 453
53 504
164 528
7 155
39 238
372 478
44 220
112 114
198 218
12 248
245 391
259 318
178 528
114 321
285 432
76 441
40 239
340 126
270 474
172 104
372 374
334 157
13 556
334 319
234 59
308 159
87 122
59 305
80 197
308 219
135 431
151 435
302 559
269 262
91 15
87 106
370 94
83 424
68 542
186 165
112 180
48 532
60 347
87 73
308 207
214 481
35 252
350 39
99 412
311 409
91 213
129 324
320 40
59 120
372 162
177 352
1 21
40 496
239 81
90 152
280 513
220 415
120 364
228 395
126 4
268 333
374 355
195 420
140 88
312 48
54 402
305 88
53 7
98 43
69 394
337 405
359 475
371 251
188 510
31 490
258 387
331 123
146 383
326 274
342 285
105 402
10 443
24 3
114 398
294 460
196 441
164 515
244 343
372 421
59 264
338 294
32 132
294 135
312 476
294 159
134 271
205 486
259 169
353 167
322 261
75 134
106 465
188 430
8 547
137 38
360 313
218 224
233 401
40 498
30 27
131 400
291 29
17 17
338 324
68 403
375 108
147 549
90 518
221 307
366 324
9 40
256 188
247 392
78 93
267 562
230 401
152 172
306 108
343 556
118 34
316 346
367 131
97 483
229 154
385 171
77 231
62 543
183 85
383 166
214 441
94 535
191 220
63 374
270 329
340 110
303 101
53 285
81 451
267 332
1 184
101 464
1 283
231 521
167 125
221 515
357 342
344 321
39 479
378 396
74 99
129 470
337 325
148 142
1 26
263 209
101 395
301 189
124 241
159 173
158 161
311 274
354 75
233 560
83 287
328 544
266 564
214 518
238 560
356 395
293 273
56 172
112 329
330 166
59 453
147 468
194 407
74 462
80 231
55 355
240 37
307 326
364 13
249 194
370 430
125 254
47 397
143 358
96 532
279 25
258 480
230 275
379 337
187 537
63 389
382 46
360 305
29 284
30 52
130 399
3 428
180 423
265 227
217 147
10 77
80 455
271 172
216 283
378 314
281 476
126 456
189 546
252 312
315 466
181 345
354 387
8 199
26 115
358 494
234 451
280 177
361 373
359 349
164 390
64 15
56 141
283 230
342 504
237 326
59 27
351 201
67 533
78 555
371 379
162 204
4 199
45 20
377 469
8 210
15 61
148 514
216 523
77 391
305 397
245 16
309 254
176 39
196 62
158 538
223 400
2 411
386 317
18 316
119 343
16 445
123 268
381 390
140 473
346 211
354 424
21 59
31 480
143 117
298 51
228 93
76 554
265 381
15 243
78 508
16 133
34 445
23 191
10 121
65 358
259 173
200 127
255 109
77 181
252 188
110 44
340 160
133 181
125 245
130 9
14 267
66 302
329 52
181 179
112 237
203 273
225 271
156 487
164 383
50 2
332 223
343 259
371 393
290 454
258 85
354 538
76 228
333 436
382 424
92 372
314 468
269 445
64 120
126 6
160 449
301 401
160 372
7 138
339 66
234 498
156 167
51 191
228 531
238 544
252 196
297 241
247 68
210 391
321 475
365 41
156 99
379 389
150 341
172 408
185 371
230 437
283 436
213 260
119 213
167 300
323 340
310 189
155 565
233 540
140 349
127 333
147 532
345 107
146 426
377 308
343 64
306 416
116 436
49 1
170 532
307 263
16 191
29 320
379 169
332 311
331 204
216 155
222 513
134 61
248 446
345 319
52 395
87 25
60 436
325 36
152 340
27 414
296 83
207 199
181 286
289 328
18 195
12 217
222 426
289 76
298 542
112 308
248 227
75 198
146 522
58 553
64 437
166 60
346 306
254 124
139 109
149 465
48 406
357 24
316 213
197 326
152 264
176 546
162 284
119 402
8 57
54 298
302 361
252 75
215 217
143 158
38 247
149 21
96 187
261 252
172 448
12 151
67 66
128 4
271 503
28 97
115 133
213 139
72 442
340 494
207 495
168 485
240 400
252 561
19 255
231 169
36 21
58 456
167 215
68 513
213 185
93 151
138 560
143 552
300 264
111 559
53 2
97 117
332 5
381 263
323 480
20 43
80 429
2 429
384 394
236 119
219 376
134 525
247 146
240 245
10 455
265 123
378 420
211 192
53 6
296 127
287 212
31 308
338 529
210 533
145 263
356 120
370 49
155 143
23 84
35 25
312 82
373 526
218 433
340 547
92 494
92 311
91 415
364 530
57 79
82 206
336 443
30 208
83 335
291 196
119 123
174 545
365 310
206 51
207 80
210 303
226 322
214 166
37 93
4 331
187 408
370 355
370 226
72 125
146 502
29 502
7 19
214 194
233 369
62 432
178 228
364 486
235 527
230 21
198 446
348 372
2 398
131 390
206 1
311 49
208 112
104 381
16 553
77 453
366 446
380 130
37 151
267 380
172 258
70 55
245 48
181 301
98 303
384 213
135 344
216 419
133 295
21 519
48 13
130 260
349 307
123 417
54 346
23 114
173 170
142 501
363 122
323 255
174 117
14 535
244 83
61 547
19 94
150 318
364 534
312 454
44 66
319 402
241 443
294 407
67 549
357 109
25 143
356 467
186 465
299 518
51 355
311 497
207 164
347 291
69 127
110 251
204 72
243 170
290 88
176 223
145 259
327 324
39 91
295 421
345 59
193 135
284 31
292 400
179 261
334 434
377 396
213 418
321 34
5 175
65 39
275 395
82 285
14 284
73 431
156 395
266 217
161 549
327 435
366 142
380 494
59 85
163 445
104 98
386 272
153 331
310 406
367 346
131 107
288 441
74 338
227 236
238 472
321 279
236 358
229 92
179 494
336 32
237 93
268 261
261 209
369 215
18 58
230 272
140 241
135 444
359 460
201 456
61 406
124 280
301 11
283 370
380 28
104 397
54 234
363 549
259 85
234 199
334 383
150 182
156 71
296 442
39 330
311 278
223 188
146 458
217 136
187 23
11 473
330 240
316 454
272 455
74 95
102 226
117 289
346 8
90 141
152 432
203 103
366 129
168 170
312 128
188 559
42 120
46 92
269 459
381 284
45 73
67 232
120 148
252 288
233 10
123 551
335 45
263 175
264 308
385 45
153 521
259 168
79 191
71 342
198 191
193 302
129 366
229 323
94 52
238 26
162 407
265 487
167 422
89 304
206 305
300 297
290 412
337 431
176 493
360 75
354 107
208 89
118 143
206 50
26 358
151 212
264 19
286 564
88 1
135 484
299 127
41 85
21 450
278 295
10 327
86 24
111 74
318 155
84 517
292 460
258 60
296 353
81 138
254 434
166 88
149 411
221 266
322 460
312 357
286 15
149 179
324 340
115 547
130 451
326 42
164 349
170 349
165 187
327 229
194 419
93 260
102 51
250 565
165 331
192 510
106 5
149 64
102 317
228 334
307 443
325 25
149 546
257 107
92 353
350 391
325 270
6 317
159 15
176 292
270 375
191 359
354 76
326 536
42 143
86 22
334 70
8 159
196 228
13 159
343 453
375 421
155 119
91 396
161 155
25 495
23 383
78 404
38 269
227 432
31 211
190 494
375 323
155 537
247 399
239 24
163 315
136 219
86 224
102 348
357 393
349 14
71 264
131 372
353 543
216 328
63 100
293 189
54 133
101 475
269 91
299 177
341 174
60 400
74 151
240 214
154 280
23 366
277 186
373 405
235 391
376 116
366 325
76 7
77 557
63 537
319 307
370 363
34 239
197 14
374 269
287 55
355 34
115 482
56 228
358 43
289 81
101 207
130 145
376 213
384 252
280 212
302 129
262 528
375 438
13 398
226 505
181 508
369 291
227 230
119 238
104 371
332 517
30 14
2 27
370 295
175 451
9 228
81 318
275 398
181 226
315 102
328 339
225 137
10 153
37 83
289 301
250 513
226 107
25 184
13 431
264 539
167 251
208 457
371 106
204 405
5 381
265 367
334 301
72 254
292 242
211 138
45 146
87 275
77 378
119 98
110 372
157 44
242 509
337 392
264 100
305 416
88 426
178 504
205 408
182 546
232 248
203 141
51 277
54 390
330 82
263 240
159 100
150 91
181 51
116 298
331 323
209 255
175 34
101 408
82 181
123 153
323 443
20 378
205 526
48 411
191 446
59 461
159 518
178 355
190 445
244 109
164 550
325 244
71 232
50 473
37 223
160 191
147 415
255 531
274 400
261 425
55 1
104 122
83 489
108 460
181 200
208 119
313 245
314 195
98 537
63 380
4 202
82 235
242 253
167 346
324 391
197 244
263 44
83 150
31 401
58 289
204 81
58 1
53 429
360 331
32 88
72 308
12 120
108 519
339 172
101 12
51 270
129 452
218 278
308 548
192 95
296 254
317 410
240 381
110 203
85 192
33 276
203 175
306 399
203 226
47 449
334 235
35 157
206 384
318 266
301 344
10 245
216 167
164 2
343 560
128 17
74 408
241 474
206 282
43 320
366 299
313 294
311 512
139 363
95 193
277 299
254 353
241 288
103 9
274 102
85 441
36 545
108 517
175 287
13 42
257 561
285 428
246 488
354 411
386 36
151 270
306 4
215 313
191 234
322 52
152 333
180 140
9 329
108 160
230 188
295 287
320 239
71 164
268 417
15 126
83 291
98 360
345 315
148 545
308 482
64 509
196 342
177 277
50 105
171 443
70 59
364 423
356 375
216 217
188 432
373 515
186 501
378 189
295 383
274 427
185 484
131 315
138 523
79 99
90 464
266 483
384 234
296 424
159 70
293 68
94 384
216 331
256 564
218 109
197 385
203 248
222 541
273 44
233 332
378 270
339 85
298 225
279 189
340 26
147 206
372 297
29 152
373 188
213 330
37 163
299 136
29 505
164 462
89 394
116 93
25 418
310 480
294 49
138 520
86 431
122 29
39 502
355 50
140 475
224 193
33 461
284 493
53 386
317 18
29 553
48 501
380 470
378 173
210 264
300 498
276 308
91 324
80 345
222 183
7 21
20 559
73 50
108 212
272 526
375 256
140 485
348 502
7 152
156 390
143 89
256 124
303 448
122 528
263 369
294 47
69 487
65 54
256 49
171 550
228 555
208 63
135 329
117 505
54 341
340 92
241 64
268 23
354 542
22 494
65 2
228 270
261 235
112 328
54 147
368 395
39 467
207 47
78 241
202 53
291 378
90 345
184 215
253 197
234 527
153 319
14 321
336 310
323 282
261 204
190 493
135 470
29 417
322 389
299 392
80 157
126 7
52 105
166 478
1 45
345 388
55 445
80 92
2 385
83 311
139 269
24 336
275 424
106 96
111 118
215 504
117 315
30 436
257 477
47 140
80 269
224 289
102 519
95 129
269 195
267 99
273 292
154 195
252 26
206 385
80 74
260 162
237 14
245 20
347 314
183 268
277 63
350 242
29 374
110 115
313 488
168 129
165 24
220 473
258 17
272 492
339 167
175 531
125 361
332 432
298 107
152 479
211 15
350 403
172 199
349 458
221 260
260 45
330 225
274 250
179 402
344 277
264 297
157 476
306 397
178 241
4 378
335 264
111 498
275 121
14 352
134 1
4 363
100 465
116 309
285 104
167 39
148 87
126 454
21 200
175 442
120 434
150 232
323 371
33 540
285 71
305 444
144 401
344 58
350 268
310 470
262 244
99 250
214 392
382 118
297 245
36 109
170 511
4 467
151 250
337 296
120 224
287 181
175 108
22 157
324 529
15 11
122 476
26 62
181 503
306 282
125 147
31 345
250 477
370 69
175 325
22 140
221 342
74 490
172 565
343 181
210 274
155 239
208 81
131 7
236 218
143 349
32 120
94 411
162 405
34 48
168 156
189 489
175 465
162 493
77 71
332 266
87 401
211 56
15 294
215 427
321 104
84 169
71 550
309 124
224 498
381 261
82 198
151 409
280 510
300 437
291 191
243 215
73 136
8 66
169 196
206 314
343 232
72 441
31 472
107 259
226 561
172 243
104 514
254 110
329 184
360 425
24 282
320 529
14 24
63 168
87 199
346 131
185 550
374 11
12 414
344 404
152 505
94 526
126 481
13 239
209 535
5 505
280 187
188 187
303 2
150 236
334 256
138 442
75 327
99 426
225 123
328 347
216 317
30 20
350 102
173 34
333 164
265 194
360 416
31 16
159 56
218 48
2 224
82 102
58 298
40 12
74 81
257 323
180 455
275 208
276 77
18 360
10 401
339 335
226 146
157 362
292 515
180 135
350 235
6 348
320 476
167 237
9 60
8 507
277 66
245 128
253 133
384 206
28 103
142 276
26 202
37 316
210 125
125 18
296 536
368 412
47 496
318 552
192 207
305 505
277 473
30 60
329 375
26 400
195 390
115 449
37 135
168 57
55 401
341 375
374 146
70 480
331 135
204 189
127 370
175 434
319 111
293 393
93 525
89 555
89 112
136 322
339 233
104 410
231 355
289 362
35 428
34 225
221 319
369 96
158 244
163 382
33 332
230 97
361 42
142 509
84 453
136 455
48 311
196 454
314 321
194 320
345 18
112 293
176 316
280 79
247 497
323 380
273 130
246 385
266 135
357 144
151 216
373 186
270 555
116 213
312 492
7 547
20 291
74 57
224 110
315 295
362 489
80 230
213 69
94 156
48 435
148 318
237 561
11 163
102 85
134 152
356 363
377 118
25 318
90 32
60 281
23 30
378 406
59 125
165 59
311 275
100 109
74 516
218 555
167 458
21 253
325 544
149 163
334 240
176 259
249 520
64 188
134 55
298 556
313 175
375 196
384 72
367 18
74 493
304 440
105 487
107 236
320 37
248 236
149 290
263 113
330 455
381 121
27 393
127 144
300 163
158 323
230 459
67 327
200 500
69 284
230 409
230 452
308 21
188 193
129 50
173 44
328 6
315 188
171 291
280 390
43 491
106 551
48 359
267 456
207 510
203 505
214 452
251 107
185 209
224 67
89 378
360 279
282 424
233 300
274 217
47 248
359 370
26 428
313 110
54 382
167 35
116 520
48 358
352 559
81 206
334 474
213 264
105 168
193 143
321 360
41 8
173 2
196 161
40 481
291 140
209 482
209 369
79 408
186 388
368 265
380 504
134 187
105 261
376 266
81 267
145 320
242 442
344 213
354 430
373 395
37 126
158 262
34 227
121 565
79 491
176 153
275 220
282 283
105 188
210 285
315 442
151 388
29 31
97 274
32 303
52 306
340 510
161 171
146 84
336 249
342 45
166 154
62 402
98 397
134 17
224 131
185 491
144 32
292 520
316 99
125 467
138 305
22 139
373 264
312 32
276 272
73 88
227 408
155 146
323 218
340 420
36 214
155 315
238 409
52 243
37 284
126 279
177 225
260 87
170 480
149 125
6 85
63 406
293 496
74 275
200 170
276 201
343 70
14 484
65 456
261 16
71 330
175 93
127 203
143 230
316 249
202 294
134 330
8 294
175 178
72 316
214 391
228 193
155 217
142 505
174 183
66 6
324 191
326 108
335 464
95 38
74 341
34 134
121 487
378 77
361 534
288 501
352 330
89 121
38 477
351 377
230 347
142 143
254 351
66 71
128 71
177 29
1 205
30 434
61 448
13 59
163 557
348 478
230 89
226 358
175 124
295 474
252 365
146 128
156 287
183 221
83 167
303 390
228 317
211 316
176 157
115 564
51 289
20 265
85 548
40 145
6 110
115 376
308 50
232 282
238 427
265 269
133 524
335 189
219 205
268 494
89 33
228 218
215 127
93 367
191 258
136 223
379 235
185 255
295 55
286 189
186 365
88 162
47 553
27 315
264 303
362 196
25 134
176 111
105 396
253 230
58 230
279 5
186 263
274 179
204 107
338 537
20 146
181 348
82 349
365 354
107 565
282 359
378 117
348 223
56 484
381 124
304 226
383 525
110 240
196 293
219 221
370 160
81 281
351 467
273 450
284 175
193 509
320 166
285 234
358 552
254 486
155 404
34 55
100 348
201 17
232 353
333 181
188 40
54 519
158 267
340 273
354 454
189 184
306 200
181 248
361 38
186 370
374 261
101 197
322 229
219 206
242 188
184 422
338 251
284 258
16 521
338 446
233 273
341 520
149 197
250 95
189 270
92 511
313 11
49 534
263 130
279 543
344 174
119 21
86 38
104 268
386 535
374 477
313 371
94 233
64 386
252 427
26 8
21 535
254 321
131 431
156 107
90 121
186 526
339 407
277 163
215 86
274 463
193 71
143 167
372 466
336 163
344 307
25 554
287 248
225 314
300 74
346 222
58 115
264 78
173 67
328 200
136 92
267 162
303 462
261 549
129 134
65 333
278 412
305 518
200 166
364 63
103 298
154 467
176 234
15 474
89 346
292 247
159 158
385 95
191 562
259 161
370 462
297 199
339 171
169 54
386 531
292 55
228 7
42 388
129 51
250 382
66 464
97 289
228 11
122 535
146 152
229 331
166 322
233 206
340 313
366 149
24 547
131 111
364 444
249 473
253 243
311 377
218 382
28 339
27 247
378 248
18 399
83 40
25 435
19 169
200 449
368 233
298 103
331 199
299 208
85 98
152 252
234 70
195 297
199 503
24 522
370 374
91 41
197 513
213 462
377 508
169 478
265 313
218 197
113 116
347 108
70 2
91 345
14 260
32 274
38 370
272 121
149 507
366 534
373 438
180 296
137 143
243 362
179 39
220 512
168 7
182 509
213 291
306 61
56 225
133 268
138 262
54 359
63 214
234 384
267 261
86 438
251 411
104 1
71 208
325 80
240 224
351 417
163 541
229 208
215 47
352 513
238 220
54 516
156 109
320 77
144 105
8 420
21 16
240 236
213 368
234 299
67 494
64 260
143 127
353 526
373 201
19 210
67 205
174 34
254 524
156 150
116 470
215 112
279 273
261 116
37 564
1 325
229 144
298 126
106 279
313 316
289 535
10 118
130 170
184 231
57 98
354 370
283 252
219 199
25 149
288 385
31 475
87 161
267 7
366 495
305 490
247 446
345 56
86 98
132 366
16 310
204 559
277 415
29 355
128 122
162 543
258 171
269 332
263 484
261 546
122 55
35 543
79 216
300 200
386 290
259 59
92 309
372 377
179 123
206 196
33 416
179 98
359 273
310 501
192 111
17 147
137 521
313 61
323 152
119 48
10 187
40 324
62 526
295 348
19 217
143 292
221 383
97 64
368 280
98 456
347 394
265 518
218 476
328 155
39 21
344 238
194 493
359 50
123 443
146 518
38 129
205 477
287 354
313 320
307 227
194 269
183 20
71 560
1 461
173 130
335 480
303 221
164 446
266 253
340 80
283 119
269 497
105 451
349 30
247 186
75 57
266 265
347 236
347 283
271 100
160 346
362 96
386 212
153 545
310 535
61 360
367 280
89 416
238 518
106 242
105 518
371 207
337 269
16 356
136 374
141 134
339 513
152 546
30 490
206 78
234 74
187 96
153 18
80 520
364 32
45 406
188 364
178 11
104 188
104 109
153 67
102 505
61 558
99 266
173 241
140 172
233 29
313 83
9 241
211 203
145 369
303 223
120 401
213 207
111 328
289 136
214 30
77 298
19 290
59 194
330 478
363 326
140 57
310 10
11 361
113 65
248 222
314 415
353 390
337 32
370 322
171 540
52 367
303 551
306 99
279 72
274 112
274 225
262 172
39 561
52 256
144 369
245 345
378 222
268 528
211 238
374 9
233 147
227 468
258 176
185 514
77 438
310 365
385 59
143 347
322 245
326 198
322 265
130 60
225 349
196 136
20 231
125 186
259 314
226 235
140 410
33 2
146 211
255 128
25 98
68 357
171 331
57 479
256 415
351 205
165 190
142 556
155 355
298 124
137 147
279 379
20 471
247 532
325 90
93 450
245 56
375 482
138 325
378 224
350 31
382 399
313 464
255 76
259 53
189 112
71 499
144 164
352 365
298 190
211 299
38 172
372 471
186 220
325 493
325 523
180 462
16 380
64 398
34 184
358 175
280 74
53 138
366 252
117 195
164 11
8 314
28 46
114 188
63 504
199 338
61 537
62 449
230 396
180 409
145 366
121 527
314 73
199 60
72 444
28 63
144 396
59 552
340 475
253 4
300 298
27 497
107 200
11 359
14 102
46 399
318 218
27 75
381 450
148 95
280 64
136 8
120 330
63 544
210 524
320 214
103 213
4 411
161 458
235 207
294 207
56 543
58 427
146 533
367 123
361 46
127 524
274 273
306 47
176 537
266 87
305 559
335 317
75 441
108 478
297 478
156 207
95 211
282 21
326 243
160 180
330 477
55 415
381 70
19 265
66 399
10 312
216 373
177 147
88 310
323 190
168 280
374 332
38 24
63 509
212 105
27 149
180 110
243 499
252 545
361 368
85 80
373 122
298 437
205 288
269 4
39 77
359 469
50 338
107 513
125 364
190 243
335 476
335 334
268 305
275 252
305 210
247 430
212 307
249 528
377 273
73 322
20 386
72 120
205 133
73 117
139 478
96 97
308 312
242 158
90 40
76 474
178 407
22 99
291 514
103 436
63 402
111 94
203 283
293 375
287 303
331 502
232 476
50 513
241 460
169 359
65 282
148 244
