700 553
1789
665 41
124 368
596 132
461 220
170 477
54 392
523 171
414 21
345 472
341 195
614 455
371 195
671 444
693 475
467 355
152 507
425 254
503 228
297 432
215 433
479 105
297 288
266 80
204 21
652 530
253 394
261 120
114 30
376 195
471 539
613 544
405 280
51 166
463 398
261 113
548 224
394 397
344 338
378 22
542 505
14 253
238 409
188 515
204 262
384 261
583 68
314 359
330 63
208 472
223 38
445 127
698 317
625 346
12 408
456 107
98 504
246 44
308 171
289 484
32 409
501 329
52 229
502 249
285 280
386 80
498 199
349 472
44 419
150 407
171 73
698 496
352 392
124 226
592 260
170 52
297 111
110 147
20 523
493 443
578 273
405 441
54 301
369 314
252 253
592 279
614 341
436 512
345 414
66 59
260 413
204 302
96 528
646 538
508 252
307 257
393 249
529 14
521 34
244 280
135 33
696 85
242 19
232 57
559 552
308 58
209 268
268 496
655 91
346 258
660 105
333 399
73 224
562 320
96 339
572 208
102 236
411 498
453 77
18 539
592 325
164 440
379 380
557 283
639 333
6 362
631 28
63 400
485 362
510 410
257 111
185 374
162 356
440 496
352 348
505 168
157 3
643 68
600 402
261 44
198 372
313 503
687 155
698 266
657 479
247 517
298 535
444 268
647 482
231 504
369 251
361 312
580 322
200 129
99 451
370 81
586 287
698 389
442 129
567 414
147 200
683 269
350 270
103 68
314 198
8 189
302 343
491 42
650 341
423 107
380 102
270 88
471 258
190 328
193 47
188 235
82 48
566 169
671 146
308 156
475 239
357 211
208 491
175 191
101 238
61 342
389 419
568 512
105 240
270 155
618 454
672 110
316 256
180 370
272 336
460 52
341 315
71 399
144 263
22 69
333 357
241 535
30 253
399 162
141 369
272 136
578 394
556 501
138 370
160 548
531 163
90 31
614 121
30 338
298 122
86 397
105 219
536 378
686 550
630 356
628 349
521 284
214 211
141 49
257 474
136 206
238 179
3 451
10 534
457 316
655 180
645 344
127 77
527 538
50 196
529 126
572 424
570 533
671 417
286 197
254 523
310 330
69 372
216 443
6 293
3 334
497 174
95 79
686 306
606 58
466 321
694 204
334 234
346 362
85 458
171 536
9 348
273 347
170 455
78 463
230 394
136 134
220 254
486 546
457 326
700 32
566 79
354 319
565 334
210 405
354 186
438 235
541 351
173 184
109 320
450 259
257 189
470 26
620 123
610 70
672 10
606 357
165 179
416 392
437 502
138 119
521 223
78 222
416 535
425 505
624 102
695 42
288 182
144 5
514 542
543 269
685 466
567 336
137 28
460 347
81 125
153 298
540 118
262 417
449 365
697 518
69 366
116 174
187 232
371 86
633 258
549 295
26 6
459 112
329 178
264 185
327 442
174 101
227 343
487 217
82 159
430 62
535 422
358 316
493 392
238 235
279 239
36 308
364 153
467 367
278 298
652 411
126 546
597 511
238 8
479 57
258 334
627 425
383 131
380 347
420 73
124 343
369 379
506 197
355 99
559 377
675 96
298 100
164 524
205 179
370 259
121 270
659 193
559 308
446 22
183 304
95 288
507 238
222 17
523 549
534 407
20 314
439 74
231 344
607 62
578 37
21 27
105 116
310 247
294 259
277 56
3 12
399 479
666 121
413 12
12 367
387 439
285 197
48 397
417 318
137 311
517 476
392 109
616 418
96 63
38 305
211 504
199 416
626 103
659 263
231 118
293 470
13 150
475 22
262 459
76 157
206 291
394 116
335 53
475 72
568 269
593 364
464 30
152 182
140 7
75 238
387 8
439 315
645 485
102 507
182 299
626 468
345 220
271 80
290 359
310 483
532 355
347 540
460 234
542 231
74 14
650 453
572 171
88 481
577 138
288 438
524 183
292 521
222 424
238 345
488 80
330 305
669 54
117 290
597 203
260 360
171 342
129 157
45 427
571 159
402 190
203 483
355 359
345 17
8 126
193 542
469 240
454 407
442 100
623 508
544 219
465 40
471 8
681 361
467 239
210 417
429 404
565 435
540 503
229 196
585 55
90 333
76 406
509 537
375 450
563 510
612 438
398 523
608 89
11 337
580 106
536 549
244 275
308 100
438 199
9 152
517 451
138 533
250 18
511 366
485 445
542 199
295 510
461 369
612 46
208 426
577 190
86 95
572 349
187 246
536 526
343 381
394 276
16 350
335 238
499 550
587 155
64 184
418 193
430 465
607 445
688 425
241 202
287 453
494 257
506 40
52 298
54 334
181 499
586 359
186 198
12 433
257 60
24 185
246 53
645 423
117 399
332 216
114 343
314 342
195 226
330 333
591 440
586 230
281 548
342 468
407 305
566 215
580 86
267 480
224 103
302 355
661 399
33 211
354 28
283 210
505 427
314 247
282 451
298 348
481 161
29 401
624 143
246 115
245 256
183 300
102 198
387 409
412 24
424 423
396 111
489 495
327 427
668 483
462 3
127 367
95 239
249 9
585 59
680 210
345 539
603 30
341 317
398 183
446 200
209 551
189 108
484 321
591 454
166 83
159 548
378 491
449 219
139 280
352 451
276 516
194 171
90 119
424 171
611 182
658 223
38 529
555 37
202 330
559 197
369 475
82 455
345 549
180 31
262 245
268 160
598 67
235 336
620 440
599 511
102 135
481 174
650 66
637 422
436 511
42 192
282 118
454 358
541 416
559 18
229 180
222 232
140 129
309 289
194 286
174 159
168 273
639 237
386 211
144 541
107 99
202 2
498 535
279 193
335 67
130 366
347 200
186 326
336 480
259 437
574 74
530 451
41 221
650 207
472 223
376 134
461 199
114 91
381 45
655 165
486 428
299 268
154 155
552 473
487 509
75 72
176 294
567 337
667 304
493 145
474 140
27 542
283 434
395 5
333 382
505 210
152 513
550 406
669 17
292 422
655 552
398 24
544 386
32 123
380 362
343 190
122 333
571 402
367 504
553 363
3 453
159 373
74 125
49 318
146 263
492 30
674 167
460 96
235 85
644 57
115 298
628 250
117 164
675 413
441 237
372 279
414 516
409 144
271 474
43 299
309 81
522 516
498 468
417 448
30 512
424 244
556 255
393 8
673 132
279 334
32 77
80 419
218 172
228 368
291 486
532 25
51 203
372 156
667 289
415 137
524 34
507 460
553 222
303 552
541 456
678 191
103 179
500 160
356 458
532 183
516 306
428 449
413 451
368 249
144 305
111 130
580 472
613 414
336 127
589 349
673 292
146 234
281 262
303 308
118 70
27 526
221 499
293 498
125 432
178 295
245 552
661 93
242 392
351 92
101 449
232 543
512 492
149 82
289 264
354 145
144 347
329 169
552 407
473 125
120 388
211 226
454 519
467 236
264 183
479 298
633 93
166 442
430 252
420 92
129 248
668 494
353 325
617 59
512 267
378 163
376 39
89 307
269 112
139 16
91 203
458 432
334 463
262 15
692 39
231 110
472 353
665 470
43 446
301 452
59 123
682 166
312 84
253 318
506 161
624 457
97 249
186 389
133 34
583 87
3 477
565 33
502 324
381 503
418 470
171 552
303 441
172 30
147 259
653 315
288 366
458 347
378 102
210 361
375 390
671 527
668 129
248 301
683 484
225 312
212 208
401 295
692 420
460 169
74 198
121 31
322 390
134 422
590 420
58 264
360 250
317 143
351 366
449 85
597 485
237 493
279 310
189 16
91 249
403 227
557 408
502 458
395 60
124 27
603 9
317 62
638 311
196 166
159 88
635 150
678 266
475 510
212 475
383 160
547 434
253 66
46 485
529 537
465 400
635 453
348 196
72 77
193 444
97 43
699 3
322 547
143 59
260 130
641 101
577 321
218 553
311 284
98 519
61 88
586 477
592 495
566 5
221 355
236 324
360 294
27 514
543 287
334 383
608 211
574 499
572 168
386 523
361 450
488 22
103 295
252 39
413 538
273 371
236 104
649 53
129 419
39 518
33 399
317 329
83 490
332 422
495 505
22 74
157 359
229 176
20 522
24 331
571 165
665 147
271 45
687 187
353 116
252 97
209 97
479 342
382 433
618 529
89 541
624 107
407 451
236 405
223 436
670 96
229 117
167 324
144 341
178 28
642 72
497 35
647 439
338 160
458 416
529 53
455 299
108 244
188 420
239 2
590 73
359 38
187 79
616 361
442 458
595 203
536 405
225 443
306 56
380 233
162 373
564 156
51 388
648 145
23 29
57 63
438 344
126 83
92 536
432 171
516 462
181 296
49 83
604 539
165 433
425 176
543 370
634 336
633 38
601 243
411 284
677 312
524 468
388 235
646 24
44 312
601 256
266 453
261 21
303 493
253 50
8 382
464 207
555 538
57 121
596 54
292 440
576 214
510 491
288 486
114 519
661 402
170 288
248 293
649 258
268 70
652 289
530 489
518 437
202 333
613 76
426 471
583 41
681 247
255 106
154 486
416 210
495 144
531 150
391 536
531 303
660 53
57 205
428 284
348 409
456 538
101 152
492 82
336 242
624 130
543 521
643 183
535 459
136 18
300 430
355 34
622 457
583 507
660 407
152 511
534 439
42 29
279 233
514 256
240 133
25 500
130 112
154 396
150 38
232 541
640 8
655 143
371 479
620 424
43 298
557 331
595 45
198 522
212 262
615 317
572 491
415 523
112 91
664 262
578 521
450 315
322 73
474 456
264 380
33 185
606 117
651 346
19 424
598 220
150 270
66 217
22 127
622 160
677 545
244 432
31 311
678 91
82 416
298 542
75 388
9 123
104 483
452 476
491 467
189 513
171 449
467 450
260 410
132 185
297 121
185 4
545 97
197 80
122 28
438 187
275 233
37 328
369 188
527 127
342 271
347 538
682 273
616 407
443 150
324 61
397 543
642 138
168 495
589 60
106 543
180 37
137 69
133 496
7 542
119 174
110 434
371 66
307 208
254 530
567 87
441 27
334 446
638 300
641 121
17 58
589 55
662 462
399 4
620 511
400 192
403 94
92 26
210 30
660 26
357 493
207 456
206 220
296 39
689 355
542 419
115 282
77 213
501 328
549 306
266 74
454 177
492 245
138 536
644 430
132 317
617 553
644 150
165 419
635 133
230 142
31 517
27 527
178 201
204 369
304 529
15 29
688 420
316 75
264 493
107 526
438 390
379 256
315 206
652 176
425 458
127 28
284 100
661 224
334 298
439 202
33 413
429 535
105 492
32 207
166 187
199 29
676 319
521 297
134 181
63 214
253 505
456 237
357 374
647 200
26 246
507 531
41 267
465 336
207 442
449 177
559 251
478 389
609 85
549 444
211 246
490 453
424 253
433 164
464 489
85 358
207 331
324 553
457 87
448 518
345 204
261 495
291 35
299 356
667 209
536 150
237 454
406 303
299 70
460 540
117 418
64 327
62 530
307 468
442 328
675 359
452 540
56 428
585 468
598 318
393 540
310 48
441 374
370 502
118 496
195 384
423 480
640 469
291 163
112 117
617 378
153 234
10 127
619 296
251 436
209 322
628 310
251 189
236 330
681 541
353 312
6 404
331 547
535 534
236 171
353 479
86 295
99 218
347 183
313 176
380 408
334 221
325 5
687 79
13 197
102 223
298 477
436 65
136 523
380 172
105 522
302 95
60 363
155 274
181 367
370 222
523 344
422 483
628 16
339 277
171 452
206 434
152 424
571 544
249 69
618 142
246 197
361 415
590 228
360 121
623 298
313 284
383 303
506 241
431 120
628 487
566 347
533 228
586 323
693 463
195 514
15 376
501 283
199 132
623 255
692 210
3 546
34 70
273 46
420 323
677 304
60 434
257 504
203 188
382 453
549 247
483 50
489 460
286 209
622 443
607 36
219 394
314 324
191 169
461 17
665 242
175 417
624 350
283 276
325 316
61 235
19 190
321 401
498 275
393 325
26 76
660 231
79 150
530 475
589 521
163 541
13 334
178 200
572 479
573 384
252 272
16 78
652 44
55 285
353 421
447 415
658 4
695 178
354 12
432 226
44 2
4 468
18 386
37 164
301 40
377 114
511 99
332 448
115 449
685 87
566 452
642 456
178 537
7 319
67 138
361 203
483 333
485 293
498 75
369 443
497 118
391 354
508 187
260 462
442 490
506 177
36 19
190 37
280 456
671 507
101 283
474 117
66 171
239 230
224 249
66 236
246 292
126 367
355 403
11 157
139 387
574 285
281 505
615 54
389 511
420 344
128 89
580 352
234 66
588 469
300 103
680 506
577 181
288 209
518 107
331 27
366 512
562 452
10 540
587 68
272 363
685 295
402 312
82 434
285 517
394 51
20 295
573 64
31 225
641 120
260 321
85 552
668 166
690 227
369 502
471 191
433 547
593 226
456 294
75 368
337 237
299 122
5 517
596 452
469 364
682 357
42 519
496 227
436 250
5 327
168 485
152 48
30 72
323 200
562 2
350 509
555 392
39 72
35 296
390 282
1 510
603 375
280 387
494 551
563 29
97 287
584 383
102 359
29 190
699 157
466 273
96 324
362 210
493 55
576 350
226 4
242 78
371 462
349 428
89 205
387 384
602 152
324 422
175 229
136 180
212 453
683 146
108 100
666 36
554 490
186 39
476 349
151 279
438 157
517 104
256 19
512 242
226 482
511 448
169 43
162 304
315 233
558 198
338 146
79 438
239 220
112 207
459 461
17 412
431 235
240 136
566 512
456 502
504 347
196 329
443 426
432 551
53 305
437 401
47 537
116 427
352 528
112 58
684 35
473 181
21 183
677 435
11 391
455 30
99 519
88 361
210 239
57 369
163 119
73 52
7 127
295 395
139 141
27 402
607 398
427 220
412 52
171 72
151 386
576 531
457 3
617 126
355 421
356 464
194 235
81 83
48 1
342 436
660 493
148 430
452 223
507 260
649 210
373 487
374 135
449 61
564 486
408 439
154 71
279 309
24 392
322 285
285 272
325 135
475 23
443 303
579 360
1 77
165 195
206 76
604 127
538 520
472 162
268 111
382 140
397 104
690 75
34 49
514 243
475 149
313 7
20 25
65 70
84 119
256 541
554 117
491 344
33 268
402 529
109 374
690 360
83 319
403 238
209 320
608 429
486 74
285 207
207 236
100 19
249 540
284 302
249 467
213 477
120 248
22 245
557 540
404 464
452 419
90 347
409 443
380 142
393 235
546 372
506 247
543 405
574 339
106 257
304 547
70 45
404 59
140 148
489 431
124 4
690 254
303 72
348 97
590 367
649 474
382 477
691 131
190 389
465 440
335 46
176 347
15 257
295 435
505 116
533 268
379 231
295 496
428 238
66 5
658 160
336 58
152 195
520 308
531 365
602 265
508 542
349 26
171 62
630 272
108 494
319 321
21 233
345 256
237 417
497 541
473 5
219 220
58 425
345 290
275 546
380 133
282 6
262 315
410 241
624 62
75 394
458 220
279 320
685 241
613 477
264 153
415 64
234 173
257 118
669 513
598 69
22 535
693 221
497 203
53 75
159 2
660 72
7 221
196 405
212 509
691 304
652 64
497 178
455 204
612 104
218 345
286 390
568 241
401 409
553 338
444 86
598 194
473 26
70 93
146 395
116 287
262 543
484 355
213 474
200 247
186 339
496 544
171 167
677 318
543 4
9 492
451 309
100 8
447 320
397 213
474 246
545 360
567 36
111 474
369 292
637 259
627 243
496 343
498 2
385 475
298 340
13 527
547 538
231 463
471 352
145 333
17 54
592 541
345 132
406 229
689 83
352 215
599 472
340 311
267 495
134 507
235 368
477 387
259 152
371 536
3 113
330 539
283 332
389 166
683 207
340 260
471 501
130 425
93 422
668 277
530 30
418 148
609 145
262 205
168 425
528 431
653 233
415 20
382 120
419 116
572 182
526 337
143 341
94 209
77 529
477 8
535 45
507 465
235 498
503 62
516 482
33 1
177 406
625 343
95 167
355 52
188 487
159 160
506 78
158 534
561 151
341 8
417 190
2 450
636 527
170 56
104 415
687 126
283 416
345 371
39 202
132 309
275 306
264 372
393 487
278 99
208 136
329 453
55 39
679 300
48 26
513 227
