10
90 89
12 59
13 66
13 68
14 80
2 9
13 69
3 17
15 82
7 38
10 57
1 6
16 84
6 34
9 48
16 85
17 90
13 71
3 22
16 86
14 75
9 51
17 88
7 40
12 62
14 72
6 31
10 55
6 29
3 21
1 2
1 4
5 28
15 83
3 19
7 44
1 8
12 60
2 13
1 3
7 43
3 20
4 24
7 39
17 89
2 12
2 11
1 5
2 14
8 45
9 49
9 53
14 77
17 87
13 67
7 41
1 7
8 46
6 35
3 23
9 47
9 50
6 34
14 79
14 73
12 61
6 33
9 52
14 78
6 30
13 65
15 81
9 54
5 25
3 15
11 58
10 56
7 42
14 74
7 37
6 36
13 71
13 64
3 18
14 76
5 27
5 26
13 63
3 16
2 10
90 89
10 53
8 44
11 55
8 46
6 31
6 26
15 75
3 14
7 33
15 77
9 49
15 73
17 83
14 68
10 52
2 6
12 62
11 58
8 48
10 51
17 90
17 87
16 82
4 20
7 34
5 23
3 8
6 32
12 61
7 41
13 64
11 57
7 36
11 54
4 19
17 89
17 86
3 11
7 42
8 43
11 59
7 39
17 84
12 60
3 13
17 88
3 16
3 15
3 12
11 59
1 4
5 22
8 45
15 76
7 35
2 5
5 21
6 24
13 63
17 85
6 27
7 37
15 74
7 38
6 25
13 65
13 66
15 79
6 29
3 17
6 30
16 80
14 69
15 78
16 81
11 56
8 47
2 7
14 71
15 72
9 50
1 3
6 28
3 9
3 10
14 70
4 18
7 40
13 67
90 89
3 16
3 17
16 89
2 10
12 61
11 52
13 72
13 68
16 86
8 37
13 73
11 50
8 34
10 42
10 44
4 18
15 81
2 8
12 60
11 58
12 65
2 9
15 80
10 41
5 22
3 13
8 32
4 19
7 28
10 43
12 62
13 70
11 56
13 67
15 82
3 12
8 30
10 46
11 55
12 59
6 23
6 24
16 90
7 27
4 20
11 54
14 77
14 79
11 57
14 75
10 47
1 3
15 84
16 85
8 35
10 48
3 15
12 63
8 33
12 66
8 38
14 76
13 71
14 78
13 69
1 4
10 45
6 25
6 26
9 39
10 49
8 31
5 21
1 7
11 51
14 74
1 5
1 6
15 83
2 11
8 36
16 88
11 53
10 40
12 64
11 53
3 14
8 29
16 87
90 89
10 44
9 43
13 67
1 9
7 36
8 41
1 6
7 30
1 11
15 72
7 35
13 66
3 14
8 42
11 52
16 88
8 40
8 38
7 28
4 21
16 82
15 78
15 77
6 26
3 18
5 23
7 31
12 58
10 47
7 29
15 81
1 3
1 5
12 54
2 12
13 65
11 51
8 37
3 19
7 32
10 48
16 84
15 74
10 45
13 62
13 70
15 75
11 50
15 80
15 76
4 20
13 63
16 90
3 16
16 89
12 56
15 79
14 71
7 34
13 61
13 68
10 46
12 53
12 60
12 59
13 64
1 7
12 57
7 33
1 8
6 24
12 55
16 83
7 27
3 15
3 13
1 4
10 49
15 73
5 22
16 85
8 39
13 69
3 17
6 25
16 87
16 86
1 10
3 16
90 70
76 62
89 88
4 68
85 22
70 10
57 3
41 9
41 79
11 36
24 44
74 79
88 68
48 4
32 8
29 63
29 16
21 33
71 72
9 14
69 88
12 8
77 79
88 31
59 4
4 39
14 44
89 16
1 60
75 60
58 32
53 90
51 21
67 50
78 68
38 64
2 76
48 73
61 51
5 65
61 74
63 67
10 54
3 55
82 36
43 41
45 22
23 1
74 37
59 45
59 52
5 82
2 66
85 1
64 81
69 90
53 60
34 57
51 10
5 57
56 53
48 29
32 89
33 84
39 65
64 13
82 46
46 19
17 42
52 67
78 55
90 70
54 56
78 14
87 42
57 27
64 39
32 34
32 78
69 56
15 81
42 25
72 69
26 21
79 79
20 90
65 58
29 31
28 8
70 60
52 34
83 73
33 81
57 47
61 60
11 58
44 28
16 86
56 40
71 51
79 67
80 41
86 38
90 29
48 84
36 34
63 26
47 42
47 56
60 81
10 17
69 62
68 85
24 25
82 81
87 46
89 14
24 40
23 72
70 81
66 59
19 37
73 59
83 13
18 90
67 89
28 30
34 55
64 5
45 18
19 49
28 60
70 70
50 41
29 7
90 71
16 83
25 10
81 50
4 15
28 60
79 67
90 70
11 89
63 22
69 77
5 78
81 72
57 39
22 51
64 82
85 8
51 42
71 24
87 2
37 81
77 59
84 47
76 4
87 25
30 79
78 2
17 24
39 43
47 2
2 67
43 35
18 55
9 10
28 56
37 5
59 1
56 28
88 27
31 78
52 27
33 44
66 87
39 14
34 82
73 36
38 45
73 10
11 65
14 20
13 47
5 45
17 22
36 78
89 86
23 27
44 34
63 71
90 27
19 5
18 15
86 49
72 11
76 14
83 62
22 18
79 23
58 32
84 38
54 79
65 5
77 47
27 54
17 53
55 4
6 10
52 43
90 16
90 89
17 76
11 55
18 88
10 51
2 12
15 73
15 68
11 53
13 61
7 34
17 78
7 38
13 64
15 71
3 16
15 69
4 20
4 24
18 82
4 22
16 75
10 50
5 28
11 56
2 7
2 11
2 5
14 66
7 40
4 25
6 33
5 32
9 45
13 58
7 37
3 14
10 49
17 81
18 85
3 13
15 72
5 27
15 74
3 17
17 77
17 80
13 63
8 43
5 30
7 42
4 23
4 18
10 52
5 31
2 10
15 70
18 87
19 90
18 83
14 67
13 65
7 36
7 35
7 39
13 59
9 44
4 19
3 15
19 89
13 60
2 9
18 86
10 47
5 29
4 21
2 6
18 84
1 3
9 44
17 79
13 62
1 4
12 57
11 54
4 26
10 46
7 41
2 8
10 48
90 70
46 79
10 32
78 27
39 10
39 41
81 29
25 38
89 74
82 68
12 17
43 83
69 31
15 27
14 82
4 24
26 53
89 33
30 87
84 41
21 3
61 78
8 61
89 61
52 71
23 17
24 77
11 16
77 15
15 23
38 8
3 81
71 49
29 65
68 64
9 23
38 78
8 38
67 28
67 14
24 20
71 61
16 11
53 29
23 65
60 73
3 6
54 74
1 35
8 51
29 28
89 48
68 75
20 48
28 8
34 2
23 57
60 85
27 6
79 46
32 50
24 71
90 17
48 38
50 29
68 71
67 55
51 2
67 37
27 55
8 5
90 70
13 66
66 33
74 46
49 13
52 26
5 8
10 61
75 47
69 85
30 79
26 79
52 42
30 41
34 52
16 44
51 7
50 35
63 35
55 46
80 38
31 57
87 42
50 21
28 3
71 31
9 14
81 38
16 59
44 5
71 65
3 16
61 42
14 55
86 4
27 68
42 9
16 23
66 9
66 19
21 24
12 15
39 33
24 83
82 73
73 16
59 20
83 68
49 45
48 47
80 7
23 85
68 78
35 9
12 83
47 76
25 34
47 60
27 11
47 38
2 18
65 78
56 9
61 19
40 28
21 85
53 87
24 77
82 57
28 51
17 35
