3119216746 2412496532
3931352601 1495923606
2552602825 26313293
2213446826 3745457912
4188234190 4119067789
2841381042 728322180
2270545070 1361173914
3386551741 3012213090
318260028 1096517083
1416695198 2467059067
2507160589 1451902384
133024446 1023210396
3988278624 738742523
84836057 4149187129
3347377057 2807460976
1443301765 2052069331
1471137817 283741067
1781636238 59622745
3896880493 3614324154
2798086528 1215130632
2450837735 3952394013
33621616 3642544339
1232451556 2406532855
3133462892 3820123330
3016786978 4610458
1945429304 1125932795
960819358 1451187210
3745498613 4012277663
3081422617 2053364609
3803006874 4203098024
1444645855 3297467492
2883762291 3019150083
2600704392 716872645
286285812 2138306060
3299572614 2778192306
3551366143 2855046596
622143077 3656881677
10241055 2289323525
2121172045 1314734589
416635803 1409829802
2973645017 1777198359
2684616295 2414127516
3242597637 2990782825
1983404003 2474385134
3339189907 1372620577
3228043621 4270866750
4193040600 2502086816
764332632 1707002314
1930811784 1757759458
3588108030 613696257
2474649405 2720192799
1717081321 1527320912
3400731810 659831278
2113167455 420511638
2329827264 656547132
3175249372 3598726430
537460885 2659649387
553846261 3605271550
3288764489 497513351
1900080205 3447810804
894492385 1105917333
3812960011 284204817
1457794343 1492641428
3599721184 2123220466
3969716981 3623258548
3427505336 1635946309
1360827212 1936840342
2145777066 1193685890
580491787 849002559
1951091416 1413576762
2347945944 3042235274
3786685914 871776007
3118115734 1991294169
1487920295 1452041765
4099283299 4230218260
2567235239 3310405237
773620661 560402810
1502667018 236291151
3268309788 2163482187
2207296315 2375838916
3662096290 1848888895
1544916255 1819398941
3283037205 320819313
875556673 575648355
1976167240 4107523189
944539360 733457644
1698394718 1798768609
602970763 1946872984
3155975965 102848837
2514024148 2399930239
3612389043 3031850543
3295501889 2065402784
4250423391 1903607163
3925532148 2880535624
3964886375 83938298
3759611845 1799886999
3395062955 879035623
3821576561 4100991158
1520139113 3857665988
1577159181 4244852289
315259418 846399954
3516616554 940087498
2912219621 111005427
2898069483 1955247953
2915639846 971359842
1315000097 3465507299
2308276988 2730517675
1288808409 3923492409
3412147273 3484789938
3570805669 414365207
2342923502 237186493
367857133 1599974413
895365931 2659241514
672745789 835229424
1288723632 1792375609
1267386608 1969434676
1083509355 3803796308
1463804070 1909202720
1559808294 1201561427
2458703733 717066196
3614436639 2629911936
3315892288 2681656223
964171523 2133946376
1462188054 4220837929
4216821478 268354646
1334525637 1749448970
1518357965 2346613852
963698751 1614447147
3016719770 1320770386
3723434166 1766494373
1942107163 1811598435
2003871889 2744451180
2456558585 804093147
1582581062 3156320181
16789121 381378691
437494391 2416516529
950078352 3036356492
3708422297 3173405898
4205611255 3577392871
2360819286 694977940
1482972363 3794863735
4175746276 4123958195
2914804972 3198884613
817396581 2189403692
1052965838 2382651482
1700570017 3699690723
3109982827 229816245
3156962938 1707988922
2821540669 2188057105
3275423546 206435373
1458793940 326099843
4283311119 1771819175
3784703055 513491675
2331742395 2635799509
186589652 3788745062
2798507187 3333597423
1364357310 125087204
3291750025 3184299542
637604581 1325758378
614880285 798414932
4249362068 524190276
1550631002 1436255256
2085769932 725354204
4120411560 1087707194
153063509 1645009950
533472376 1881330286
2127868486 1398349768
1425346081 3545868593
3555948396 3284994232
3034595557 2053662392
2036327625 2761894104
1505734464 2791303677
2974069801 3164258852
2301627047 3530202302
716494761 23599359
1963519294 1291412216
3327223000 840089273
1432755926 4050723183
2824010801 1019323213
3932156922 2987296351
863471774 2782385452
1979559600 4263984098
1777854739 2547695518
587331893 3344005680
4217748502 1855273859
226097177 1524460355
2625039868 48173902
2727452695 3093925640
1128268919 2380353889
2437868727 4025063046
1390189429 1940910582
2280821466 1486832124
1192822834 4217003162
1634253094 1317746821
3795306791 2574530355
700308442 808993923
1362552612 3476511866
432736295 648754386
3345082384 3616673557
1535171201 1718443739
1220979120 4037018217
1994246394 3688230211
1304192260 1400720372
296429957 3300812279
1309874174 1984329838
1339858804 3205833746
2014487710 71331084
1818904207 906275691
2279756184 1438790637
3054044219 4259007440
3798150416 533709510
2310391747 312183944
1205503443 1471980307
3482035916 2282661433
3450087052 32463359
4258504742 1263659209
1289640030 1563647674
2952990774 771943481
3900930298 458744498
2542388115 2749721284
2732333917 4178760734
244193759 3015465907
4126507064 3638624744
109516661 100295063
71654901 3601273673
2326699798 2186468815
3237827396 896986858
178536171 3502670661
4054238793 2232396039
3872708811 3219419028
1131126464 2379101565
1830241190 3858817250
4042497797 413889272
1459300797 827814864
4009588965 3501731406
4070968779 2823647987
1569970694 2496532351
2925568563 3054545012
1957065810 3748555513
1430477803 2466424320
355722428 722959174
590778450 1850370008
3894059603 1477793353
2164139548 2462991683
2867166013 3955725751
1363691688 2552256476
2122974644 3871043286
2891941301 3378469306
1049290000 2671426670
3286119395 495726959
613029586 791242845
80164745 1282269392
2603156694 3515905967
3664016028 62148163
496170215 2081586958
890919839 601833147
659704515 3773479726
3015074809 1876612371
2753395384 301231311
2524095185 1670231858
1138494249 167576203
1250362324 1394619346
49286128 2648890621
2544541000 1202540680
3269554185 2406783150
2827736989 4229906872
1031519886 2164558447
2648467504 1148446258
2327554161 2856538017
2502289142 1982582302
1180622357 2366353920
1997388181 919473972
2051210637 1777217651
3774255957 3400869392
3134477125 2272643408
1603443897 3837352265
2197185923 797564923
1605047651 2555152373
213979357 4017614176
3738410918 416978027
707405639 2808748771
2439358913 401346923
510661481 2658126937
209415326 499869144
3151375846 1906442606
3554328010 4191231385
1806826554 2264982035
4259419475 4289155728
3909154591 2843216068
2205708681 3555065524
539124504 666869565
3206631173 2616188588
3199349020 616173325
1630544961 1948963443
4130896652 3744407826
233552937 1520440150
361246207 4026530011
2935024004 3232678185
687133256 1557576768
2212395720 3185895859
3006818035 2446967295
45132133 3074175036
2385603441 1418985130
366604254 1088534550
459291501 980667602
4065638069 676880309
36827447 2846870983
4280286593 10176100
3601068610 3908510760
938877590 276998150
221804305 695512267
1309759247 642330821
1794563603 664250988
1304891693 2545416131
2936586342 592680316
1177417494 2794887808
2606615200 3498476569
898693362 2126245690
2832719467 769491312
1006320685 133927512
691088691 1191634970
743637248 4290714610
2113871176 248766069
3747763736 558587968
913964940 2314079604
883743813 3772548820
853682344 78986593
2861955257 412928322
2521597082 247301171
1864133185 2292940537
1055762050 3158714255
2820023767 3807152341
1023004160 4042857557
3519202431 875200842
1780586250 2499632384
724586777 1500444608
234134723 1372921234
153601315 1231956269
3927765111 1270620332
2951433857 4257576785
830604953 576837395
3993928109 1140129639
3151927724 336921673
1308418125 242384430
346065387 316133442
1337297556 112269463
951027328 3590658798
2473600973 731216165
1734964022 3907154875
2200399481 552867651
1513526313 854338811
2359548092 1844871368
1951676142 22778799
1663380159 1664897486
24483846 3273101983
3435155350 1075942625
3789570629 2415451595
1044477803 3926034581
3983420317 2915361837
782739192 1274320659
4154044240 28728532
587116052 655551202
3135449780 1214753797
3806294013 4027765030
562803648 4119816541
640395378 3530519858
2266929151 4220214149
2638099177 754554420
2650551248 1718533850
3561480379 1789088418
2822581536 2784586445
2118617437 37425876
1700349720 3057094625
126428235 808559973
4064854752 2605633931
3745281895 1721173752
759872938 13167383
2058768507 3696702690
634094433 4068510237
2789750009 3951088639
3221829945 993427211
3854448369 2652484516
1294247328 2700713331
754541263 3499800706
2390666258 908327162
2128825982 416900646
70583904 792408609
3716411125 3718385850
1702108950 2435040360
2042415309 1110161888
3228511141 2919224095
1052409610 3736858689
3512186625 1379853115
362243278 186693150
4240580497 1375898290
4214981797 428501599
2067225198 1467950078
3744282642 505098431
2458373704 2386691138
1958524563 2623003346
3633033548 1810612385
1224427941 2169342761
2156493148 1162100020
2658827542 1142465404
4102132332 169077529
578570081 4095495823
1603791102 3428295260
3606908752 2585537571
2246592209 1244726800
4284653354 3645211907
3191395077 2694918875
3333528759 2372189102
3262077052 94640897
2420090469 1763142069
1318021033 3891281537
2979582572 1121787420
1010177539 1641185571
2546085946 1624723585
2269415317 94824656
1661617409 732599989
2040658366 548371096
3866205651 1800742546
1659226299 3618362563
3464397132 1138772753
3244863877 3322955749
1792305402 3553519724
1535970171 2200598511
3026287053 2171313862
3811376775 4204174575
2984678939 1636149569
3137779041 857705404
1066473659 2701919479
847194309 3849635112
2578782548 2408510637
1232496678 1896716187
1193489108 2327330524
3215200950 2788492842
468913766 2507979724
3548049007 658157354
1842265665 367087278
603889441 1166402949
3594651979 1741229384
3134468907 2840037357
1043800522 2744480389
670657678 1167720302
951722202 2699022085
3218581221 399251108
1115479417 134692023
1469602869 2044373089
861787629 3385653186
916136183 3062365233
2455584800 548027709
2159151980 1658787559
651511209 76416118
1066465966 2142349149
4251667259 3179613027
41578573 1574245080
1099598521 26363620
3947746508 2510355125
3688006686 4013186572
4284034880 3622584395
3145078203 3714723505
557594456 143314170
4239594971 3987265661
2181756151 4237055762
2076824651 1433343629
1805086597 3868209759
655099020 410618600
4025915110 2050788385
1152233634 2531340252
2589831450 2616961073
278645119 538625582
1221853924 1975217355
1417571183 2914622943
1823770757 1300301427
3111450447 1775007862
2909760899 964741093
2892283688 4258196597
343987130 984596272
3047174563 4183709473
3667894076 2621658336
180648143 3044105044
2347452172 203049
2128199501 3547026471
2997707747 2948168957
832613142 3593108154
2720811137 951036590
4150619030 2821745307
401485238 2229727652
3019962386 2422481078
1422882474 3183664090
1599258188 1554846018
2765402006 3783803024
779693932 3328209309
2080735896 1788110560
2633108450 3525549740
3007624902 3259532181
2708987354 901332405
3323859159 1591207176
1623702674 1148869896
