91 9
7 16 5 8 12 11 11 6 9 11 12 6 6 18 14 9 11 9 10 5 9 13 10 11 13 16 10 12 11 13 13 10 8 13 12 9 9 14 8 7 9 9 13 9 3 8 4 10 16 7 12 7 13 8 16 9 7 7 5 11 12 9 8 6 11 9 9 12 9 4 7 5 5 11 5 4 5 9 3 9 4 8 8 4 6 7 5 10 9 3 3
38 40 814
32 60 45
1 71 677
42 76 126
19 43 303
35 86 206
26 49 508
59 22 232
23 11 595
42 7 764
70 51 107
8 15 190
57 32 613
61 62 271
44 8 5
80 76 501
1 17 28
26 33 188
71 90 521
4 3 101
22 19 78
14 58 992
9 7 537
3 1 223
48 17 463
74 46 203
91 43 394
13 39 348
82 1 827
18 25 910
41 27 865
72 71 946
13 7 188
47 15 287
80 83 330
38 88 345
12 69 20
46 28 927
36 50 37
4 61 725
12 10 561
36 12 466
1 2 479
28 10 906
8 54 129
53 89 570
8 6 336
31 37 455
4 11 792
55 1 826
14 31 973
35 21 491
53 32 786
68 50 227
87 68 634
12 26 753
73 55 167
41 56 149
78 54 13
23 52 437
8 81 740
18 66 574
33 77 856
14 21 343
1 27 161
29 2 434
8 18 88
10 4 656
15 64 122
19 51 672
63 34 722
79 70 108
6 24 392
23 45 25
5 6 30
32 13 961
22 38 883
1 5 958
64 67 118
65 12 670
2 19 163
1 16 634
56 85 931
75 16 610
27 34 376
30 22 320
14 5 867
19 20 761
7 1 766
84 32 982
