98 2
1 1 1 1 3 4 3 1 1 2 2 2 4 2 1 4 1 3 2 1 1 2 3 2 2 2 3 3 1 2 2 0 0 4 3 2 1 3 1 0 3 0 3 4 3 1 1 1 4 4 1 4 2 1 2 1 2 4 3 1 3 3 0 3 0 2 3 3 1 3 4 1 4 0 1 2 3 2 3 1 4 2 1 2 0 0 2 3 3 0 6 2 2 1 1 1 1 1
16 19 64
10 7 415
88 91 122
92 95 738
90 93 9
14 11 84
59 56 782
47 44 928
94 91 384
15 18 904
67 70 757
39 36 741
51 48 339
30 27 366
75 78 835
46 43 70
26 23 830
8 11 898
71 74 819
25 22 550
19 22 231
3 98 734
88 85 746
38 41 8
31 28 656
23 20 731
44 41 66
57 54 452
4 7 78
58 61 488
25 28 570
75 72 347
17 14 219
24 21 699
89 86 152
65 68 292
98 95 674
56 53 71
63 60 440
30 33 387
24 27 773
96 1 85
83 80 838
87 84 910
3 6 146
13 10 774
78 81 431
55 52 758
71 68 637
73 76 42
69 72 787
97 2 290
5 2 335
94 97 319
32 29 904
42 45 341
50 53 183
57 60 59
40 37 924
96 93 501
35 32 477
17 20 92
84 81 281
21 18 981
34 37 401
80 77 443
64 67 229
85 82 283
29 26 235
92 89 40
61 64 636
55 58 213
8 5 436
16 13 395
9 12 647
43 40 564
73 70 406
66 69 873
66 63 455
48 45 218
49 52 145
79 82 144
77 74 41
79 76 266
59 62 132
34 31 327
49 46 410
51 54 111
47 50 970
35 38 234
6 9 63
39 42 975
86 83 751
33 36 104
87 90 735
15 12 750
62 65 101
