100 10
5 12 8 8 15 12 12 15 11 14 11 16 14 8 13 13 11 15 15 14 13 8 9 8 16 15 7 16 12 15 14 7 9 10 11 16 12 16 15 11 13 11 12 5 14 10 6 11 9 10 7 6 14 11 11 9 10 17 9 9 9 13 10 10 11 13 6 8 10 11 9 4 6 8 3 9 7 12 7 11 9 9 7 6 6 5 5 12 7 4 3 2 10 11 11 5 6 6 7 6
35 32 354
67 70 77
2 5 789
39 42 985
17 14 913
77 80 415
84 81 371
50 53 469
29 26 710
28 31 780
25 28 53
16 19 276
6 3 208
63 66 51
34 37 139
13 16 357
4 7 126
71 68 568
58 61 17
24 21 365
54 51 4
51 48 388
57 60 481
73 70 344
94 91 984
77 74 775
38 35 131
47 44 724
47 50 382
91 88 506
22 25 713
34 31 444
85 88 570
5 8 346
27 24 184
92 89 808
58 55 953
96 93 552
6 9 254
81 78 669
55 52 841
18 21 821
14 11 111
41 44 83
75 78 141
97 94 742
92 95 385
15 18 434
86 83 693
66 69 204
64 61 875
85 82 222
41 38 466
71 74 456
46 49 937
1 98 204
2 99 781
83 80 289
40 43 628
30 27 5
90 93 162
32 29 421
62 59 370
75 72 957
26 23 481
79 76 327
53 56 381
79 82 876
36 33 772
72 69 504
10 13 301
100 3 414
64 67 706
84 87 525
87 90 332
57 54 78
12 15 639
96 99 332
9 12 641
22 19 880
20 17 133
56 59 315
23 20 522
36 39 476
45 42 320
95 98 957
65 62 822
7 10 218
89 86 837
30 33 81
49 52 778
68 65 54
63 60 48
40 37 165
100 97 143
43 46 179
73 76 57
45 48 263
8 11 1
