100 10
9 9 8 8 16 13 6 17 18 9 9 8 16 14 11 12 10 8 8 13 10 12 11 9 7 11 17 10 9 16 19 15 16 6 16 9 7 11 6 9 17 11 6 12 7 8 8 9 11 11 9 8 15 10 11 13 7 7 10 10 8 6 11 15 6 7 10 9 6 7 9 5 10 6 14 7 10 5 10 12 6 11 8 7 11 9 9 8 10 8 6 18 7 10 7 7 13 9 6 9
3 11 929
21 22 25
60 53 263
89 29 335
61 62 80
69 17 639
81 45 470
70 20 721
36 6 240
32 19 332
12 4 876
43 26 80
6 16 936
36 63 655
58 33 425
64 51 256
41 82 990
88 4 355
17 8 676
79 37 519
46 6 859
2 76 844
20 65 311
50 18 262
6 24 474
5 2 544
38 54 951
20 39 232
10 13 214
73 70 969
40 36 411
7 33 171
31 5 736
51 24 652
6 1 147
31 45 120
21 4 956
2 4 167
3 97 778
15 28 60
30 34 157
42 100 444
13 20 179
32 41 814
53 28 697
1 2 492
20 26 439
38 36 858
9 10 937
47 27 304
22 25 657
12 57 547
50 55 701
83 18 22
5 8 767
22 87 626
52 32 642
19 1 32
68 85 530
23 98 453
16 23 856
18 67 728
72 5 727
6 7 502
19 84 696
11 74 4
29 26 398
27 42 608
40 48 166
35 19 327
95 89 427
3 1 671
14 10 889
18 6 115
47 99 728
87 96 33
49 18 109
55 56 405
37 5 25
71 12 70
12 15 960
27 23 604
9 1 220
92 50 540
61 15 413
53 91 351
94 6 972
11 90 859
30 23 8
59 46 539
86 63 534
27 68 182
70 93 854
77 70 9
58 78 794
59 66 445
14 44 328
80 54 648
75 65 587
