92 2
2 2 7 1 4 3 0 2 0 3 2 1 4 1 1 1 1 2 0 1 2 4 0 3 1 3 1 2 1 4 3 3 0 1 2 3 2 1 4 0 1 1 0 2 1 0 1 1 4 3 3 0 5 5 5 0 0 1 0 1 2 1 3 2 4 2 3 0 3 2 0 2 5 1 3 1 5 0 5 3 1 3 0 4 0 2 5 1 1 0 3 5
50 28 365
50 11 138
50 83 535
50 70 748
50 87 673
50 61 240
10 50 518
50 16 583
68 50 757
31 50 607
50 24 702
38 50 186
50 17 734
50 92 969
4 50 643
50 52 474
50 60 969
50 46 943
50 71 814
50 20 730
42 50 843
57 50 160
50 76 763
77 50 187
50 6 531
50 37 70
50 12 638
50 43 964
72 50 573
21 50 529
50 41 684
50 8 850
9 50 101
13 50 620
63 50 893
50 85 541
26 50 713
44 50 891
80 50 151
48 50 914
19 50 422
66 50 545
54 50 924
23 50 338
50 59 533
3 50 501
35 50 208
25 50 497
22 50 455
15 50 54
7 50 8
50 33 973
50 34 285
50 84 709
50 2 387
75 50 71
50 67 105
50 39 632
82 50 550
50 79 413
65 50 230
50 14 963
50 69 123
45 50 482
50 53 467
47 50 600
50 51 487
50 55 284
50 49 43
36 50 779
30 50 723
74 50 687
18 50 396
50 27 619
29 50 180
58 50 854
50 81 433
5 50 89
50 89 223
50 91 497
50 90 952
50 40 391
56 50 906
50 1 264
73 50 290
50 64 579
50 62 546
50 86 901
50 78 882
50 88 255
32 50 285
