94 10
6 12 9 7 11 9 10 10 2 5 11 10 8 4 7 12 9 13 18 8 6 12 6 10 7 13 8 6 10 13 9 15 13 9 10 15 13 9 17 11 13 9 8 11 11 15 13 9 8 12 7 5 6 12 9 7 15 8 11 9 6 11 12 13 12 12 12 11 10 11 8 8 10 8 10 12 13 12 16 10 9 11 7 11 5 12 9 9 10 10 9 11 16 3
92 89 272
62 65 505
3 94 665
48 51 889
7 4 597
49 46 13
9 12 263
20 17 174
75 78 752
6 3 905
35 32 546
64 61 645
89 86 965
82 79 786
21 24 961
30 33 345
72 75 429
87 84 464
47 50 310
15 18 529
28 25 164
69 72 537
78 81 152
28 31 634
16 19 889
87 90 640
32 29 91
59 56 487
26 29 566
52 49 800
43 46 592
53 50 658
22 25 954
51 54 889
22 19 511
14 17 120
23 26 16
37 40 81
43 40 551
44 47 158
48 45 345
83 80 377
13 10 552
57 60 504
23 20 118
63 60 398
64 67 844
88 85 759
42 45 876
12 15 286
27 30 66
27 24 949
73 70 789
91 88 761
73 76 714
57 54 720
11 8 732
37 34 688
77 80 523
81 84 23
93 2 942
41 44 673
77 74 318
62 59 568
1 92 990
36 33 85
91 94 361
8 5 29
38 35 919
65 68 256
58 61 121
34 31 14
74 71 859
56 53 53
2 5 985
90 93 859
63 66 205
82 85 778
58 55 122
39 36 21
13 16 733
6 9 904
67 70 526
14 11 870
10 7 447
41 38 219
68 71 686
42 39 737
76 79 126
52 55 16
69 66 545
86 83 965
18 21 915
