91 2
2 1 1 1 1 2 2 2 3 4 5 5 1 0 3 3 4 3 2 4 0 0 2 2 2 4 3 2 2 3 2 2 1 2 3 2 2 2 3 2 1 2 3 2 1 3 0 0 3 3 1 1 0 1 2 1 0 0 1 4 2 0 1 1 3 2 1 3 4 1 0 4 2 3 4 2 3 7 0 4 0 3 2 1 1 3 0 1 2 2 1
27 38 844
5 12 183
86 14 952
8 46 589
5 30 655
1 15 979
19 40 817
29 34 689
9 22 805
60 52 374
35 81 714
61 59 872
79 26 987
85 24 902
55 82 144
7 1 130
1 23 360
64 80 815
19 41 270
4 18 949
6 2 446
32 15 289
50 29 308
4 43 993
23 67 329
3 1 727
34 83 943
64 84 206
57 6 919
4 45 191
35 90 760
55 88 462
25 11 715
32 73 681
26 17 256
27 8 200
20 33 706
3 4 499
2 1 666
8 21 597
89 1 151
41 51 304
63 47 674
25 58 20
37 13 543
87 21 965
5 1 608
17 36 320
42 48 864
16 17 809
8 4 767
56 40 803
52 29 212
38 54 936
11 8 910
40 70 794
65 5 580
27 28 197
29 5 579
24 16 532
42 71 765
19 10 117
10 74 436
35 42 495
30 66 143
29 44 133
64 11 807
47 26 303
69 76 440
11 55 810
73 77 806
43 59 801
78 38 317
11 62 877
35 18 32
4 14 479
8 53 874
27 91 578
75 3 69
13 16 198
21 72 412
3 10 618
20 7 686
68 42 562
31 30 456
9 7 184
35 39 490
27 69 456
49 18 42
13 1 694
