100 9
9 5 7 7 5 6 8 14 8 13 10 10 13 9 12 5 13 7 7 8 10 15 9 11 7 7 7 9 4 10 9 5 9 12 10 6 13 6 9 15 10 11 10 14 11 8 9 9 8 7 8 9 12 5 13 5 7 8 11 11 9 11 7 6 12 7 7 6 12 11 10 17 17 4 6 8 4 10 10 12 8 2 6 5 8 10 9 6 7 9 9 11 13 8 9 13 10 11 8 7
40 29 758
38 11 537
4 3 514
66 52 802
55 64 903
21 16 928
25 12 602
1 51 16
30 8 865
76 54 646
69 2 198
43 49 851
72 22 929
3 1 438
2 7 918
16 6 888
98 81 564
38 90 257
60 45 518
5 31 849
14 50 872
34 10 779
50 55 413
65 14 903
74 58 753
5 32 231
76 100 992
21 85 249
34 81 628
44 17 897
7 42 39
11 12 491
1 47 918
21 45 182
3 87 939
16 20 604
7 37 905
54 11 594
91 5 446
43 22 119
88 32 267
77 49 672
26 13 813
6 62 148
61 13 823
53 71 293
95 1 667
75 35 906
1 2 934
52 22 361
47 84 100
33 94 708
9 17 589
68 61 505
24 23 733
53 58 879
15 4 622
10 78 874
13 12 960
96 30 552
27 3 378
23 11 854
58 82 435
7 63 887
70 62 270
57 44 439
32 39 402
18 22 597
76 89 717
4 10 308
33 17 600
13 18 163
59 4 84
99 50 629
54 56 580
1 5 364
67 44 229
28 11 469
80 9 84
27 48 203
79 45 691
83 26 851
19 29 14
11 7 747
8 14 958
35 31 998
46 73 509
3 9 677
37 92 978
46 24 70
58 86 22
19 7 11
8 41 175
12 53 672
93 8 116
50 97 558
8 6 381
5 6 999
36 21 853
