100 10
8 10 7 18 11 8 14 8 13 14 13 11 7 18 12 13 12 9 11 8 12 8 11 11 13 14 12 11 13 5 3 16 13 15 8 9 8 8 13 14 10 13 8 10 11 11 10 6 7 5 12 9 9 8 8 16 12 9 11 12 22 9 11 11 11 13 9 9 10 9 9 7 4 10 10 8 8 6 14 5 12 8 6 12 6 13 7 8 7 5 8 9 11 7 10 3 9 6 7 12
36 91 211
36 16 996
36 15 64
24 36 796
60 36 582
36 1 928
36 20 384
50 36 34
100 36 357
58 36 127
36 92 934
88 36 962
66 36 564
36 61 975
56 36 905
36 42 504
79 36 794
23 36 496
97 36 787
74 36 893
78 36 451
36 33 567
82 36 108
36 83 572
41 36 852
21 36 975
22 36 293
36 27 55
95 36 443
28 36 282
57 36 560
2 36 273
36 62 120
36 55 456
77 36 44
69 36 268
18 36 205
36 39 54
44 36 898
19 36 151
38 36 813
36 76 764
70 36 252
36 11 833
96 36 596
52 36 972
64 36 423
37 36 979
36 80 929
10 36 513
36 54 134
36 89 314
36 26 923
36 45 77
36 29 871
65 36 936
85 36 88
36 12 632
75 36 318
36 34 47
36 7 856
87 36 2
5 36 939
36 93 81
36 99 427
36 40 945
36 25 611
84 36 787
36 32 540
98 36 971
36 6 502
8 36 604
36 68 976
81 36 278
36 14 406
35 36 736
67 36 276
36 51 663
36 13 446
36 43 739
36 9 167
36 53 456
72 36 3
4 36 626
30 36 803
36 86 259
48 36 976
36 31 216
36 46 863
36 17 431
90 36 457
47 36 191
73 36 606
3 36 267
36 94 710
71 36 682
49 36 495
63 36 706
59 36 181
