100 9
1 7 12 6 15 12 11 10 9 12 10 10 10 14 10 11 7 13 9 8 9 9 7 14 8 9 5 6 9 11 7 12 9 9 8 6 8 11 10 9 7 15 12 11 7 14 12 8 7 7 8 10 9 7 9 7 6 13 16 5 9 7 10 8 12 10 16 5 10 7 7 7 6 12 18 8 11 12 6 6 12 8 8 2 11 5 4 8 4 4 6 5 8 16 11 5 11 5 11 6
50 31 970
47 31 869
31 77 580
51 31 956
31 87 799
31 17 20
72 31 455
31 76 282
19 31 666
31 69 64
31 96 511
14 31 439
80 31 619
31 93 921
79 31 223
34 31 395
75 31 576
31 38 517
49 31 819
31 26 730
31 86 565
43 31 409
31 4 976
91 31 68
31 40 872
70 31 98
57 31 761
31 90 939
7 31 617
32 31 659
28 31 10
31 94 751
31 64 530
31 41 426
31 55 124
20 31 983
31 29 876
31 12 754
31 66 318
31 37 929
18 31 249
31 82 469
31 10 503
89 31 543
53 31 281
31 84 605
31 54 397
39 31 595
5 31 689
31 85 355
68 31 462
31 15 486
60 31 684
31 6 879
31 16 987
59 31 435
31 9 296
31 61 241
31 65 132
67 31 972
31 24 862
31 92 999
8 31 365
73 31 808
21 31 922
31 33 546
13 31 785
31 97 61
31 25 945
31 74 209
31 52 970
31 44 244
31 45 537
31 56 455
31 22 380
31 35 69
31 48 104
31 46 539
31 78 139
62 31 822
3 31 856
11 31 241
31 23 737
31 63 662
88 31 619
71 31 508
31 83 626
31 98 439
58 31 199
31 1 478
27 31 90
100 31 338
31 2 847
81 31 345
95 31 791
31 30 280
42 31 455
99 31 195
31 36 265
