1968
9709
4091
1129
1408
1684
7701
7482
604
3709
3651
7741
8947
7221
9030
2719
3127
841
9766
1762
3459
6133
4399
370
7506
7692
7438
2075
2366
7542
6895
3682
3476
1526
8107
3849
4984
4630
5541
7281
2852
4178
140
74
1673
5465
495
2647
8901
1685
3629
8663
8114
1291
3025
9599
9080
9651
3351
6522
2914
3589
4567
3811
9828
9782
3126
9904
6875
7341
5215
1433
1014
7359
801
1696
674
3713
1793
5999
3226
6416
7471
6552
1032
4730
2053
7392
1728
8742
8308
8902
104
9762
1369
6021
8811
9769
7597
3229
8070
7501
591
3309
5680
9120
2050
9537
1002
4151
8433
81
8424
3927
1926
7978
2212
1540
650
9979
9335
5161
5402
6024
8665
7644
139
6518
2087
8901
7073
5784
6983
7454
9987
3338
207
4799
8811
45
6089
3395
341
4006
4823
4806
4775
2963
2655
7092
4866
1114
5888
1969
630
4993
7743
2832
4361
4959
1180
5432
5224
8155
556
8112
9293
8094
2168
9765
2389
5661
5610
9573
4919
9362
3747
2547
1391
4515
3407
5286
4538
2236
5483
1787
3499
2837
9711
2038
6151
1048
8390
6554
9766
9949
2812
6569
6829
8204
7757
4321
4579
5033
8520
7338
4932
7785
7611
4836
8243
4595
8890
1736
4942
2374
4706
915
4557
5257
1389
581
6438
1321
2296
3270
1146
6750
6356
3170
5033
5501
4288
5223
6585
8522
3819
2787
534
962
9575
897
2534
5411
244
1777
8910
4971
8538
2405
7822
9094
8228
9918
5989
7770
8277
4669
609
3763
2609
6795
8865
6843
7809
9099
8128
3578
2544
6890
7442
8884
6048
3682
750
6884
6546
3925
3580
7382
5724
2808
1072
5689
4023
9883
3928
7566
6625
3146
3419
9928
9570
9510
3369
3606
1897
8650
6513
945
3544
6553
713
2539
5338
5301
6705
6228
9175
7744
2259
8074
1872
4871
5463
3582
7268
14
6269
1930
7344
107
307
8593
2615
6511
1860
4055
8132
6058
9086
6438
1231
9950
4416
1754
5321
5276
2370
34
5760
4514
7482
6314
519
9801
5078
3442
5881
9451
4559
9883
5700
4848
8230
6851
7824
402
4490
4246
6850
1612
6409
7063
9791
9921
1014
3828
2859
7330
1648
105
5934
5842
9666
3736
3996
2987
2788
8605
1511
721
7399
8884
2195
2607
836
742
4637
559
8439
5979
1247
3371
8886
2602
8544
9299
7384
3719
8033
6930
5027
3775
4607
3173
7503
2438
454
9831
4804
5538
3476
5076
2788
622
7003
2833
793
3154
173
675
6593
6113
2984
6598
3702
8488
4681
6792
7849
2541
4233
1380
3103
7406
9401
4033
378
5843
9838
5715
918
4024
1065
6612
4035
2904
6733
1737
7383
6826
3051
3575
2450
3366
1679
852
4908
8246
2768
5127
7583
1608
5559
8454
4594
2600
1258
2858
9148
5740
7277
2402
9240
7916
6724
504
7065
2057
5622
3371
2129
41
1633
73
7164
3185
6550
926
2003
5752
229
5138
1366
5378
9693
2382
9421
3446
2675
2632
6981
1076
1111
5141
5830
7132
1139
5255
4102
2799
6671
1616
5178
640
350
6500
2305
537
5279
3669
9194
7900
6196
7064
9896
1196
2916
855
6959
2277
7794
9599
5214
8122
2789
5489
6159
5615
3457
3854
6894
294
3740
9181
6641
1720
8290
5509
8621
4607
5380
5887
4068
5949
864
1400
7531
7406
6440
3930
4101
512
5097
2970
5807
7086
6902
9406
6366
6513
3787
1844
9491
8428
4765
2216
2735
7572
8377
8515
2106
4266
913
1493
9292
4926
5523
3166
2792
1075
330
6129
4056
4733
2741
5891
9387
4058
4248
4077
1874
2250
8982
556
7087
6883
5625
7033
5902
1688
7560
8021
8170
1400
8770
8891
2491
4995
4893
6268
8202
4058
1447
1512
1622
7017
941
3474
2384
5017
6589
3182
8969
5882
984
9689
5733
1187
7064
8624
3864
5875
5933
305
1936
3661
8147
7686
2482
376
4409
5317
9002
8692
4808
7920
3770
8740
5547
1565
6627
6510
1543
1158
2520
6573
971
249
7159
9472
2319
7236
1408
1489
1018
1543
2799
475
2589
4021
1543
7410
7058
9642
4606
3
2036
1250
8908
9498
2450
2712
6089
9996
9197
6470
6577
7680
5431
1788
5002
7462
8793
7447
1973
2482
6836
1846
2872
4074
4520
2045
3838
5908
6615
4185
9134
395
5073
6396
9374
3783
1002
787
5277
1383
9173
9885
1251
5954
9663
8991
4631
1243
3449
1140
6529
9131
2020
5304
2667
9086
4093
6044
5489
1672
5376
7843
3810
9288
6512
3067
3188
1052
150
4040
871
3607
6036
395
9285
7614
7833
1663
238
2716
5982
9766
7859
4792
9581
280
2192
2625
5015
4794
2303
4927
6775
5059
2720
5730
1657
8757
2678
8516
1244
3759
8762
8006
1720
2384
4837
3525
118
6203
2846
8122
2633
7140
3979
4874
3228
5830
8234
2131
9970
5277
8246
8481
8147
1239
7261
4699
4466
3875
816
3728
8732
6406
4275
5702
7605
7088
4751
9046
9539
9271
1471
6284
9287
4410
3266
1485
6184
5881
5752
7386
1655
4141
3408
1062
4521
3760
1978
4172
3782
4653
5705
4518
2363
9941
6933
3913
4306
690
987
8518
5671
7017
2168
4594
1950
3504
1676
8200
5746
8459
9448
7677
2822
624
9362
5149
6419
5067
5018
5921
131
8901
2455
675
5235
8056
9920
773
5235
9841
8686
3723
3241
3620
1909
7594
25
2355
1015
6854
741
91
869
669
7613
2386
9523
9278
6983
6593
1599
4440
9827
7728
3709
8349
2358
346
5314
2483
121
3732
358
2512
4774
820
774
5737
9653
7888
3738
390
4376
5959
4150
8149
9366
8149
10000
299
4149
4568
9008
9946
3645
7497
5118
5787
3135
5957
2615
1100
3842
4744
5688
5920
5670
7705
7921
8831
4647
9944
1421
2123
5657
5362
5211
465
6770
50
3179
8836
3671
1048
9501
7064
4511
7297
1826
9050
9464
331
1116
6889
6013
1544
3222
8772
5615
8213
2457
444
6445
1974
5734
110
5935
7197
859
7288
5263
3444
6981
335
3962
3100
5362
9092
5311
828
2570
8255
7727
9595
8392
1540
4739
7112
1304
6171
9944
5433
7357
3294
7914
4322
2945
9504
8017
3461
9998
8576
8408
7693
7925
8208
41
1560
2398
6417
8103
9520
7699
5105
2642
6400
3834
8210
708
3133
2415
8531
1621
8893
6854
8458
2683
8666
5884
2564
6694
3231
4137
1500
3094
5957
2780
1879
5797
6574
1921
8764
506
6344
5031
2857
5795
3079
3926
8503
4155
2997
1881
8319
3281
7293
3765
1563
7585
3506
4360
532
6525
3599
3522
2935
1826
9062
9249
2503
9153
1420
6409
3446
494
3831
6133
1702
9132
9954
4255
462
4966
9817
722
5759
8837
5220
9550
6563
980
8479
8875
7066
8678
5617
8207
5071
8818
4950
7130
6436
3177
6937
2481
5057
8396
5854
6132
2228
7612
235
8121
7098
8568
3317
7137
8788
5763
6600
2605
8769
571
8075
6800
9694
7112
9635
3372
2116
1958
5141
981
5545
829
1039
2784
5475
2350
2442
4238
1145
903
8962
8120
9097
3338
684
9050
7355
4784
6815
1275
3237
1951
2075
6828
9811
8017
8593
3879
326
138
7191
7776
9111
563
7801
4357
9660
3684
1104
9351
2552
9581
5066
4306
4616
8734
3959
5160
9963
7417
3590
9497
1970
2546
5389
803
5802
6732
6310
9356
109
1492
8585
6923
9338
825
2299
9371
6548
6448
6625
4396
1049
1207
436
5072
9342
5347
7205
6085
6259
6122
4336
9756
2177
7644
9572
710
8549
8289
9174
5239
405
8650
3329
7826
6821
7907
5365
7024
1955
9945
3929
8085
6585
1838
1198
9146
1365
5915
1861
5260
3916
6158
4629
9474
3203
6447
7584
6370
4247
332
3342
7496
1994
2418
6247
6581
9790
4894
8437
6038
3465
7955
6771
8988
734
9933
1428
6686
1950
6152
5412
6182
7260
1104
7990
8267
2091
2954
7111
3788
1140
4899
4479
6482
6961
2847
6730
6318
3689
5976
5700
607
3347
1822
8194
3805
7554
1360
2253
8870
6588
475
8434
953
9388
5542
9229
3230
7934
1322
1063
4893
7579
4343
4055
2219
3140
9312
9781
469
7415
1275
3436
8004
8520
5506
1345
8848
1389
3505
6041
1336
3906
5811
2178
6161
6364
5495
3332
111
8070
7784
2644
7955
8544
1043
6105
9541
5740
3298
4819
7730
3543
5861
8830
4279
7347
4043
6161
4396
2921
6046
3289
8379
4611
2652
5124
1683
9533
1314
2070
103
2529
3843
4985
744
3275
7516
2694
738
4637
2121
3954
837
9483
3876
5558
6794
4152
6708
8405
7770
9545
8308
660
1072
9365
4317
7416
4832
4394
3803
939
1676
9312
6935
34
3835
5016
8689
3133
9346
969
9424
1114
3430
849
9067
5945
1180
5610
3087
552
8663
5233
7885
8001
309
6200
5919
5679
4118
9323
9579
4037
2315
9755
806
9526
1639
1672
9847
4076
2178
9416
3214
4945
9051
9732
7650
2642
590
4839
6124
422
5841
3006
2647
6444
8963
7800
6890
5145
539
7354
1659
8171
5201
2138
98
1112
6561
3790
5268
7261
3491
932
5514
3912
3710
2763
2737
1675
2726
9101
5685
4786
5566
236
948
3791
7399
1834
2176
9874
5385
1472
6112
8458
3010
3258
7178
7226
8395
5095
3719
4414
2464
184
6119
4494
1767
3349
9571
5149
671
4052
4495
5494
9592
914
2419
2558
2622
4207
8282
437
4660
910
6949
8806
239
8246
4886
3182
4478
361
9692
214
8624
2672
8152
6747
8760
2664
6139
4910
2168
5338
2361
6938
7964
3768
3543
6113
5183
3443
2832
4389
7725
9485
2134
1705
1415
6503
7501
3696
6225
8447
6058
2256
3286
9560
8349
8006
8427
2652
7130
1790
9468
356
5540
2197
5267
317
6195
5707
7302
2518
9459
5786
6797
4101
6692
7229
8450
2351
6728
7917
8768
9936
6366
3892
3395
2273
7256
2414
8787
5772
4609
6229
2121
273
7015
3129
7302
9621
5908
5181
8547
9870
4371
5187
1661
3541
2132
8283
3754
3577
9051
7764
6147
9174
9578
9178
6025
4717
9392
8719
7239
5908
1907
2595
4028
3396
4396
6931
8796
233
6297
8188
7292
7063
2146
5020
6267
3269
4422
2858
9362
22
2631
2577
8082
6540
278
541
6852
9116
2080
3057
6922
8531
3414
6928
9974
1308
4288
6277
4037
726
3585
2953
6439
4193
3822
1218
735
4466
4581
933
6971
5871
3064
7036
8576
6159
9927
9710
8958
4893
2711
3998
9253
8714
5526
7579
2501
1536
751
5641
1014
7577
66
7079
211
3194
6493
9414
3843
5281
652
8196
3418
4779
3934
7107
8086
7721
8766
1668
2920
310
1040
289
5264
5964
640
1365
5971
1843
1845
9227
925
830
7644
4693
5090
3595
272
1605
7254
3928
2711
1996
6544
4139
5130
6291
7760
5704
5614
5639
1187
6609
2942
1752
7534
3566
2839
2838
7591
6520
6750
3905
3754
7195
5623
2435
8338
9476
322
4689
7682
2900
8188
5394
8511
9097
809
7470
6706
8304
1767
4363
5160
7888
5930
7483
9319
2681
4187
267
2185
6385
5728
8953
6747
4669
2678
753
4049
7420
2877
805
955
6684
9888
3503
1304
4801
5244
6082
4393
7869
8577
5926
4582
9192
1658
5910
7438
5687
7777
8747
9796
8611
3547
9296
744
8560
8390
7840
1149
2250
8443
231
2678
8150
8199
362
15
7794
6230
6721
9032
9027
7496
575
887
3774
487
2861
5022
7171
6673
6594
4751
362
1663
9624
6659
1288
676
7301
8201
4127
7942
4296
4874
4158
1637
472
9896
2926
3914
9970
9619
7387
7072
8400
2690
377
8332
9242
2022
6274
5281
7377
9686
7722
2467
5264
6476
8841
7417
336
3060
7663
3572
8369
4128
9607
7709
2715
9925
7116
2677
4639
1787
9476
388
5527
5444
7034
8837
2100
3492
1022
1083
9132
5373
5110
4264
