2264
2788
8043
8758
912
7974
9124
2882
3570
741
7015
9182
181
4170
8748
291
2391
8205
7971
6380
7169
8364
3947
3731
7258
4928
1331
3231
672
5233
8710
147
8052
4750
9916
3142
1917
8856
6855
1477
6583
7722
1589
6760
3744
7269
5472
7866
2469
255
613
7811
5524
498
7897
830
7439
2989
3949
5165
3238
1426
205
2904
4718
2449
5953
3315
1183
3579
8893
4000
4535
7995
945
5541
2924
5689
708
4846
3244
8431
6376
1698
3213
4549
4360
3571
811
3486
5458
1519
1758
5271
9023
3699
8338
3328
7291
4363
2842
2194
1614
1208
6196
7424
5839
1918
7806
2086
6541
7487
2470
216
7259
95
848
1267
3686
9665
8190
9060
5569
5628
5409
1485
9771
6546
2369
8092
5363
343
7071
1551
5109
8019
4517
9452
8703
45
1623
9043
6090
969
1247
3558
7053
8299
2533
9572
7792
5686
2843
8213
5571
105
1267
303
7725
8207
6624
9686
4757
1231
3122
1307
7525
990
7284
4934
3786
2951
6212
5
3060
3134
8698
2833
9030
5577
7227
3225
2317
3131
757
936
5838
8544
656
9141
3004
6446
840
140
288
9088
9122
4142
2688
9837
3547
7527
6140
4526
3356
9661
8887
5829
8816
6372
2784
872
4098
7086
7337
7882
1098
3337
3475
1537
4665
1857
6467
5295
9477
1403
818
6717
8608
8378
2605
6949
6061
1109
9890
6953
4759
3901
7364
1801
2994
9351
3013
3770
3268
3207
2331
4195
8630
5224
4595
8950
4426
7872
1191
6550
7057
1075
9357
488
2969
558
6282
2639
2252
7848
9117
3801
4618
9208
8607
545
9496
8404
3759
8204
3714
9240
4063
9884
757
699
6224
6032
220
515
8212
770
998
9455
1791
5139
4106
6799
2700
2543
8476
4244
6092
9968
9182
9299
4550
4194
1290
7370
1197
7664
249
238
3838
8
2350
6794
7915
3545
5571
8460
1432
8749
1121
6479
8069
6140
7375
9106
3693
4083
240
196
9803
8273
1088
4498
7021
1518
3241
6743
6147
156
193
3727
5064
5705
167
8786
3200
5693
2161
9334
2394
717
6143
6085
8838
7478
2804
9689
2323
9685
9427
738
9737
7501
827
8440
8081
4188
3692
7710
4415
5639
5653
7615
1783
6589
3405
1833
2889
2791
8329
799
6159
2769
3273
6970
4050
5098
4046
4206
5680
5249
7544
5204
9633
3928
7671
9175
7418
6844
1387
9303
4086
6913
5624
1914
6022
8270
2270
5593
9692
2955
8515
2366
1425
5440
3144
8057
3642
1420
8713
8044
68
7914
916
3881
6288
5271
3965
8937
2389
5091
3105
515
2874
4782
3293
2885
5257
7851
6735
1325
4378
4142
5813
7528
1607
9534
1390
8728
2359
8075
4942
4687
8675
3673
7365
5895
8668
9165
1692
8091
7106
5394
9929
1473
4391
7576
3698
9087
5230
6530
8566
4367
61
360
6406
9444
12
9819
403
4892
539
8765
2941
2472
9819
9250
1532
7114
1683
4687
6154
1646
7980
3142
3516
2663
9988
4847
2648
1572
6927
3175
8250
9833
6260
4339
6242
1959
245
893
3258
769
4312
466
842
542
209
7898
5177
7062
7417
3539
710
6344
5454
4188
5302
5771
6767
6143
1512
1713
7415
555
3323
8961
2896
2535
37
5499
4706
3197
9595
3358
4391
3903
6632
8693
2207
2005
4877
3344
4908
339
8004
2120
4704
7177
1925
553
3331
3701
5278
1014
5079
2386
2779
3773
6996
4428
5711
712
1941
2457
4317
4161
5257
5861
7428
2480
2783
6228
902
193
280
6674
2319
1999
8457
720
9038
3375
1928
3013
5105
6952
2073
9238
7152
9822
6008
1079
4948
5782
2884
7476
4920
776
7988
5796
4677
7313
3953
7177
9291
8714
9384
7553
4737
898
4853
5679
2586
2227
2745
697
3652
8097
6441
6159
2844
6960
1647
82
1569
5463
1188
9263
225
9809
1878
36
4271
7147
7262
3678
8605
1547
7304
7499
8899
7003
15
9917
5535
3157
5911
4756
6623
1081
6087
3494
7055
9580
6505
467
5629
1975
6786
3781
7475
8623
6529
6221
5328
3355
8637
4223
5569
4133
3876
30
8369
3422
1480
8317
2400
4722
5519
6070
8440
997
7629
8192
8174
4877
3686
4273
3073
9122
2890
538
4457
1007
1695
7228
2591
5910
8616
642
8070
5383
4249
1754
142
4986
2716
2071
7959
3317
9066
5662
5202
1724
7283
6822
2824
7385
477
1674
5668
1155
6670
7682
7357
4226
9227
8681
1012
8327
2450
2196
570
7328
8564
5325
4832
9654
2963
485
4946
3248
5473
7179
4922
8382
4766
5806
260
7767
7147
8910
551
6248
3267
4668
2965
4777
4111
7353
9470
7164
5091
2088
8664
744
1628
912
7007
7468
7300
6973
150
4571
3276
9033
1973
1457
3292
1098
5081
19
734
6000
6019
7767
260
5346
3965
588
876
4534
3020
5799
5212
1431
2178
9699
8312
622
4250
8558
3179
2224
7749
9821
9938
6517
5704
9126
9869
6996
587
9138
7028
574
7001
5033
5695
1245
2430
3207
8208
8922
1235
2278
5105
4567
785
4309
2726
6006
8296
527
2473
5119
1924
3044
1259
5208
9716
973
8187
1573
3780
7694
5397
3440
5575
5044
7761
751
1070
7773
5230
658
6084
4758
8456
5589
2119
8180
1579
355
5827
4334
9848
3590
8608
5076
9711
6072
3371
4606
1088
5297
5025
2790
2239
8491
3927
3648
8608
3009
6065
647
9934
7243
271
9557
8639
5149
3664
6957
5456
6997
5734
1765
7388
5792
536
2922
6562
6741
4670
6317
8153
8970
1785
4211
6756
5363
340
3473
420
1432
2864
7602
6613
2878
8614
4064
2396
2035
8468
9967
2032
8661
2835
1524
5252
9362
9498
1409
1544
834
970
5887
440
3509
8520
7609
8396
8140
1641
3371
8809
9831
4372
2892
72
981
3642
6214
6559
6214
6372
4421
612
6045
8763
4896
3113
9262
2934
6641
1229
2746
2077
809
6846
2869
8686
1482
1372
7797
2545
6382
4228
7336
9638
3696
1915
752
2049
8966
634
2385
5668
7056
3016
9882
5090
5536
1420
4631
9683
274
7836
2220
736
1004
9215
2772
2505
8647
7397
4720
2873
4722
5239
5387
2110
2587
4058
1807
4639
5499
8223
9378
7784
4806
4666
7041
4422
9152
5168
6389
952
1373
4981
4978
5140
4568
199
974
2344
8724
8055
5317
1076
6997
4413
4043
4130
5587
455
7790
4900
1612
5665
2242
4193
8855
1715
2409
2786
5572
618
1661
9567
6496
6608
3718
1751
3472
9568
7408
5888
7158
6437
2096
8910
6323
8643
1798
9251
5807
315
4008
4569
3409
2309
3275
6182
4155
692
9133
2410
5937
9463
512
7205
8260
3346
1604
2375
6607
8895
6405
5802
9040
6956
6747
8922
391
8436
3546
2945
9504
2475
5425
9609
4292
1560
1198
6835
5627
3463
5195
6703
1718
5898
9304
8271
2541
6449
4509
9677
1737
638
9997
7279
7102
5770
1828
497
7833
7455
5198
1151
4304
5358
3357
3281
400
6771
5268
7416
5033
9758
1033
6125
8896
8300
2020
3421
7077
5527
5744
6976
41
1482
9309
9217
7473
110
2597
5830
2565
3225
6068
2233
4539
2498
8412
8180
3254
3787
3879
6852
5150
7712
5433
232
5764
9621
2401
6362
1604
4297
707
5663
7371
7464
9853
1025
3571
7661
2734
4595
6818
2784
3779
7172
7087
9862
8558
483
7661
4450
6844
5371
2080
791
3014
4044
7812
944
9993
687
6848
9887
2415
2090
6840
5540
3244
7198
8754
348
9578
5574
4108
4234
4192
3166
6400
9246
1730
9269
6595
4473
9544
8223
9047
3300
5800
3202
7607
7625
92
852
6817
5450
657
9320
2323
5128
1093
5744
3490
3534
915
9652
3833
6044
4554
9909
6499
9509
2897
2263
6415
2959
7449
4815
2855
4794
8367
2015
4918
4461
9337
1253
7527
7153
7911
2293
760
7112
8523
9145
7590
4969
2909
7159
3696
7198
327
8443
5010
296
3829
8669
6577
5044
6289
2105
6847
3027
1929
4485
9261
4004
4282
1252
3865
6709
8249
9681
7517
1923
1617
124
6128
364
1462
1075
7129
6732
105
596
9879
9383
6579
5510
2587
7755
1996
6993
633
116
7011
8529
7258
537
2095
7018
4428
1307
8977
5851
9991
8981
3983
6810
5510
868
1472
2853
6044
343
2111
248
307
3125
5604
3949
9700
1911
9587
9583
6007
957
2536
5107
7921
2753
1987
6099
101
3902
2353
2795
3886
5000
7285
3320
288
4563
8019
5951
2316
4924
6293
231
3336
3971
4973
9328
3296
1356
7333
5313
4877
2746
7803
1187
8704
4357
8457
7518
96
2615
5698
6030
8416
7752
6605
3613
6951
5753
4491
3161
9798
237
5454
5387
6330
226
1305
611
818
3770
1211
3551
746
178
8403
8807
2041
6989
7456
8558
6202
3182
1416
4040
3231
665
170
8982
2785
3897
445
1282
5533
5484
5964
1592
596
4459
1655
8876
3771
7956
1324
3467
3514
518
9577
977
5136
1380
9478
7009
4577
8494
7065
3566
5941
8777
6419
7253
5284
2355
2804
5113
5041
5235
4179
6211
4278
7695
7652
3997
9869
802
9234
5034
4871
8682
1371
9372
8767
4264
2261
2596
6991
2832
2042
8612
7031
2679
4578
4288
5427
7227
8447
3802
4427
6420
5896
9254
7002
5250
5982
2637
1627
2632
6533
3514
7363
3263
2083
698
7969
4890
1505
5011
9938
8733
1991
1075
687
795
566
4640
8222
3281
2871
5357
4105
238
4777
5452
6267
138
6198
9515
394
8839
1571
4974
7992
1498
1653
5378
7918
6773
6459
5124
9348
2217
3971
9117
6952
4181
4905
7908
9552
5345
379
1078
860
6773
2920
1833
2202
4649
7779
8857
7020
4666
9093
2870
9692
1228
2472
8498
7677
8171
7704
2513
9953
8252
520
4302
6707
3850
6817
9887
3125
8137
5135
4740
9339
320
2432
5923
1755
3982
9192
3381
6090
5092
5691
2687
8085
4480
3070
9128
7593
5661
4560
3891
5113
3353
2187
8855
815
7077
5073
6741
2921
4522
7623
8708
2693
576
937
2154
7928
9575
8438
8930
5918
9642
6208
940
1251
4032
7475
7439
8251
1980
3784
5928
1720
1651
807
6047
3889
3546
5305
476
3288
229
6487
3100
486
9265
5471
7597
1216
1487
2982
6802
8522
6667
5491
6110
1650
2979
7216
8904
2559
1283
5842
9707
3975
7285
212
5139
5086
4421
7375
317
7406
7864
7585
7315
9251
5929
7384
3801
6939
2844
3076
2389
4972
6836
5552
4649
2569
2902
9300
1763
2568
2625
8073
8320
2657
3472
6489
4767
5293
218
1523
6535
6115
7070
7621
2727
9057
9500
90
6628
3008
4014
987
8447
4902
8392
7816
1053
4095
8383
4333
1188
8672
7487
1439
9265
422
8440
3473
3414
70
1144
7453
3180
2353
1107
8772
3655
469
3050
9868
3822
7921
4720
2225
1772
8084
4123
3286
7818
806
477
1179
8955
7440
271
4659
5371
7660
1791
5205
1250
2096
3421
6945
4024
53
1976
8551
3561
8759
2732
4552
9827
4652
6794
5121
7323
8343
796
3866
6221
7670
1885
5843
2344
9002
4164
1474
4038
7285
617
3309
5153
2226
8497
9720
248
6462
8468
7714
9946
1696
5902
7115
8691
6
3693
780
4931
3802
2421
6790
5519
3858
7634
1769
1420
1240
3673
834
2481
3989
5861
1896
2757
6085
6874
7966
801
7849
2564
6094
3773
5693
4446
5964
3010
8668
3335
771
2007
8805
123
4159
6220
7952
8654
2498
3507
5033
8832
5765
4035
2184
5493
6661
6339
8224
3854
5682
7987
9534
4282
1952
6492
7658
4038
7663
3265
9407
1142
8709
2013
1438
6984
7128
4471
5154
3748
5763
9602
1121
8975
1986
1021
895
4601
4241
271
4129
7441
4758
2118
851
2914
9035
9398
7183
8337
930
9364
1513
7787
7512
6604
1332
5455
8923
2423
1651
3075
6940
2820
8178
525
4773
7467
555
104
4559
2421
4333
105
8730
8957
9761
5075
2730
8063
7923
1060
882
4523
8214
6630
1146
2836
4551
1373
425
827
3356
7416
6008
5273
955
8767
9117
7107
6022
7513
8986
4112
2936
276
1868
1882
1108
1458
3486
5826
9202
8166
7895
2155
4409
1474
2745
4519
135
9254
7255
735
3065
2823
5716
3547
8266
9379
5938
4940
5439
5531
1977
4844
7898
2368
9473
7466
8626
2907
3636
6053
9033
8258
7461
7766
2881
1329
9304
7684
8774
5567
8143
9078
2640
581
2006
9060
8841
6063
5020
4765
7621
8836
8950
9356
7896
7618
4035
3387
7144
331
335
4863
1604
2783
9417
651
7281
6272
7499
3499
5411
3276
1340
5580
29
9730
6345
7455
3590
349
228
9903
4473
7716
8038
3421
8730
9016
1193
7005
6760
134
4084
7181
30
3888
2694
6420
7800
6834
9171
9566
5772
7052
5017
7806
4691
9173
7693
3992
3625
6014
2557
5296
2943
2873
6815
1961
1613
4245
705
8262
2259
7348
8701
6173
7165
7864
454
6167
9448
3019
3952
6435
3036
284
555
5591
2229
2596
3585
9239
472
3733
7179
7691
6368
9575
2495
8937
1278
3080
7790
9752
8189
7221
9592
9770
9163
7550
7426
9864
2921
8775
1021
2821
4078
2480
3343
9106
342
7622
6320
947
9190
9606
1747
4337
7707
1162
6248
6335
8184
7371
3679
5862
7715
953
1173
4274
8008
5650
3188
3134
6086
6969
1696
456
6988
3506
268
8383
2422
5364
2409
2892
2948
5433
6002
8330
387
8125
1847
3201
7213
6222
6256
7831
9043
8382
9566
9249
1216
665
8675
7591
2314
9415
3311
7879
8959
7077
6970
1088
5204
1235
8174
6230
1322
4552
3616
6513
4087
1910
7697
5146
3381
2501
1731
5020
