9283
5856
5821
8520
6572
6404
2889
3281
4655
7406
8484
6173
9964
8568
8018
3584
7092
4988
2247
8163
9873
6093
8834
6612
2497
9675
9064
6734
4444
3435
4422
5215
6531
5646
7878
5002
9717
3293
2507
7103
59
4600
7359
8018
5861
2418
9805
4771
9303
6476
8883
5935
6675
7851
2401
9167
1934
3298
9607
4500
1344
3376
3717
5630
3583
6695
6542
7771
2467
4392
298
2199
68
1600
6884
3504
7579
766
2157
951
2955
866
4350
8331
9289
835
7002
5126
1487
2093
8132
6787
2948
9400
7228
5639
9788
7149
463
1401
6696
4670
4598
6868
7219
2346
8537
4068
2838
6241
7141
1951
1313
9579
412
9509
5448
5551
14
5783
9183
1154
6103
8103
9027
3693
5500
5139
2502
7865
6017
4420
2667
2030
4486
7606
6200
3338
4452
7428
3105
3950
6338
5729
581
3434
2710
2000
7084
7373
2228
9059
3716
9387
6043
2709
2624
271
3405
9197
7272
145
2454
7175
9280
4171
7228
3980
8973
355
3849
1249
7370
7548
1172
4002
3872
8293
8492
8796
2948
8160
660
569
3360
6908
666
2430
5172
5779
4846
9950
4569
5892
6192
6529
8294
5298
2922
6623
509
9363
8004
1765
9666
7201
1512
4669
1711
4754
4332
6800
8660
7832
5361
1328
4536
2452
8131
1407
5314
5362
2941
4375
6820
4908
1340
5999
1778
6615
2464
8682
3307
8667
7455
6343
200
3431
5698
2618
9294
1812
8024
5522
5461
4226
2463
5504
7403
9718
5948
9130
3673
8214
9196
5814
5204
1822
7472
4887
9433
8379
1493
4149
3149
6105
2466
9481
7883
4773
2923
6915
5198
8617
5852
7254
2951
4658
2516
9815
1296
5407
2491
3992
2687
9407
9928
9231
7960
4837
9479
1436
3558
4697
568
8835
2731
1572
1876
3266
7778
6787
8423
472
3259
2061
570
6588
6523
4513
1113
9825
9795
19
3459
9615
6259
6915
5322
2970
4575
9650
6468
3056
7953
9260
7565
7630
7952
409
4347
2680
588
2618
6710
4092
5594
2287
4587
325
7944
2675
1927
4033
5268
8303
866
2457
7686
6383
8789
1003
3399
5896
3566
2535
6658
3592
5069
5099
8114
3892
5683
2970
9949
8025
9239
9444
5556
5958
4736
2296
214
2135
7077
7959
995
3927
1428
123
3684
4774
4375
4202
1057
2257
3127
8539
4862
4238
8562
7492
6845
6291
2180
2324
6058
7887
3874
9200
6924
9831
5667
5264
2549
3961
9892
5525
2139
8955
4032
4794
433
8301
4660
3250
1189
2822
7857
6378
1898
8858
7686
5276
7585
3063
5692
7378
1123
7216
8731
2501
7227
1311
6282
9492
6446
2671
2885
4233
9287
6561
8554
6220
2582
1235
8485
6462
3386
562
8239
9146
1808
652
4646
3315
3405
9103
6872
611
458
5530
6820
9745
4530
6772
2729
9142
5896
5879
9667
3320
2528
5083
6163
5451
7970
9501
8905
1979
1298
4382
4279
9751
4667
2191
2316
8027
7137
7811
7586
6060
2549
3732
5237
4739
4294
8758
4453
6622
5612
38
4908
9769
1437
4161
6711
3280
3432
7984
1313
6329
9391
1430
1151
287
4132
7116
8675
7036
398
131
7563
5788
2555
9802
1481
5455
2275
4309
3114
5477
9520
5394
9705
4361
5480
3555
8717
6233
2685
7639
2679
2480
194
4030
1341
1056
7480
8364
1939
5672
6816
9701
2124
7563
6363
1105
9773
3695
2039
931
227
8831
398
1458
7192
591
5445
7463
7941
5530
7999
6778
6428
679
2416
2883
1868
3782
1872
5988
3070
989
7366
6723
8327
8610
6610
8788
8778
7000
7974
8998
9193
2647
5472
7192
1747
5738
2027
9714
2727
3703
8003
9943
8496
2777
4987
6839
3504
9295
4225
3572
4326
7046
5434
7506
5632
4153
6982
6513
5284
7043
2368
2161
563
6382
5939
5767
2472
9534
6897
8477
3445
595
2686
7474
893
4050
9300
2244
2691
2550
968
7488
9942
8745
3019
438
410
1796
9245
8833
1915
8356
1341
6068
6490
9070
6809
1431
7687
9834
680
133
2737
7800
6661
7631
3135
5914
950
7835
339
2340
2843
4529
2447
8731
8893
9488
3914
8778
9578
6123
640
4297
2287
541
6343
6804
8449
7097
750
2435
4388
2019
8920
8239
3702
7004
7860
2439
9433
4488
9503
8
1645
1723
1172
4034
7739
7883
2678
7836
9386
5514
8875
6789
9749
3977
9816
55
3484
3508
3583
5370
712
6962
2589
423
9852
8942
2817
356
4693
8001
5200
4705
373
9882
5722
9243
9267
9246
5453
6650
3261
7161
8789
1709
4459
7586
1524
486
7423
3244
9356
4920
3768
394
5500
2046
4153
4582
8944
5417
935
5906
7424
8326
2243
8355
49
1721
1682
1308
6786
6539
957
1658
6233
5914
9015
8180
8991
3854
6959
2054
1799
309
3677
2401
6242
4714
7172
9789
944
7564
2506
9774
5557
6389
7093
3924
7058
4658
2740
6748
9850
5416
5273
9557
2901
2470
5074
7097
9828
332
6259
7733
8468
6465
5784
2987
1413
3840
8108
6821
8152
2172
1389
5076
627
7135
1141
4807
9997
6762
8047
3591
801
3164
6525
1895
9929
7669
3567
883
7532
1544
6273
1386
251
102
4896
3300
9148
4548
8929
9094
2725
5796
3190
4887
907
8928
4178
9217
1048
8041
1999
6355
1470
139
9687
4820
5812
3330
9314
8451
1098
4069
6036
1002
3245
6437
9372
8323
3251
3053
2949
7609
5320
2512
7258
3621
3335
9236
2004
2791
4477
2545
7939
1333
7422
8930
8561
6581
3632
2844
4850
6735
5633
4568
903
6835
459
63
595
3727
2415
651
9746
900
1624
7591
1825
4355
5904
6421
7209
8761
1951
2540
4294
2025
4791
3354
9335
5525
473
4955
1758
4092
6009
1945
2706
9760
1904
3339
6742
9837
4657
3003
8411
9346
2427
4612
4658
5642
1460
9359
7035
3085
202
9732
4222
6750
6329
7133
1524
5480
9815
264
5093
9312
9862
4421
4501
7274
1055
6813
4396
8004
8861
6204
1449
4353
7515
1953
7114
937
8809
7087
1739
530
6223
1814
6215
2288
2074
5518
9741
6656
3362
5981
4347
1580
472
8011
3282
5353
3527
7575
4715
1532
8714
9918
304
9648
3353
5988
1092
1391
4121
1670
6219
104
5671
6075
4321
4263
1601
4168
5455
1115
6057
3762
1794
1405
2917
3197
3809
461
2504
4159
6924
92
6939
9751
3515
8305
7176
2864
2621
8953
674
7182
3833
1029
9312
1636
9980
4376
5199
8867
7176
6175
3971
4099
4920
7490
5743
9190
4409
1150
9875
6878
2022
9806
4629
2974
6741
278
6086
619
7276
6270
3449
5137
7685
1198
5599
9405
4317
5423
1373
2019
9369
9532
6136
1235
7589
4260
4604
8936
214
6118
3953
5643
6341
1355
7131
6783
8671
9248
9187
4523
8786
1207
5368
9339
8557
9776
2010
3537
3835
2994
4850
3009
6704
7187
2497
4135
8501
2422
3849
212
480
3258
8863
9148
9553
6271
2160
5021
3777
4717
1964
684
3429
2134
1224
5187
9453
3273
8946
9568
7633
7280
8266
3542
5948
7598
7415
1707
3300
2752
6779
6989
4369
991
5263
8003
6381
755
2230
8730
4383
2043
2510
2302
8242
8962
2858
6821
4194
2272
2291
9022
5118
8795
9577
5837
3217
4259
8528
520
2621
2383
9481
8023
7782
4916
5797
2025
3430
7902
5130
2987
4139
2080
9472
7331
8594
3807
3742
7076
7701
7955
1489
3586
7510
7318
9102
4047
3754
7046
603
7887
3977
6370
9564
1597
4551
5967
8024
5451
5099
8679
7959
640
7359
4183
6241
8517
9477
7798
9208
4526
9840
5496
8625
5496
2127
759
4295
7048
358
1091
7746
5742
2776
7100
8868
5399
7985
5814
9001
3302
9383
7322
7333
7408
6841
3463
4535
4356
8584
1487
1705
5154
562
7720
7799
8148
6872
1994
993
8795
2963
9699
4245
946
8176
9905
8025
175
1708
6924
6572
3576
9713
9212
7370
9758
3111
1474
6962
6200
8816
3324
6087
3462
293
8446
6667
1037
2350
6220
1897
2437
9776
28
8961
9129
1855
5173
1262
8934
1543
1575
2679
5206
5971
1132
6427
7034
7839
7945
5110
1480
418
8980
6564
16
7742
2287
8902
7339
5293
7875
6773
3515
7609
3001
8837
1744
3273
7018
8276
9451
1866
3315
3526
6706
7471
8395
5847
9804
347
6109
4401
589
3514
2115
7540
6532
1201
5462
7278
2408
9772
2630
8445
7725
7651
8288
4049
4501
4121
5862
4643
1587
6051
4916
3246
5892
5150
7003
6914
6845
60
4602
2690
2666
3212
7459
7787
9232
3888
5287
7081
3531
4131
1941
4950
910
5032
2272
8447
2313
9195
9141
8250
1334
1795
1948
3243
2981
1860
4437
9968
261
9638
2333
563
175
6755
7713
8937
5029
2060
7313
3774
5784
1772
4319
1412
5841
6912
5966
2210
4203
4904
1411
6567
6653
3377
9928
6245
9971
9260
1871
1505
8616
4735
6259
715
4717
5653
1683
8013
5709
8590
2690
5185
1461
1343
6861
5955
4526
1911
3265
6986
5776
1773
1745
8994
3964
134
750
5300
1691
6319
5778
2350
4468
7603
8186
5264
4167
7513
9782
9394
8970
6488
2625
4736
5458
7591
6806
1481
4159
8796
2035
4637
734
6264
2466
3494
7174
13
846
7174
2132
6059
8676
5805
1168
2887
6304
4
178
3836
6750
1508
2242
5372
997
9960
4258
2192
6524
6828
9838
9561
4960
7403
7540
1009
3523
4774
9802
8138
771
6833
7728
6464
2202
8755
7341
1922
1415
5243
8969
2602
7610
2805
5078
6179
6708
9208
837
9917
7244
7596
7959
7603
798
6273
3861
9711
6394
1612
5480
7871
1303
8165
4650
270
6507
1856
656
9244
733
9406
7633
2392
8233
5687
8890
4983
4038
7193
8119
6489
7451
8923
8525
8268
4071
3356
764
6132
8099
7566
8245
5827
7524
4782
5024
3032
3027
6855
2200
7280
9463
9093
2287
1320
9800
5443
4715
6661
3185
2202
9497
3344
1062
8066
188
3606
6771
1038
1689
2964
3051
6991
9992
3147
2190
531
48
2577
2062
6918
9513
3072
956
219
2168
7020
8809
2841
3201
330
4187
7206
4111
2642
4778
6953
16
3571
8869
4459
4682
6248
6463
2734
531
5994
46
3341
8562
9957
4898
3907
1603
7031
5459
616
8117
7994
2232
7020
6756
505
8881
8103
2900
3204
5045
4390
9539
7928
878
7498
7636
9889
8747
7624
8693
3058
6863
8485
245
66
3850
3456
8853
5253
8037
1148
8141
6115
4302
3470
6586
4007
5847
6125
7043
5221
9897
4364
312
6345
5962
8958
9398
3700
8758
9130
7204
9945
7962
7612
8017
9998
7385
8752
2894
9338
2674
2028
5668
2254
8614
121
6767
7483
9978
682
1240
5777
85
9501
1255
1994
5009
1918
4993
507
4888
5460
1029
9777
9742
818
1272
9775
6674
6668
243
9692
4702
957
835
7228
6142
3400
2087
1357
1129
2953
1312
1627
288
9
330
6673
5636
7044
3820
1917
6986
8772
8671
1984
9558
8834
2660
3048
6468
8429
251
7508
5450
1425
9749
5960
3129
9540
7015
8018
6421
4650
5257
8471
1129
275
91
6305
5274
3418
2230
7161
7819
6294
1032
9675
2803
7104
2035
1194
2604
5166
988
9891
1810
6143
7698
4566
5098
1093
7176
8918
4262
4876
1653
1222
9598
7838
8543
2373
9729
2946
7181
5503
9778
3299
4827
8998
4889
4407
5715
4842
4265
781
4364
6848
8690
3897
8662
6603
7933
1451
3896
6669
9181
4762
5947
9296
7279
4093
2248
8525
5892
599
1126
9067
1672
7913
7084
1513
6391
1513
7134
2452
9270
3160
5969
4418
2150
5282
9572
1087
4552
3160
9410
1009
616
1249
3844
6057
4014
2837
3741
8746
9024
6753
9384
6262
6844
6546
3360
9318
8715
3290
9125
8443
9299
2640
4654
2265
9941
1448
888
9346
2642
6093
3964
6858
7117
646
1722
9463
2821
1840
7706
9895
3241
4463
4103
6501
7618
6205
4589
8636
592
9418
3232
6519
1142
4566
9526
5526
9365
4449
690
5918
7209
8559
4867
5239
7492
698
6153
1716
2850
4487
15
1880
2760
979
831
1152
9583
8708
9175
2240
1115
4341
9462
8270
9451
8836
8564
5134
6682
4188
1147
700
5917
9032
4267
7017
6576
2456
679
8044
5624
6599
9914
6167
6703
5209
5088
5081
5614
2900
2360
8073
3839
3386
8954
514
6836
3385
9071
6966
3456
2626
8327
4144
9436
5124
2765
4768
7927
7531
6071
6610
6911
2745
3951
1404
250
7976
216
8330
8367
1150
2926
2286
4066
5418
3137
209
2468
8593
600
6014
6441
5960
9581
2615
4544
1913
3641
8540
6156
8969
6124
6314
8779
5508
8344
1779
5554
6332
6297
3457
865
9706
260
1383
7191
6082
1409
3510
9268
6238
6946
6936
2216
3442
9305
2134
8403
9595
9809
9256
7874
2658
6398
1632
3677
9771
4087
9077
7446
7421
7859
214
7278
1938
9961
247
3517
2251
6931
771
3228
1553
9291
4459
585
2743
5483
9909
8441
76
2848
6197
5284
9901
5555
2572
5398
7966
504
1402
7411
1251
546
3208
7342
92
5091
2736
4038
3640
9274
8654
6204
9897
4295
2178
5132
9161
5423
8994
9827
621
6381
4749
3996
7295
8144
31
1483
9408
4784
5175
54
7238
7689
7536
9650
3736
3597
6932
9423
9012
5051
6568
4919
6414
9417
7915
1838
4929
6691
2704
7003
3608
3400
8316
6936
9410
8550
5576
4738
2650
2219
1279
7408
3085
8213
6757
4393
2706
3265
9768
2811
7503
7604
2111
150
2757
4618
7974
9668
7181
7147
8883
1251
4821
2067
6310
9572
4753
5182
6761
9011
1307
8559
3196
9072
763
7579
2656
44
8106
5138
5503
1065
8857
9702
4375
4599
2437
8959
9170
3094
3905
9673
6823
1605
5441
756
2395
9656
8565
3711
6182
8042
9366
6363
2767
8950
10
5222
1668
8725
3513
1073
5165
7179
285
7965
9136
8047
8250
983
2609
5195
485
8867
884
1350
7472
4482
2473
7961
5533
1729
5572
6537
9851
8860
2265
3425
8884
3057
361
2036
9157
9088
4510
2491
4153
7609
3532
3615
736
7378
3326
3191
1147
7604
4889
5099
6789
8982
6386
4090
2185
9141
906
9578
885
9920
9495
5920
3575
4206
6333
6471
4819
5861
3303
5209
6603
2328
1845
1182
4251
1193
7222
4771
6371
9991
2641
788
6375
7204
775
100
5336
2281
4589
7436
2039
8025
5328
7955
1353
6763
5062
1520
9865
8796
1212
3298
1834
9171
141
4119
3215
8024
6296
8170
8715
9237
2116
9856
9472
5124
8004
6830
4116
2594
9637
2478
8454
7440
8035
5498
1944
7069
8626
6322
7284
4919
7276
6605
4357
1160
733
594
6077
407
7573
5174
1810
5775
4241
7169
3581
7352
2649
6564
729
7471
2483
6679
4920
1388
9677
1616
7980
2876
4416
1620
8340
7846
4110
4205
1035
2974
7492
3725
144
9730
3965
794
7154
9619
621
6529
4726
9210
647
3736
5203
4588
8127
8551
237
6223
7745
1051
7659
3552
9508
8181
2109
3275
3673
1991
8405
7040
1866
558
3666
2512
6954
4715
1503
5271
1278
8436
2396
2363
1464
5321
5485
5867
4363
6085
2277
7493
5069
8330
9045
9380
696
3173
3430
5136
7412
5558
1102
6183
9542
3750
3788
312
1154
7902
4881
2924
9827
5778
9709
5236
7026
1670
201
501
661
7196
4717
5443
9703
7261
3049
4375
5866
9304
8050
3487
6156
7128
2802
32
1145
9450
418
8502
72
4906
8310
1768
1043
8986
8109
3242
7398
2552
91
5446
7717
6824
5606
1228
5258
4691
3434
1390
6056
4459
2573
5985
760
6061
5593
6813
2838
3610
8028
1186
9081
8518
1205
3346
6296
5620
6910
3381
2331
7025
336
4555
4973
832
8679
7730
7777
2698
8106
2033
8379
1362
2123
2043
7794
2365
3200
711
8447
4034
2715
5243
1464
7005
9363
9072
2591
1500
4688
6793
676
3457
2527
7139
5502
7045
200
7202
4043
213
2834
9635
1498
2711
7913
5281
9676
9372
7226
9714
239
9131
4963
5925
5367
5311
4047
8958
8671
1953
4123
4575
9818
3718
8598
9249
1402
8795
7276
1377
8830
6532
899
8006
523
4670
6699
5766
3517
7582
4250
9482
184
2348
1158
8469
8216
1546
1283
6886
8881
5609
3136
8229
5507
96
545
9910
140
1921
2443
3377
9287
7502
6851
3508
5736
2835
4012
525
8286
6421
6176
785
6988
5270
3168
5384
8309
1992
6006
1151
7466
1857
7091
8763
6203
1975
9804
961
8814
4746
5596
3133
7178
612
2250
6843
4064
13
6601
7923
4638
9383
8619
7693
7761
8204
4069
3491
9317
2334
8452
4551
3117
7494
3292
1180
5300
5589
1494
8048
7550
2382
7732
6029
1538
2181
7210
2162
5496
9112
3338
6747
4511
5638
522
5549
2017
1378
9223
2882
4310
5706
6571
9581
1954
3930
1573
5042
6702
2021
4117
5815
6666
8668
3071
8072
2803
3778
5916
2806
2266
8059
6357
5101
1575
128
7270
909
2254
2763
8309
4931
3984
9849
8186
7221
1348
9941
8937
1618
2694
5787
6989
7680
1521
4044
3240
5753
5578
6421
7049
8915
4029
4798
4301
5557
7379
3856
4395
4713
8583
1413
9632
6846
6567
7603
3299
1920
6695
4146
9699
2012
9909
7353
4710
720
7396
7211
4198
6111
861
7403
7786
5162
5462
1311
1223
4035
1389
6964
466
4177
2675
2817
2776
2861
4730
4076
8672
3090
1304
3745
7790
1346
6123
7706
5994
7049
6884
2799
1104
6055
7735
955
5550
3701
8592
3759
7205
6106
7286
9951
5586
4195
6560
6007
7928
2484
6568
7394
3932
3808
1162
6258
226
6908
4864
1796
6549
9848
7418
142
2901
8731
1948
9390
9984
1796
7770
2553
5265
5314
9636
1415
4977
3000
1561
8611
9121
2690
7752
6429
9056
7101
2114
9713
8609
4252
3738
2236
6753
8828
1020
3203
4142
1860
1941
1757
6084
9658
733
3944
9474
2260
1143
7239
2919
7823
4713
5865
1733
4690
1119
6144
7333
3876
7498
5552
9573
1406
4118
2627
3145
3853
5710
3873
6030
9335
7881
9241
9218
6158
8339
3116
8590
6912
7257
7156
655
6719
8522
5011
8286
5702
6674
7344
3497
6757
1342
2328
4167
9362
3896
8433
893
4947
8901
3342
2635
6349
941
509
3485
8060
7744
8340
5386
7575
2900
1914
4765
8568
6286
5195
792
8874
4473
3764
2675
6386
4056
1362
1278
388
2225
4338
6410
8085
3760
8086
2914
9117
6788
5429
5305
6958
2437
6402
1827
7806
1048
286
1893
5828
2407
745
7422
8978
1215
5265
8380
4970
5260
7972
2792
7716
7432
9680
2772
372
8250
9521
7164
7324
6053
3328
2893
5863
9049
4088
2950
4685
5692
8905
8312
7549
883
5788
3943
1866
3329
3960
9149
5201
8988
2153
9286
7962
366
9962
9830
4819
9749
9953
9520
1395
6267
508
4486
7200
174
6050
1554
3506
3511
1249
1019
8526
5808
3566
1012
3728
2462
4506
2637
4021
4733
7822
3692
8374
5996
6245
9316
8659
7909
3784
57
6014
9556
1633
8469
7148
5268
2346
3104
2908
1726
4307
6906
3141
6457
3634
686
4469
4331
2996
3607
9825
9934
749
6697
5402
1655
5325
4582
951
5032
5393
3375
7282
6357
7729
5802
156
298
5705
1832
5710
5922
3400
3014
1391
3951
1173
4215
7522
8296
1990
1140
5347
2089
2840
2411
3468
6252
4045
3288
7939
3750
8384
2129
3832
2470
2299
9437
4209
4785
9517
5363
4602
3637
4557
251
9019
389
937
9114
8245
5738
6435
8779
5291
5356
1727
3838
645
8860
4839
4691
9807
3112
7619
5426
3335
5763
1518
3071
1010
5957
2628
4697
2502
9385
6071
2025
7422
8487
662
5781
1093
7796
8949
9114
6327
973
9777
6506
5164
1490
3181
170
7870
2558
2217
1786
1753
6187
5005
7279
1558
4761
2661
268
6098
9239
2870
869
168
7470
6129
5680
2448
2656
4539
6427
6022
3672
2227
5545
5257
1846
6361
2394
4013
462
7756
7708
6572
4507
6418
1694
8157
3374
3572
2874
2278
4077
6637
15
7356
873
460
794
3938
6962
4962
8532
1275
3973
2186
1468
1772
270
2062
1225
9767
3623
793
6223
7635
9071
3262
25
6449
8935
9820
1374
4854
5702
922
4916
3191
4728
7304
7338
2864
5016
9781
6234
4992
8371
5752
3154
9713
8434
9426
7364
7416
8602
2697
5553
1564
9505
6402
9098
5900
3232
2377
3984
5044
2468
4714
8279
1294
5412
6346
6019
8473
2687
8170
3748
4310
1298
2469
1572
7418
3074
8425
9353
53
9844
3229
6883
1584
2455
9094
145
6722
1495
834
6002
5806
7437
5473
5978
5228
640
8635
3479
2996
368
9245
3311
8349
4756
5250
7608
8912
2404
2588
8665
7003
9123
4102
5634
7317
4731
6779
3125
5170
5450
962
8669
2469
4562
6674
9828
6657
4208
565
5157
3277
1517
5308
5220
3427
1879
3959
6644
2675
4024
6428
9366
2540
9920
8875
3821
4286
7178
3288
3701
3493
1305
2044
8089
3095
9422
2231
2817
9481
6229
9254
9926
656
7162
4924
3123
6538
536
6095
9455
6239
7122
5360
7618
7929
1946
1628
5157
2325
2660
488
8909
7000
6186
9619
2905
5616
1366
5890
3946
6912
5870
4190
9203
9646
6621
5234
422
9698
2707
7444
5875
8510
6855
5406
2800
7630
873
9928
2077
4754
9720
8303
5090
5692
7582
763
1655
7961
1761
5136
6590
7063
8400
4271
6906
9418
1340
3255
2119
6062
1765
6683
8636
4144
4310
800
8399
6059
4225
8431
7254
1140
1905
4204
6454
1297
8033
7539
4527
3605
6961
2327
6261
7973
2075
2026
3346
4808
2002
8242
1387
6252
3194
2010
7409
6442
5410
8940
7655
3738
1530
1816
8330
1669
9292
7822
6145
9139
9003
9985
151
4938
7499
3042
9510
9585
8526
7588
9019
6174
2889
3326
7945
5668
7520
3140
2944
506
8967
8451
2260
7080
1054
5564
4301
4152
215
998
8125
7245
7456
9336
805
5883
3189
4859
8866
2404
6703
9518
7560
1371
2099
7480
4715
9521
2813
4774
3222
3094
2728
5179
6659
804
2132
2107
2623
5280
1265
1711
3411
8735
3249
1095
5540
2224
3023
7096
7058
1608
5324
5257
5513
9311
3173
5767
8293
1832
1562
3809
2173
275
9093
1565
2530
941
4897
9450
161
8984
3192
4913
2193
6420
3351
1461
3262
7560
817
5327
3819
722
7712
5334
5167
3931
7149
5490
2151
909
8592
8403
6609
3624
2715
6045
7418
5602
8599
9829
9004
1567
8028
7561
4120
2333
3145
9883
6665
9071
1874
5311
6976
7292
1693
2145
4418
4477
4150
1250
9205
9569
2505
8948
4316
5656
4167
6107
2182
57
9617
2587
2137
1261
336
6878
7598
9514
8619
9170
5391
7112
5943
658
7781
3911
424
7794
7489
4822
2669
4104
7890
3412
8784
2658
4151
1667
7574
4532
1880
269
303
2068
5735
1348
7005
7112
1877
263
3213
3343
322
5667
1558
8193
3915
9934
567
3870
6751
7969
2900
7326
4709
9317
6146
5988
3048
6120
5748
5525
2770
94
9488
2011
22
1868
6213
5722
9882
4167
5524
6833
2104
2389
8571
5349
5940
3530
1668
6558
3740
9953
8230
592
6392
1225
7373
2948
1133
8166
9171
7269
9516
1136
1611
2724
1967
4636
8693
6055
8109
8199
9433
3564
5434
6582
8475
5047
2995
1834
8638
3813
7070
748
1960
5134
369
6301
7456
2063
156
574
2691
551
8776
6125
6810
2617
5931
6696
9821
1985
6502
1429
3349
604
7307
9971
5982
2762
7347
1620
7929
4798
9062
120
3863
2043
3757
7432
232
7945
4444
4778
9889
2305
5221
808
8030
3295
9692
2340
6785
2119
8354
9885
714
9438
5335
7969
2204
1128
5304
6917
9071
9039
1806
8074
3158
8490
3709
974
3681
463
7616
3398
4255
2236
5119
6488
6435
7082
9239
6957
1826
5856
3648
7447
4737
1310
5983
918
7428
9115
5791
2587
12
1483
2336
917
670
4061
5370
6944
6867
4945
9174
924
8162
3788
8330
7460
3627
1684
3839
3575
1711
9394
897
9132
5845
6781
2060
4198
2276
6842
1973
1335
4246
4600
8133
6964
6730
9380
6
7474
3124
5282
3051
7881
5212
1750
8581
7397
5303
7715
2244
1631
1975
8143
9667
7094
5170
4815
7241
9746
564
1282
2855
4040
2058
950
7994
550
924
9332
4393
2606
3178
9795
204
789
685
7323
4819
6704
2666
6600
7722
662
1309
3449
5335
8119
4881
2989
4058
7274
3544
5247
8612
7122
350
1941
3204
2253
2333
3593
2740
6861
1509
2440
9806
4208
1654
5254
1050
3142
3264
2258
4020
4424
1998
5625
6824
6876
5549
3729
6349
9120
502
6356
7977
6130
2862
7377
8435
7791
4433
5429
7449
8689
389
3316
3387
7075
1492
4978
6649
7438
9441
3620
7324
4429
6975
1758
8535
9643
4635
2734
1380
8243
247
4379
2687
9872
6229
1737
5136
8974
2207
118
131
6311
2989
1625
4333
6263
2157
8924
1268
6105
694
3424
2970
9589
8256
481
3411
209
3430
9298
6578
7358
1433
6874
6381
8488
97
6533
9694
5612
576
8460
9974
9818
7516
2587
3536
5261
20
9422
5418
2564
7622
913
9030
9373
226
6287
2658
9499
7573
1879
4097
3440
2435
9410
3772
5343
219
9300
8894
530
4263
2523
9586
7143
6873
1424
614
6627
3506
6851
3070
5370
4690
4074
9697
4136
2316
608
7861
6746
4866
2052
2931
8809
6598
77
6484
1049
1776
2826
4956
2567
9598
8559
2990
3669
2956
2625
8162
8204
8046
782
9737
2592
9877
9518
1136
5666
6211
3823
2331
5370
148
4020
6198
1986
3753
7354
7710
4219
5453
8796
8465
5799
6623
7353
555
1195
9882
6981
7157
2938
4453
4371
7108
3155
8513
3643
1993
3823
8028
8550
1644
8590
541
3783
3034
5818
792
9835
3515
3533
9983
7163
400
2161
835
6312
4791
4490
5048
1284
2284
3840
2438
465
2394
9256
7309
3412
6506
9731
5829
5953
3911
9199
8752
2998
8183
5807
6223
2118
1283
3584
1093
4005
1225
3810
9313
3895
4307
8045
8694
1289
1397
8478
7430
5183
8570
2409
7486
484
6480
1267
2629
5330
744
6044
8031
5109
7675
5
1346
7998
7244
4254
3043
3770
8004
7548
6327
4968
3326
7987
291
7091
7311
864
4845
9598
7878
5282
6545
7242
6157
8147
8866
3330
743
5621
2705
8053
5068
6523
3578
5201
8675
6804
2613
2804
6229
1285
4354
2586
6131
3014
8356
865
8437
8720
9046
5088
3741
5954
6450
3688
3381
3823
5547
898
9052
2779
8227
4300
903
293
2153
2912
8168
9642
8144
3127
8028
9897
4708
606
6634
9194
3322
7064
5385
9242
4104
1818
9047
4609
3448
4176
234
4198
9580
1621
4616
5518
5900
1400
884
5068
9016
2624
6911
3834
1044
9128
3357
3793
8276
9838
2921
7074
4400
415
4311
3993
6860
1289
1587
6284
8492
3418
5860
2978
9675
2007
8405
1640
5132
1471
9600
2397
9871
4576
6648
3662
6884
3866
8072
1538
543
7872
3447
2470
4247
8135
6798
1957
234
1794
7839
6591
8162
8947
8749
9477
9459
3186
2042
553
2283
4780
3648
2046
7536
6189
6602
3731
3770
824
8582
8921
9905
7996
471
8543
6380
8045
5373
6665
2492
2330
4690
5694
6758
4917
5348
103
1165
1740
4964
7006
586
9466
7034
2629
1270
981
876
1863
8569
8649
4398
9685
7061
8741
9339
9826
2677
5740
9543
2153
1781
1793
9923
1693
5585
2235
7188
528
1028
7829
5872
9549
5532
8786
7616
147
6437
716
96
1740
8548
7558
138
7019
2800
5481
1877
6060
4810
8795
5585
8677
9854
9511
5056
7814
3993
8213
9245
7133
8859
661
5326
4777
5632
7851
6111
2733
6401
708
4605
8810
1826
642
9077
4065
7637
7471
6977
727
2337
7115
3190
4556
7209
4905
5699
1257
1379
758
1365
2404
7363
1712
2568
1679
1710
5692
7343
8217
7058
4623
6308
9318
2944
1381
8267
2267
9848
5870
4833
5927
1362
9446
1379
5907
2375
2985
9533
3736
8016
1312
4982
4826
239
9585
9828
5786
1438
6980
3435
1925
3777
8778
938
9561
1390
2468
1765
9361
3819
1737
5814
4186
3481
2424
7135
1100
7864
5518
2078
7538
6421
7357
2745
2989
1918
5958
3768
7460
9588
900
5393
5508
3623
6274
1644
5744
5733
427
6047
1385
278
3163
8799
7350
3950
5197
3307
7409
8785
2653
6455
8076
4180
5946
6516
4035
8130
6328
5537
4432
4242
1210
7548
1367
5084
3511
56
3612
9124
3463
8096
9402
183
9203
3612
4710
698
7629
6181
3503
3357
9266
6606
2359
5958
5618
4207
2726
8627
17
6063
5290
8273
9774
3695
2028
9833
8779
1555
5273
9140
2479
3186
7907
8952
6146
9288
4267
1955
1364
3628
7078
7750
4715
6449
1316
4360
3102
1241
641
5467
8886
5280
8592
498
7269
25
2647
5408
9448
301
4861
4112
5611
8377
4392
3918
7346
308
1556
2094
9685
8042
3011
7158
9488
4348
7761
9252
1784
1946
4263
3652
570
4781
3961
9904
9552
9670
9917
104
8476
7521
5838
5029
2984
5753
5530
5443
7635
5456
1547
807
4412
2737
4589
6598
3052
5997
8233
6504
6794
4802
1524
2442
8254
4381
1054
715
4902
7332
7534
1926
4960
432
5466
2791
5417
5279
4954
6043
6646
2021
6869
1276
6610
5914
4081
1596
743
9096
2603
678
9575
1533
6263
7715
8391
1353
9524
7621
500
7510
6834
1115
176
7514
7872
2559
4174
3563
1791
5397
4132
7196
4377
7231
9847
215
6877
5205
7227
4101
5063
155
6782
2361
1457
4061
8526
3955
2405
9822
6933
9915
8632
4890
2977
5329
2195
3143
1553
4034
672
5717
4089
445
560
1763
8296
2157
8856
2111
6739
6361
819
8751
6041
8144
6910
5538
8547
9562
9083
1206
6548
5031
3137
8292
2900
8093
3017
7506
9542
8038
6557
167
3540
9516
3368
5669
288
1116
6857
8441
4798
1075
4127
8681
364
9652
8250
9010
483
8578
7607
952
8480
9445
3689
9908
9336
4718
94
7214
1013
4001
4961
6609
2818
3929
637
7191
2279
6030
685
6473
4078
7564
7222
8746
9931
572
898
4699
6571
7958
787
6962
5210
940
6542
7328
4446
232
828
2185
3559
8338
3858
5159
1952
4118
3838
4391
8935
5657
1878
5121
6601
1535
622
202
5404
6155
6704
3518
4304
8586
5394
1745
7793
5106
4808
4885
1989
5386
1156
7180
4477
4792
8333
5788
3669
9054
7093
9416
6317
6038
5123
703
9943
8980
7645
4980
7805
8068
5116
1639
4309
261
672
9443
7340
987
3631
2931
5619
6792
3613
5216
7856
2684
8572
5976
6565
2433
6609
1967
9499
2632
8981
1032
225
18
7452
9594
6793
6421
4788
5787
1845
9315
5769
2764
8452
6101
7926
8424
8395
1210
5264
9512
7424
220
9372
2036
9598
1151
199
3824
3660
7597
9179
2219
2337
1309
3571
9616
9703
2486
6905
428
8120
8463
5144
9190
9748
8252
5360
8213
6193
869
5296
3982
5641
9379
1297
8579
8154
4246
7937
8100
2573
3707
2100
7976
954
8139
1660
4294
4824
4774
8599
6612
3069
7310
3993
3551
3226
910
2273
3796
2359
4966
7058
4819
1722
3113
9941
1918
3531
3716
9262
1207
3647
8431
4866
4604
9627
1281
4290
3907
7999
1581
3250
7881
3902
3692
4809
8139
8962
8615
4452
261
614
2421
6648
4575
6320
7197
5361
1449
7816
5079
8082
8831
3433
1685
3075
6327
5594
1095
9274
7084
2074
2559
5696
7157
3237
296
5019
3883
3984
53
1463
7386
2030
1751
7777
8024
948
2684
7378
8401
2941
8471
3633
9968
7809
1370
2522
6022
2681
5743
9834
8375
1030
6665
2485
8757
4053
8367
3900
4521
1305
5440
1997
2837
5816
5676
9862
6466
8215
1201
2184
2869
2489
3170
127
2261
8901
4259
6858
1602
2591
1445
7105
4002
869
9538
1306
5940
7004
8002
6255
2615
9411
577
4297
3430
8988
627
5268
2676
6841
8551
1457
9240
5045
2825
2165
7771
8177
4994
5153
3670
198
5115
9821
7100
8102
5126
5948
147
3535
117
5157
287
5399
1469
9997
7326
9965
1740
716
5597
3483
4990
3213
3317
9856
1978
6363
5383
4025
1471
1735
162
6425
5858
5212
8926
9195
7309
2533
8370
416
3533
4257
848
2028
9669
8037
3480
8972
6823
990
3815
231
2034
1938
8523
8021
5094
390
6639
4866
2092
7756
1338
6518
7092
7119
4939
7212
2709
6433
387
3773
251
8662
9537
103
7327
3816
319
568
7522
6118
500
7880
9019
5246
6141
7181
8494
365
584
3634
1558
7129
9390
9381
3779
6100
2861
1694
7378
1317
4858
8522
5739
1581
4774
7722
7608
640
2802
9215
8831
4022
4005
9507
1843
6049
5557
3702
9163
6582
4931
1460
8551
6924
7240
365
2279
1275
7491
2513
4030
7071
3093
7788
1985
8216
8545
6132
2792
8676
3385
5854
2014
6849
4025
151
9200
7330
5276
7266
2490
7550
6365
1805
2560
4159
528
1539
5111
163
3328
1515
7263
1284
4037
6071
9302
2353
7089
1260
4195
5750
9671
765
3082
7372
2332
5970
8341
1574
9126
9618
7896
4005
5842
4060
894
5581
1543
4691
5168
9129
5632
8577
7744
7996
3370
850
1723
1308
8867
9796
617
6495
5699
6278
1036
432
4479
3038
6824
7694
1219
5162
1078
7452
8902
3628
4678
1720
9793
3429
8466
8104
1581
7204
382
195
6681
717
1641
6922
9133
7808
3152
8949
5655
2068
8605
751
4653
2535
6623
7133
6229
3955
456
1744
866
2760
8888
9613
6538
932
8391
1199
7959
5893
7714
7482
7926
679
4480
1238
9896
2167
3953
1385
2151
2011
4702
621
6558
2134
847
5690
2399
1001
7662
2963
1252
148
1756
7393
3439
8454
2932
6723
7078
5939
9160
4866
767
7237
6677
930
7917
9388
3965
1659
9829
4697
6131
1187
8337
233
5635
2653
6385
5770
2140
3054
983
1637
5640
5858
2500
2639
5712
3753
4483
4442
4285
7446
8237
7195
8280
7655
4078
1142
6706
1838
440
2613
9462
8012
5426
4645
4757
155
2235
6703
9880
6561
6979
7122
4152
1450
4950
7371
289
8731
9165
4915
1296
2455
9245
5830
6858
5509
5889
2887
1201
8674
4264
4742
5565
1240
2144
9659
6348
7240
1067
9422
8076
1511
268
1730
704
2210
7288
5864
1032
7717
7082
1171
1970
6249
7889
3631
1983
325
9534
3832
1848
5808
355
7722
86
4544
8884
4727
3745
60
3475
8183
6425
2890
7443
4979
2735
9428
2714
5575
2653
5425
446
9121
58
17
7220
5369
5029
4975
3795
8543
8504
7766
3684
4290
8315
3100
9980
1271
1071
2613
2093
299
2737
3066
7026
4920
6861
5742
3570
4867
1681
4943
6768
2484
118
2545
4988
3900
6222
2117
9494
273
9100
6060
8742
8643
5637
5086
5514
4121
9897
8845
1783
3494
5830
16
5800
2906
6996
7634
5346
2340
8392
1223
9904
6
2843
3994
5883
7898
2791
7512
6506
7179
1571
5651
6499
4648
4810
4199
1704
8988
5810
5023
7480
5251
1474
2800
1823
15
7338
713
5421
76
4207
1759
9109
8707
9140
6319
2363
2767
1674
2271
9503
4136
3211
9721
2091
8823
2376
2728
4611
8479
2651
4727
7588
5484
4791
4764
1645
1363
6439
5719
651
1839
7818
2788
7499
4341
5631
8261
6756
5720
1500
1473
446
8120
8521
6645
7873
1324
6812
1072
2448
5066
4698
9471
3134
1628
804
8425
478
352
5225
9609
2777
2857
1935
6103
8613
7800
5910
8809
7649
8079
3972
9806
8279
7879
7039
7456
2645
9310
2558
5142
1552
3199
3381
9593
1936
2236
9834
4098
267
8411
26
114
1997
799
5622
8308
6428
7656
9855
5165
1143
9017
4793
5627
5845
4729
9424
6476
4142
9675
3631
6543
7369
6223
4753
7765
2052
7276
2373
2964
5498
1079
7802
2587
1826
7996
3087
4986
7790
2892
707
609
3100
23
9009
6289
3729
1211
2438
5713
4981
1997
5114
1323
6986
4590
5690
5874
6211
8903
1723
2576
1391
6629
3163
931
6490
7352
9167
921
9425
7298
3392
2512
4350
7034
8397
2767
6283
6239
8559
8366
1627
4501
31
7328
8269
8474
3744
5816
4737
8321
2959
6862
1397
7377
8916
4121
5187
383
1318
7533
9901
549
3237
8233
5676
1274
3244
7440
1697
4905
4870
5251
8085
4956
3635
6848
789
9526
4939
2992
8416
7796
4000
7786
3530
7250
7585
80
8370
4870
1305
4103
9296
5092
4404
4923
2403
1193
4585
8018
7699
3430
1964
8351
6150
5424
9938
8413
2022
5359
469
4808
509
4691
7556
1599
1829
2572
2864
2102
9828
6273
5046
8301
8840
6866
4042
910
5017
474
1332
9090
9533
7712
4835
2057
4964
3474
4768
7536
8237
4425
9237
6980
6393
6799
2571
7768
4424
2883
2053
4361
1826
5214
2571
578
9100
3716
7589
428
1782
2938
6083
4551
9126
9413
3990
7933
7138
8591
6610
6
1327
2025
3173
1029
4096
7172
5468
1505
3441
3389
9226
6362
6373
8641
3394
8200
6167
9877
106
2642
9503
185
4879
245
6569
3821
2398
4372
3882
4562
7892
8735
8362
1152
8890
6242
1007
7092
9389
7235
1639
2703
8024
8214
5901
5165
8637
7923
6908
6886
5776
2930
7336
3794
9395
14
7539
546
9508
8818
6913
1979
3676
3239
1537
1377
3926
2539
7315
8845
4611
1220
3823
9597
7751
323
9781
4178
7572
9976
912
9666
1849
7110
6858
9058
2465
8543
5285
8379
7930
690
2810
105
1524
3508
9202
3861
7068
2077
9690
3800
340
8507
2954
3047
1884
6112
1189
4631
3292
214
5599
9321
6776
6497
3892
9944
6147
1494
7631
455
2192
2987
7037
4445
9268
7495
8562
3422
3437
4635
5369
8865
7887
6630
8363
7699
5100
2839
9655
6525
819
1179
9020
9135
1113
5156
201
1939
3137
9098
9586
3337
3694
7568
3068
8259
737
7665
7813
5503
1823
3959
4935
5306
3006
3505
5954
3346
2336
1563
6425
5150
5776
8223
3780
3753
8101
1675
5096
7177
8397
3359
5833
413
4846
2542
3855
1467
5044
8441
8134
7140
1028
9917
4743
9374
9072
4093
1390
3111
8028
1289
3767
5108
8912
3980
4326
9631
1141
7774
7548
3476
6015
439
4312
462
8956
612
1235
3567
7177
9599
9514
2922
8743
9568
5524
1614
8836
9113
5057
340
1829
9098
4337
1996
7269
5944
264
161
2332
1317
8685
5985
9324
4179
812
5102
5070
4589
7287
4883
5207
2199
9946
9231
9628
9121
1607
7777
1291
9531
8019
688
2212
665
8677
5349
6745
181
3472
2047
6348
7925
9603
8296
6800
245
6441
9984
7497
8045
4382
4946
5675
7627
3469
9480
8093
3808
1095
4862
5526
7139
2527
6902
3846
1081
3768
7592
7775
1909
4200
3096
8779
5465
2094
618
1113
8326
2590
6823
9092
1517
6890
2224
6573
3748
8688
7944
7935
733
1482
2694
4919
8010
4561
3419
9487
6655
5362
7822
8132
7046
6242
3627
7381
1209
7291
4842
427
6216
4099
3665
1935
2881
1829
3259
5558
771
3827
869
1646
1527
2240
6779
505
6839
3245
2232
4635
1673
6486
3213
8187
2698
2492
7485
1698
8885
3612
2566
6208
740
2933
833
1035
8243
6711
1073
2406
6404
5746
7557
7243
6154
7429
5349
1545
4859
2994
373
4305
142
6387
2170
8657
7219
3148
4698
4392
4170
5193
468
9155
8898
9550
8162
906
6852
9453
7157
3186
904
8452
7986
3221
4895
5902
2356
7524
1089
8256
8846
5920
3765
8506
9441
5434
1543
4383
8002
625
3994
7285
2416
1258
6916
3965
4204
2573
7211
5649
9404
512
895
9090
2873
7420
3047
7817
858
4606
6415
1212
4564
790
1802
982
4588
3846
8125
5970
2573
6998
1434
7558
3646
1855
4575
2479
1018
6875
2693
5158
7767
624
150
7757
6031
8368
3608
4997
150
6632
9772
3395
7694
5623
1613
5090
1880
2179
4315
9275
1627
1724
8961
730
3855
9386
5807
1408
1702
1838
3360
6669
771
2558
7333
8460
3055
4308
5845
1236
1065
9805
9181
6971
6719
7730
2715
3857
6987
4978
6741
683
8838
8978
6183
9245
1364
4054
9053
4949
7881
9333
6277
787
3247
3522
986
8769
1348
4096
715
6166
290
7179
9556
1989
3995
5905
7192
6641
4228
1761
4608
2299
6299
2399
2230
7431
3581
836
1207
3912
6055
550
3665
8188
8177
4258
4229
4439
8256
8897
4477
7156
518
1419
9489
9443
9583
9754
5211
1288
3077
15
2396
5810
8347
8773
2882
5083
9759
8252
1760
6357
7282
567
3183
3037
1491
8502
6969
4963
8476
8879
3596
6446
3429
8363
1668
506
8135
4493
554
3344
8158
1513
4588
7720
7050
8634
724
2722
5425
542
6822
308
6237
5474
4145
4856
9663
7454
1933
1850
1893
4632
6131
6008
5388
4369
967
2377
3920
8835
3681
5192
320
6204
3417
7647
5010
461
8102
6849
2211
7645
4300
6557
3773
9944
9983
4829
977
1575
7773
9899
6650
605
8458
6639
3304
5996
3844
7973
7742
4090
4215
3787
7917
1408
8572
515
3343
5460
7933
4247
2695
512
3722
2775
5058
9508
2337
7368
1026
5848
1129
5023
5721
9558
2227
3539
132
4900
2715
675
644
7911
9147
2295
2726
2954
1097
5308
4012
1876
4572
9770
3029
4194
7895
4873
5608
4408
8255
7191
1208
1170
929
8082
1357
2011
8377
254
1150
2514
7091
3301
5195
7523
292
3513
1041
4362
7191
3987
6132
4328
5236
8124
7399
4778
8008
4465
460
2676
5345
2254
2044
8894
9080
5665
3725
4727
7201
2419
4040
8386
7819
2409
4316
1426
7579
9477
3766
3652
7115
8986
5068
9969
4730
8624
1058
6189
790
5228
8699
4455
1011
7039
8626
1551
3468
961
8561
1785
6608
9693
8903
278
6959
1897
6387
3410
7064
5800
1928
7209
1409
703
6248
8922
147
1839
5022
300
3891
8379
7121
2303
7794
2636
7370
9823
4251
3357
940
9422
2148
3656
6581
3337
6133
4899
4926
568
3673
582
906
8314
6651
7258
7498
9726
6419
5745
3491
7597
8440
9336
6581
1132
6847
2799
5662
9566
2255
9786
1698
9351
3291
8239
1376
9972
4646
694
9600
2269
4945
212
4866
7198
6604
8686
8659
2878
6013
3111
2049
2749
6781
2736
195
2502
809
9431
2397
2123
3159
8346
1662
7450
9332
6211
3522
4267
8726
4582
2275
3244
7341
6373
6819
1391
5981
9945
5206
3192
1856
8240
9325
9491
6258
731
444
5318
4716
6110
71
9789
6496
382
356
6333
9424
7803
8618
3604
6710
6180
6790
1549
3863
2536
7870
3131
6203
3
6940
9551
7282
723
4460
7125
6944
9597
8184
5233
3688
2877
5857
6484
4608
269
7634
3721
6976
2503
3445
1016
2428
1250
1509
7639
1896
4280
6198
7109
9206
4052
1872
1855
7448
3991
2689
3708
3183
3379
8147
3571
3016
4260
1934
7790
8317
9518
2845
7032
6850
6503
3490
7463
1595
9684
3755
9577
5642
1829
7304
2112
9869
1501
5273
7890
2176
9548
5077
8127
8286
846
8379
1787
3152
7534
661
9484
494
1858
8996
8751
6499
665
817
7874
9817
8700
2292
773
6335
7939
518
532
8803
8124
3124
738
3851
8848
8801
8882
9629
1989
1566
5705
3916
5289
8890
4578
8440
172
7491
4172
9133
5405
4254
1368
3629
9999
2662
2481
2427
7801
2374
8402
8203
9079
431
1024
216
7125
1105
4415
1600
1597
5068
6996
1520
4549
7565
356
1587
3177
1550
4777
6811
5502
9639
3931
3688
4528
4642
8091
6886
6283
2727
7301
2856
2683
6670
9192
6419
748
2971
4055
2918
8113
9687
4372
6081
9368
4574
3775
1995
5756
5824
2710
6099
3851
3273
5848
8353
3363
9929
2189
9016
3404
6678
3302
4519
1874
1514
3260
5406
3691
1216
2286
84
286
6050
148
3362
2507
7957
5551
851
1261
9915
6007
2611
5
4006
6877
1457
6231
3382
9916
7149
7274
8692
230
2115
3649
3516
2538
9286
945
313
4163
6874
7825
5106
3536
9831
7714
2507
9343
5697
2859
2459
4223
6941
1696
8257
4913
5979
3232
7778
3696
7120
3388
8437
8618
1069
6546
6098
6086
1162
1317
7421
9613
9537
9514
8912
1830
289
7160
5681
5965
3094
1665
1231
6864
5678
3536
3441
6917
1070
8474
458
9949
646
2611
9609
4538
6522
3966
78
8100
8314
1026
8928
2755
5852
5720
80
1882
7391
5957
8209
1212
5017
5700
7391
9316
4468
8132
79
1846
9329
7693
261
4679
4041
2074
4078
8531
5159
1501
3727
7857
4028
5826
5425
8549
1591
7410
2062
2800
708
4794
1417
1958
6505
7198
1217
3439
2633
1534
3958
2662
3974
2269
2743
9991
2456
3097
5777
2836
8876
8316
708
87
4797
2411
661
1784
1653
1881
1885
9353
8238
836
8164
7483
314
3404
4630
1619
2839
7224
8298
9181
1700
6821
7385
393
3043
2312
2946
4003
9582
2600
5909
4682
7780
3375
3799
1006
234
8901
6769
4166
5556
9412
7914
8894
7255
7931
5277
1180
6150
3601
2594
4150
5005
3040
2233
5362
2285
3938
9762
1466
4478
7543
9247
4103
2708
8601
545
8141
5465
4058
9444
2012
593
3211
7980
4436
882
6866
9733
3729
5088
996
9063
2097
7431
1038
1737
1476
4754
9527
6526
5092
5155
7723
5153
4567
7040
1702
5477
7199
8240
3645
6056
8202
372
5872
5099
2905
3855
6019
1635
3254
4533
1353
3536
1963
1191
3355
9942
4148
8876
8013
7731
370
638
9587
4017
8094
1163
6829
6314
2588
7379
3930
4682
6357
6656
7824
8783
8596
3434
4550
2552
4868
285
9318
4478
2960
2026
8149
5830
7770
7934
4712
3014
4608
2013
7877
6821
8459
9150
9823
6982
2316
2864
860
641
5782
1858
3654
4263
4300
3897
7566
6227
6465
30
4537
1396
8826
2939
9618
5286
586
519
7809
2425
5876
9993
6876
6017
946
7073
5314
6526
4676
6443
4309
5982
2366
1740
1150
6704
205
8199
2715
1375
2919
3226
1520
2545
8575
6966
3324
5540
4562
5434
6955
3090
7452
3836
2521
6916
8225
9931
6512
5544
1718
7417
6083
8577
2037
7354
2897
7371
5876
7171
9342
5715
905
2633
5537
2484
7112
1809
8016
4151
3164
6923
1140
9877
9414
5901
5411
8268
7489
789
4182
2490
9528
3326
7983
9550
7683
7532
3770
7793
7907
2279
9846
5126
484
8528
2232
5000
7857
5363
9253
2671
6014
8986
8136
5261
634
7779
8067
8967
3535
4869
807
3105
7854
6197
7578
5687
3286
931
3181
6908
8478
7537
1879
5772
5923
5636
4397
3746
2553
9712
9633
6589
5887
5055
396
4344
8370
1983
8270
3645
465
3619
1769
883
8916
4655
2331
8982
543
9967
1698
6580
6256
2633
5205
2651
7891
8500
882
2935
4677
5683
5363
8461
8952
5609
3283
3706
6058
9751
1854
766
205
7789
3975
7027
6214
2227
1648
1794
2549
8422
7981
5590
2101
3507
2539
9420
1370
3866
6234
7543
3105
3814
2723
381
7851
5883
2176
9668
6896
9771
6015
3243
1973
1926
350
3399
8962
52
6486
9199
2658
5490
4909
4308
5727
6074
2849
9686
3380
4499
6155
9742
9732
1564
2043
1026
7861
1493
2143
5481
291
6655
6087
9423
4295
5856
1087
7474
6478
4058
8630
5239
3067
1583
6878
5305
7801
745
8791
1804
9304
1707
7352
8489
9316
4736
2569
1766
6115
4404
8701
3554
6253
5948
3091
6265
4912
6913
7443
9895
9607
9420
9322
9953
7311
4686
4733
4121
5248
4088
6886
7923
4208
2414
7731
6123
6727
5007
2868
5776
3293
7090
236
3625
474
5463
7559
4775
2358
2
611
1111
8218
2173
7393
7410
5639
7239
9607
6494
7531
5556
9903
1999
2279
770
603
9948
3376
2817
6503
9045
7654
2260
2492
9691
6525
6743
7297
8935
8319
1407
4706
6012
2786
1591
4730
8496
1441
1909
1849
1374
1283
4220
3033
7831
298
5441
3059
4295
9719
6383
4980
9609
437
8029
6093
8393
5334
5292
4439
2178
834
7183
7124
3033
1409
3956
4656
7190
6676
4599
7269
9148
8070
8246
9178
9130
393
4144
66
3524
2677
4315
4207
445
8135
2211
6684
5583
5447
7030
4948
6648
7295
3361
3770
5917
5553
9834
4390
9403
8018
362
7347
5571
8805
2968
4906
4157
7519
599
6675
4725
1797
8625
3325
3338
6475
9308
9085
553
6603
2970
9830
2997
8387
603
5814
1029
3232
1953
5687
1564
6362
9288
1147
1234
4986
8678
3726
4231
5281
6315
33
251
1439
2839
8395
3086
9520
6928
3904
6576
9099
3038
5552
3540
8601
8098
7420
4754
2087
4071
1304
8121
543
2837
8410
6550
433
6123
3874
6063
2089
3593
3724
2233
879
7623
1581
4225
2965
2398
1363
5025
5256
3540
3868
4699
8438
3463
102
3815
3893
7649
5506
8293
5994
5189
9779
3500
5414
9102
8347
537
3950
2774
2320
6678
929
6152
3663
8862
5178
7346
1706
8239
6774
6230
3893
4663
7498
6407
1555
3831
6601
7686
8839
6412
8665
6164
8305
812
797
5708
4939
2529
3176
8942
4094
6849
8661
7111
802
1908
9913
195
1606
8535
5254
7637
4194
7764
1031
9246
4222
1756
410
8525
6565
9990
2344
5469
4820
8704
6818
7910
3053
5772
6514
3983
3015
7708
4375
3791
6547
2464
9373
8801
2924
1809
3026
1140
584
7290
4584
9611
2584
632
4846
3461
8179
6035
2288
1875
6005
4429
1746
4794
593
9194
6350
5275
4139
2304
9745
3637
9426
819
7511
2241
1073
581
280
1024
1170
6237
1419
8505
5457
3840
9785
9149
5377
1444
3223
9341
9205
4024
2760
4869
8151
35
4618
7090
1149
3995
1391
5369
1421
7639
9523
538
5333
3136
1586
3826
3302
7273
8559
5390
1906
9031
7727
3093
2144
5227
9597
7828
9963
465
1181
3301
870
2276
6779
3466
5764
1079
8917
1399
8099
6717
7613
8065
5176
6574
8607
2837
4952
8374
4816
1423
5485
2622
1381
1562
7976
4565
2040
3592
9951
1360
5634
2515
5543
243
5300
7484
1145
8063
5716
9941
6615
1748
4946
1528
9349
9165
2617
8677
4383
1459
3415
1726
6863
5997
3209
1168
1636
1160
8591
4713
7022
453
9044
9734
7152
2133
34
8820
5358
5434
7565
3521
112
237
2458
8495
7468
3980
5880
5562
25
6870
6509
594
3195
4035
9205
7310
1424
6700
8445
4587
4497
1209
4449
97
9950
6752
7803
6445
6779
8826
7992
495
9560
6768
5691
8853
1750
9255
1832
4253
1133
6647
7393
2058
6051
5071
2179
118
3106
1499
1146
9181
418
1893
4025
1464
677
2876
324
7994
380
1284
1522
7513
3868
7620
4471
6121
1490
1285
5042
984
3698
6916
6734
3811
1713
8396
2852
2354
2137
2457
8144
7884
5874
2157
4937
652
8465
4350
6814
3298
3084
501
214
4981
2621
2420
8786
3317
1757
2126
6801
4451
9298
6639
6866
9195
9617
3840
3216
4449
520
9875
2202
603
27
4094
4162
6409
9250
5162
3462
4113
2754
5823
6047
6075
1610
6423
6966
6518
8958
4953
4385
2554
488
5272
204
1847
1350
580
5085
2860
3963
7650
5286
705
1253
8152
8628
6323
8989
7545
9038
4840
8457
5373
7866
7494
2731
4323
5538
884
2634
3429
4639
8704
2526
5644
3358
5536
2665
2620
7765
2703
7374
4512
3180
3348
6806
8659
3070
9450
2049
4613
2009
3306
4686
3729
2088
8677
7974
9012
1189
2412
9052
7830
9288
5702
4375
1386
6268
7552
683
1185
3708
3532
8092
4347
7071
7775
4128
7426
2579
9225
3954
4951
5426
2098
4029
366
2842
3550
6361
2659
7412
2860
7813
982
1528
1342
9441
4860
6246
7056
4377
4069
153
5642
4312
7945
5694
8196
5577
8787
7676
3007
2159
8236
8473
8496
407
3534
7296
1151
1440
9630
220
9386
4758
9428
6462
6997
3450
5264
1277
2297
4099
1459
285
7064
685
3819
2268
2118
6771
6007
695
4207
5583
5457
8124
7515
226
1504
1217
703
502
6609
3943
1439
1980
5871
9764
3130
266
7696
23
8717
4525
6851
2752
7607
4803
591
2861
6827
1261
4028
6527
4471
7539
8278
6213
9881
1386
3915
2600
8758
3724
2483
1185
115
1981
84
6545
681
2315
6397
488
6054
665
1007
7570
621
1563
6462
4683
2198
5364
9971
6175
108
5803
1954
8454
4517
3311
2932
9428
5351
343
3538
7725
1846
2653
5499
1248
2015
25
8022
5343
7893
632
4494
3045
203
2051
7184
8154
6812
9428
3563
1042
677
4809
18
1426
5455
8158
9511
5303
3228
3971
3556
8221
758
3942
9127
6296
3691
8842
3225
4891
2264
4847
818
5921
502
4559
5356
2962
9346
2940
6784
5286
3116
9347
8970
2964
9017
3094
2255
8034
9020
7118
3474
3593
4635
4814
5222
9101
4766
5879
4776
6484
4445
5294
4061
2668
4277
4681
7714
4576
3104
4678
7767
2226
6314
5447
7625
3580
7642
6557
6579
2177
3663
3318
224
6255
1931
8991
9979
5711
1532
1368
9800
3416
6262
8008
8546
6341
865
4088
9422
1405
1564
9271
8274
5015
4808
2522
3986
514
101
1275
2019
2640
9751
9993
437
1941
6420
7243
2653
8439
4192
5007
820
7716
7682
7665
8583
2466
6600
6714
3232
1341
5737
2426
9980
719
7413
1077
2582
1525
4522
6958
5932
685
4193
1954
8018
7
1926
1867
6717
1710
159
2797
5734
3217
8381
1659
4374
5661
5294
4945
9713
1792
3117
3235
4960
7551
1303
6740
2515
9849
8974
7952
2849
2165
9750
6370
2267
7032
949
2567
270
7462
8346
8749
4270
6032
4761
7133
1003
841
5500
8705
5424
199
3902
70
1463
6373
442
2165
1549
180
31
9759
8092
3301
8510
585
8927
2721
7037
6433
715
8843
8613
3221
3063
4093
5570
3805
9698
6036
2183
3984
6208
7346
3764
5871
5896
1563
177
9097
3361
4738
191
1532
2242
2712
1198
5918
7256
1612
3408
4971
5773
9589
3952
8659
8772
9993
241
8778
3164
52
7777
746
8924
4356
7675
6501
3516
8175
6735
6854
8078
9798
1019
6626
3134
5233
4483
5920
7114
7692
5600
682
3423
1059
1949
202
5725
4712
8265
3552
7193
7448
627
3556
6517
2151
4330
1659
1580
6947
1952
8902
6099
2524
8617
1705
3407
9180
3146
6447
3792
4372
5935
8482
544
3274
3451
8530
4947
7333
1717
7647
5050
4008
5419
6641
3900
3859
3130
7241
1273
76
9110
2387
5263
9500
763
1368
4363
3449
9119
4133
1202
2310
5003
3361
3362
994
2799
3192
531
9118
7428
8674
5379
7541
5386
5430
4029
8706
5758
9931
8634
1234
6292
1761
3104
8958
3775
2664
9001
746
1470
9077
1976
6233
4124
1467
595
6645
13
2652
401
4406
7660
9682
3992
5026
4033
9999
7745
4210
8268
4131
5278
2222
4777
398
9286
5509
7597
8227
9771
6656
5608
9865
1726
2622
7273
408
7408
7540
8475
1235
3407
800
5714
2448
3398
5039
5886
2582
7229
3052
467
2987
9666
6615
5975
97
2498
4512
1855
7141
5693
2399
5252
4953
8132
2220
4339
2799
4432
7911
7132
1009
6117
662
4346
9987
1378
5370
44
9914
173
6051
3103
1513
963
4676
4954
1606
9936
1120
5004
8601
7250
709
6532
3759
3233
3726
4873
3730
1709
2702
5193
2735
6980
6738
2366
8948
1488
9381
5380
4804
8771
3468
9943
5306
4472
2394
3710
3445
702
5415
7362
9831
2149
4121
7594
4312
3173
2810
1355
9075
4751
8802
656
3230
1279
3184
9271
9516
6494
53
1358
5154
1952
6018
7670
9271
2285
9162
1622
3930
2038
8256
8278
2186
2724
4908
6801
5637
9029
276
5496
983
9084
255
5527
6221
9247
3732
7216
5018
3845
6951
471
5448
4859
225
7711
7899
2007
4900
225
829
6386
4963
989
7486
9165
813
5182
4124
1997
8156
1540
