2606
9453
6693
3386
3300
1159
5127
3981
4689
3767
1751
5917
6474
5414
1934
5735
1295
6393
30
4755
4500
5431
1151
7084
31
5067
6464
2045
7910
2129
426
3150
2224
3515
9518
3401
4203
4392
8985
3184
8968
4605
3327
4886
9242
1019
6790
5910
2028
1446
1800
62
8046
6143
2722
5498
3303
3982
4021
206
1398
3294
7147
8035
7305
4083
3194
7728
5530
4753
7482
8874
273
3447
6514
9917
4310
5736
9816
6518
3460
7345
2982
3359
7743
3798
9703
65
5033
6918
7270
8015
6141
301
7155
5607
608
3979
4059
5349
6669
1693
7947
508
8462
7018
1815
6446
2997
6218
8045
1347
4348
3592
3044
8494
3059
4230
9129
5999
6088
1419
9050
401
6300
833
6045
7210
2115
2274
821
2895
7430
7217
6287
9920
4842
1822
3046
1330
5249
8764
7
1323
7407
7765
4297
276
1172
7315
5419
6716
7993
1612
3927
8938
3111
2758
7339
10000
5158
8123
8355
4643
8351
8554
8588
6669
3142
6530
8078
1489
4941
6213
3380
2070
6690
562
3005
1236
7473
99
7992
8337
8757
1853
4988
9458
422
5303
6170
4639
3250
2266
6960
9297
6493
178
3942
5443
7567
6679
4601
5554
3869
2758
1534
898
8226
8992
1351
5054
7062
9124
1035
4663
1326
3701
7622
5478
6053
3995
1813
3653
4065
9596
3273
4867
9665
800
9687
8733
9189
1962
5352
2145
6916
3539
3893
6898
596
3646
5773
2905
3857
6073
2489
3960
3921
5530
7051
2038
1877
9639
706
6161
8131
9456
4362
5008
8957
2962
6123
5986
3459
2802
1815
2274
512
6543
7948
8803
6957
7152
6651
5010
67
4826
8039
9287
7206
5237
7677
6487
5516
5152
6317
4501
4492
6969
7609
5872
2403
7256
5923
1289
6401
4430
3101
5778
9359
6947
7573
9837
5900
6437
7360
6698
3621
6012
1968
670
8190
7813
3787
8694
7111
1727
5796
2197
3131
9660
5826
3367
5973
5777
7639
2460
3080
8289
2083
3050
1757
7002
6400
9424
6546
885
5136
9897
5080
2622
9219
3797
6441
218
930
5044
8670
8367
1936
1649
2523
6382
9990
8354
7620
5443
1897
5098
5869
2242
1644
5717
1527
9886
1266
5473
4100
9947
1080
3035
6318
1607
8417
8797
2785
5074
5321
1047
3142
9888
6433
2279
7388
2600
784
9820
6242
705
8405
371
3707
511
7861
5799
6652
2438
6221
1851
2380
6370
9334
6055
1163
1307
8853
8561
1934
3125
4672
1409
4711
658
5611
4810
1077
9227
7017
5982
304
6312
2468
1683
6273
7450
3190
9795
8820
5819
7915
1014
23
8447
5323
2909
7229
5767
2692
2778
115
8388
8851
4744
4774
5811
6671
2014
1912
5512
7687
1400
4359
7800
7962
9906
6196
5856
7266
1316
436
9577
5080
5206
6909
7495
1303
7007
7338
6959
6681
9167
1214
6806
2350
624
1221
1837
6837
85
8503
9552
658
9133
4922
5594
2105
8067
2135
7159
1456
3550
930
1674
5125
9794
762
4856
5063
6950
8536
1127
6258
9357
4336
4868
3743
4633
7310
2775
8553
1487
3835
8607
4072
9298
8049
5948
8136
311
1461
3800
9511
7061
1591
2238
4606
4453
8502
5586
1515
6437
1382
6072
2636
8805
4524
8206
3048
9516
739
7442
5331
4961
2416
5976
1282
6658
2286
5781
354
9390
3618
842
3110
7983
6053
4238
3432
2080
6239
7586
6546
546
4008
7926
2580
1806
2139
2765
5819
9485
1175
5311
5397
7183
2105
5796
2892
1862
6557
9357
9352
7026
5
3334
32
2537
4712
5828
2510
652
1439
1466
7622
3325
4885
1566
5995
214
4995
8565
2765
2232
4768
4890
1506
4145
5525
9241
5635
5231
4458
4887
478
3814
6421
4974
3380
2898
9148
4657
3659
7299
8204
4751
6327
6722
2922
555
8067
6444
3817
9879
2498
8627
6023
1607
2852
5075
8029
7732
1180
9323
6794
6882
1588
6798
9299
308
7829
5759
8280
2255
2636
3545
5374
1560
944
6956
6385
3349
6517
145
1139
8045
9399
3308
6991
3385
2317
8129
8395
1733
1758
1333
7387
6574
2795
8584
1009
3756
8925
6636
2243
461
4827
2876
436
6099
6420
2913
5186
807
4664
544
447
1305
6867
1695
5171
5348
9017
4689
100
9784
8916
7788
536
9528
4517
6825
8260
2822
8903
6440
5134
1360
4696
7884
9581
2467
4243
2615
5418
184
4019
762
5002
1897
1444
720
802
173
1119
7736
8556
5433
1373
868
9117
5650
368
3227
3193
5655
3344
8180
3732
7990
1365
9479
6638
911
9549
4327
7318
1242
9936
623
6635
541
3826
4921
6115
379
3837
1791
6530
5524
820
5284
7103
2060
5281
541
3841
1336
8046
6044
6131
8035
7944
831
4502
1995
8032
934
83
9854
4911
720
4444
8476
7973
9105
8651
6075
6315
3447
2652
5464
4024
9271
4273
6175
5311
9733
4407
6262
6123
5874
1191
4269
9136
5609
120
1300
5266
6998
3719
6766
2257
1488
1293
9782
65
7356
256
5884
2494
8967
8305
9770
4222
8181
1861
269
8300
7815
4216
2778
7337
4937
4149
8100
9037
3200
426
1821
5305
5907
7577
22
8758
2040
853
5565
5532
2703
6726
7573
1121
7704
5571
5997
2178
7076
1457
1500
4319
8143
6663
1983
7056
6679
158
8503
6930
9073
3981
9086
4759
5162
1121
1900
5441
2662
7068
9771
546
7170
8129
6578
1093
5850
2692
3937
6233
747
734
7836
712
6644
1990
7518
710
3021
6064
5945
1760
3207
8100
6782
5607
4449
5415
3543
5650
9684
4554
1033
4304
1101
359
7412
7358
9164
9653
6910
7915
653
213
1810
321
9527
7619
2146
4229
393
9396
8856
930
6403
8606
4412
920
1319
8157
2818
2680
6483
8603
7268
5592
39
1902
305
7578
3663
3826
2318
617
1598
4169
3721
8264
933
852
4590
5840
3209
9439
3300
8462
2324
4633
2044
1227
8636
1829
1795
9672
8059
1565
1708
4270
3773
3939
3264
98
3345
4716
7604
3703
2344
3321
3588
7356
6805
950
1858
1403
8862
1545
9004
1557
7984
7716
4374
1468
4458
9182
1169
4491
8499
6117
8998
4103
6047
4841
715
5234
3670
6419
548
9545
3670
5562
1950
8765
8759
8885
7790
6321
2319
9745
4843
3220
1948
540
4553
1273
6592
9748
8692
4814
7959
5971
1884
9056
2000
3720
2596
5566
4774
8581
907
9526
2872
7485
4968
5367
28
1303
566
1603
2880
6433
2106
9046
9282
5710
7759
4999
45
8180
822
6951
2105
1071
778
2899
8278
6686
4639
3016
1702
1606
5124
442
6760
1130
4372
5525
827
482
7358
1886
9961
635
3801
8978
5406
6491
4987
1890
9646
9782
3188
8180
3495
5994
5442
7724
770
8339
249
1959
4288
7771
3406
3258
880
6005
1492
2070
3573
5514
3167
7995
2946
1215
546
3062
6907
6041
3045
7979
1678
8972
9885
3414
682
8058
3017
828
7176
888
157
4501
7463
8779
9744
9537
4179
4863
9009
3978
1119
9687
6164
1903
9038
805
7911
1188
7044
9283
5248
3103
9305
1817
4121
598
2244
5176
7177
9637
2650
3265
5041
8885
4765
6266
9334
9539
7503
7851
3343
6461
2541
7780
8472
1288
1415
3239
7937
7224
527
6163
7143
3756
6391
336
8308
7868
3721
9957
4579
8702
8878
6142
5947
8574
6482
8244
8880
4628
8702
3490
4336
4975
5275
8784
2249
9113
1210
9340
3847
8955
9602
5689
7977
1346
3843
2216
4786
4389
2163
7280
9977
5073
6390
6790
1424
7215
6342
6269
2567
7028
6617
4311
2516
1060
1828
9315
6262
1454
5915
878
7021
6734
550
3250
271
4521
3692
5661
7668
2668
8656
2312
6712
2880
5948
5729
7820
6785
4310
8313
9042
6863
905
2413
8652
4533
6924
8673
196
9007
8382
8085
3659
932
2926
3192
7058
6276
1263
1873
3815
995
6387
1227
5684
9833
3506
542
5302
2101
1169
6341
4883
4009
1961
2275
7992
8781
2378
5966
3425
5747
7147
5061
6972
3896
4631
5829
4606
7378
7638
2858
799
5632
7807
6138
1281
9501
413
1551
3630
5290
2337
823
4818
7211
3798
6006
211
8186
9428
4060
9412
3037
8903
5070
8275
4589
9401
9828
7013
267
1936
9756
1716
7067
452
6790
9158
8580
3174
48
9196
3700
4731
5864
5243
5921
6668
5272
1608
3104
5209
9612
4857
4361
2364
8211
5542
4289
4752
7369
9177
2634
3515
1950
2037
9550
6125
9574
8472
3834
7451
4839
6549
2382
2631
1624
115
4523
3629
8931
201
6975
8042
5971
107
2387
5919
470
9277
3330
7864
2706
5130
9143
9633
2121
6626
877
7504
7473
3656
7477
3600
279
5511
2002
8412
18
8938
5403
2679
4877
9972
2580
5388
1217
3520
2668
5217
1434
6724
5878
1826
1009
8440
3586
1351
1072
8255
8773
1230
3031
1456
8518
9302
6733
7713
6237
5931
7349
3380
3849
3289
5139
4832
6542
2164
3089
2121
7006
3791
9310
6596
8765
9159
2147
1674
6863
4946
5088
3875
5070
5715
8974
2421
7197
9873
8563
2067
3746
2427
3791
9999
6853
5895
4750
7211
743
2490
2877
8489
9553
233
9479
98
81
5964
9497
5330
4369
9270
196
283
3320
6337
3049
4247
4268
964
7041
8889
6462
4034
1137
6063
8302
7141
950
306
6309
9844
9022
4831
6932
8978
3004
524
6451
3219
5286
2749
2941
5809
2146
261
2896
2819
2127
8690
3795
8736
9091
8945
3842
7831
3102
1729
2917
9229
2169
8193
6930
275
7308
4630
2190
3207
4169
4696
4879
1530
4546
5276
5896
4217
960
3581
4801
8533
5366
7149
4112
7975
2886
2803
5094
73
5491
8272
835
841
4828
9472
7243
5359
5555
8476
5151
9135
7962
2030
7300
4091
5332
2926
1925
1826
5611
3432
1724
3799
9488
9979
9701
7134
4122
2736
1979
5255
8414
2101
3963
8553
2214
3457
3791
898
3235
1400
1579
2802
2072
5054
718
3183
7118
7390
4936
5847
3919
8726
4543
7709
2306
100
7844
7589
6780
4978
8759
1713
9850
2547
6629
8294
6848
3995
9158
3594
8877
9355
6155
1888
6393
2014
5635
1542
7655
9372
570
4128
4468
866
7200
5469
4695
3442
5132
2601
4077
6315
3222
6523
156
7125
7654
310
9693
3840
7298
9907
4536
3883
6005
5051
2614
9889
8935
8678
6351
6532
6278
8294
1400
9745
1266
3743
387
6302
3297
1334
8737
9356
703
4151
8251
6110
8758
2696
7900
2355
5204
966
291
3017
7334
9570
3410
3590
1547
2412
1859
9155
6350
6155
2952
8143
6193
1544
9680
8595
1897
9562
8413
8806
5793
5835
1978
4202
8791
8073
5919
4690
3523
2376
2915
7681
8118
3290
9146
5840
2213
1301
9700
2343
631
9258
6813
2356
1757
4786
9425
265
6813
8417
4849
7125
4710
1792
8555
8277
2636
2089
2197
8455
4805
9896
2106
4069
4107
8510
6597
2325
740
3476
4690
9907
5983
8733
3339
2013
2513
8036
8457
3800
2614
4310
8540
3992
9752
6834
3857
7992
9882
3535
3047
114
9708
4338
270
8454
7615
7153
5226
2036
7032
5149
5478
7226
8199
4443
6372
6250
4495
5994
7688
7337
5008
420
5433
2924
7607
8624
751
3710
2510
2883
8342
8353
9862
8270
9616
1708
4111
333
3302
7370
4007
6778
6632
9861
464
3028
8449
9849
7474
6992
7112
2228
8933
3118
57
5101
8202
978
6270
9814
6379
6803
3018
1171
6793
5995
4115
4088
8326
1281
9508
7606
503
9192
2619
4536
7753
2064
9203
9252
5511
6735
9479
4111
6393
3016
3092
7024
2262
562
8376
1534
1195
2840
2079
7721
7173
5057
9531
5058
4467
6275
7755
8242
9052
3539
5255
611
2533
6300
7419
3652
8873
3099
5857
1949
568
3048
6043
6237
2907
8593
112
1546
237
73
665
8145
2804
3221
7368
9143
1616
8978
512
4215
2493
21
8315
8530
9031
526
6779
8014
6395
4494
5845
939
5097
1918
3814
3316
9481
2717
8693
6046
1893
9828
8234
8325
8678
725
1820
5134
7936
7352
8023
868
4422
6228
6426
137
1941
3765
7874
4846
1299
5413
6856
7858
8651
7261
7103
5091
4410
907
2541
5435
423
5256
2579
632
7481
24
6833
9352
6673
8818
6601
9397
4723
6988
5859
1107
9145
3895
7198
6133
9155
8696
168
7225
5535
2526
9435
8020
3376
6509
8093
134
2381
9088
5811
9184
9971
8771
1789
6347
411
3821
7494
9996
663
3675
5640
4424
9809
8345
9551
8270
2753
794
9427
1052
2173
8138
1761
6517
6362
7215
8630
9419
2932
3696
4818
8624
5084
5274
5618
549
643
9312
1933
9588
8289
2230
9618
2970
7779
2844
8317
9305
6883
6175
6678
1036
8088
4809
3695
6513
5010
1163
199
2153
1129
6296
6621
81
5197
6494
7811
5030
2569
59
8342
8779
1235
6111
1549
6417
5376
1130
9182
8474
639
1916
2089
986
9898
6464
2835
759
9738
5273
7931
5229
3574
9769
5014
6098
7545
667
6442
5430
9938
4455
8786
534
743
9985
5120
8688
1763
6814
9339
4984
3779
6661
934
1724
9755
1910
5623
5646
6100
8566
2480
1111
263
2255
2838
2803
7824
3260
6424
4676
9747
1621
5214
3454
1252
6279
4484
7629
1246
1699
3049
8384
7515
7341
4346
4938
8448
7478
870
2410
3189
8622
6395
5181
6591
5110
5571
7593
7685
3707
6839
3910
4146
4048
7883
9459
2352
6865
99
7420
6151
6239
7257
149
6493
6745
779
3928
7446
3009
4912
1598
6996
496
9013
3987
4849
5310
4243
8858
306
6488
6020
2140
5534
4362
3479
6673
9317
7561
7913
8950
5786
9999
1353
115
1490
1144
8304
502
2625
9270
539
8051
9713
7071
132
1862
760
4270
7687
3685
9888
8716
630
5156
6026
1627
1324
3452
719
7972
2492
9814
3093
9442
6502
5086
8302
8728
5095
2751
9714
5257
356
6399
6555
4546
4355
8002
8693
1968
1042
5993
8201
4406
2008
3165
9599
5927
8728
527
8607
4833
7069
1093
3401
4566
3221
3144
8103
4740
3216
7556
426
1872
4435
2960
1042
1959
6310
3086
8106
3793
516
3085
4004
303
3074
337
8574
3852
9154
8622
5193
585
1285
6031
3900
9913
7353
5248
6306
9153
2396
5207
7161
173
290
6462
193
9966
1207
6455
9376
7950
8333
2089
2968
4869
8610
8659
8304
2339
2123
1040
7276
9683
60
6044
2519
4115
6265
7939
6754
7028
9014
2240
4000
4446
3695
4229
9511
1630
7184
7632
1095
789
8181
6036
9475
646
6889
3346
7310
1833
7909
3468
9588
4246
3076
8855
2016
4672
2418
3804
1649
6744
1677
1962
4851
6397
9518
2228
4339
3865
9376
9624
4458
7847
2197
4397
3139
9428
4003
7453
2023
8600
9984
479
8264
5476
6497
491
2609
2054
3158
7218
9984
8673
4026
2250
3844
2778
8852
1807
5891
8303
9709
1361
8760
2912
8021
2328
1711
8993
1772
813
6554
5932
5088
8219
506
5533
6389
5168
6780
6637
7745
1926
1478
67
1729
6698
3360
7655
5472
3635
8058
267
9577
3871
6483
6254
882
7576
9707
608
7217
1790
4752
4080
4290
3695
3459
3359
810
4745
4676
2859
9763
9904
6453
2591
6680
8301
1248
558
5906
6246
661
2501
9174
5244
8415
351
5430
1927
3950
4314
7746
3638
6753
3173
9589
9849
6857
237
1574
6691
5046
4188
3573
6011
5922
2695
3913
5123
8621
1724
5647
9909
7544
3345
8986
2238
1919
5194
2270
1754
3126
6842
6287
1000
8716
7423
6125
799
5598
2636
7910
9490
5881
3183
1630
8969
4813
8378
241
5407
5571
1111
1191
1885
6978
6484
4175
4378
1562
8888
7247
9266
1685
4708
6442
4613
5156
1183
713
1495
3808
