6 5 5
1 2 1
1 3 0
2 6 2
2 5 3 
2 4 4
1 2 3 4 5
3 3 2
1 2 2 
2 3 3 
3 1 2
1 3
20 19 7
5 6 3
5 7 6
6 9 7
6 8 12
6 10 0
7 11 3
7 12 7
11 14 6
11 13 66
11 15 666
15 18 9
15 19 199000
15 20 2022
13 16 77
13 17 989898
17 1 0
17 2 0
17 3 0
17 4 0
1 2 3 4 5 6 7
20 19 7
5 6 3
5 7 6
6 9 7
6 8 12
6 10 0
7 11 3
7 12 7
11 14 6
11 13 66
11 15 666
15 18 9
15 19 199000
15 20 2022
13 16 77
13 17 989898
17 1 0
17 1 0
17 3 0
17 4 0
1 2 3 4 5 6 7
20 18 7
5 6 3
5 7 6
6 9 7
6 8 12
6 10 0
7 11 3
7 12 7
11 14 6
11 13 66
11 15 666
15 18 9
15 19 199000
15 20 2022
13 16 77
13 17 989898
17 1 0
17 2 0
17 3 0
1 2 3 4 5 6 720 19 7
5 6 3
5 7 6
6 9 7
6 8 12
6 10 0
7 11 3
7 12 7
11 14 6
11 13 66
11 15 666
15 18 9
15 19 199000
15 20 2022
13 16 77
13 17 989898
17 1 0
17 2 0
17 3 0
17 4 0
18 19 20 1 7 3 15