746 532
601 606
825 293
826 912
190 789
42 180
70 914
741 90
28 83
198 67
589 384
446 396
624 523
57 129
57 976
765 331
817 67
238 745
493 154
528 632
735 13
616 339
556 855
892 330
978 458
304 795
358 210
613 663
617 609
874 24
855 492
291 83
392 645
812 60
614 306
143 596
77 677
55 525
45 589
803 802
17 359
295 516
637 825
3 134
907 577
621 750
600 816
632 314
784 458
30 257
405 799
321 912
810 278
455 638
264 132
372 430
885 387
261 550
489 351
205 804
385 333
11 817
343 428
184 466
981 548
336 309
212 342
66 890
787 559
416 762
944 274
914 7
734 169
295 765
299 260
239 237
661 810
18 151
788 187
315 916
290 895
255 941
205 313
673 355
240 189
360 644
718 609
763 984
965 837
148 239
43 543
889 784
391 163
148 624
375 298
845 999
955 623
561 158
113 988
181 289
418 954
554 498
621 427
483 953
846 842
97 299
988 675
409 409
273 938
669 207
502 493
133 413
931 514
789 424
632 609
608 676
355 308
70 720
294 427
733 196
639 936
288 223
523 376
54 929
478 646
637 970
965 852
751 147
770 386
166 373
163 435
889 180
585 147
62 181
121 691
391 529
352 492
297 898
255 871
286 940
363 735
276 195
972 613
581 692
838 482
17 723
827 245
938 922
669 105
546 373
940 843
119 175
55 675
395 509
652 62
187 423
310 204
25 542
581 378
285 932
68 276
2 256
932 204
560 194
509 950
376 286
486 768
81 593
396 232
557 392
625 104
464 677
801 852
47 302
761 359
294 216
0 273
926 183
801 213
922 351
774 452
600 98
739 518
893 680
502 859
177 355
868 902
695 640
919 889
727 46
429 582
466 124
834 162
94 821
791 355
442 923
612 866
295 386
384 557
201 739
120 217
394 211
260 372
957 279
174 838
804 746
710 84
207 691
184 637
219 440
416 510
747 944
443 307
916 433
52 359
742 209
30 674
774 481
298 498
115 284
917 734
759 907
64 744
661 63
901 673
798 815
396 858
171 661
793 39
811 28
464 565
190 250
797 272
797 864
965 406
779 987
694 351
563 12
810 513
803 320
428 174
450 8
603 353
548 683
13 751
688 476
644 286
301 306
0 670
395 959
586 845
745 392
694 967
28 163
215 958
839 147
515 726
809 371
384 311
185 858
249 203
324 346
128 621
0 680
185 150
989 872
886 447
504 258
161 17
142 302
357 920
181 972
637 651
957 392
125 408
897 265
923 923
651 373
357 176
918 27
639 771
913 923
481 937
326 144
846 606
10 385
554 35
475 728
591 68
681 524
504 565
173 588
20 325
961 443
652 826
937 150
207 11
4 185
256 768
720 859
35 295
133 36
441 130
254 550
501 602
69 309
447 983
593 100
610 760
590 150
305 267
247 821
603 988
693 131
342 316
494 808
200 569
362 690
467 312
685 512
691 970
248 610
176 69
736 968
940 604
813 820
344 593
257 322
82 171
185 537
50 255
767 341
160 557
431 842
250 384
777 608
723 234
315 269
111 332
857 785
953 395
109 639
724 673
125 430
387 442
556 463
328 798
973 165
22 875
481 651
313 811
92 368
142 799
159 486
846 983
350 625
629 595
803 581
317 837
192 659
240 532
52 202
780 797
13 30
648 541
378 858
151 149
177 420
248 850
379 418
536 445
437 876
720 625
235 973
752 931
895 752
938 383
507 690
433 237
9 639
945 211
369 516
328 331
263 706
258 162
982 646
904 609
125 850
950 360
309 888
141 95
610 689
625 115
278 150
497 290
797 599
198 78
642 431
704 138
563 346
548 385
941 761
148 20
542 404
332 529
81 823
102 260
752 571
209 800
354 907
77 875
759 102
52 897
469 69
33 537
572 420
539 571
946 585
317 656
409 989
366 96
651 546
299 563
132 753
877 749
402 724
171 511
53 862
775 575
939 569
41 404
659 479
309 112
548 637
678 187
108 524
950 842
766 724
7 354
665 278
441 949
979 384
907 357
522 389
678 302
202 85
221 108
417 23
869 89
629 186
183 233
800 709
980 559
209 118
966 149
259 27
573 80
521 620
508 125
686 572
880 395
203 505
456 170
971 661
151 762
651 629
597 759
20 600
110 385
634 252
450 73
119 582
924 355
183 943
757 427
447 862
899 93
688 597
130 272
563 473
76 336
143 44
172 49
501 471
747 957
142 154
137 590
30 307
238 652
386 78
474 90
188 18
6 24
932 309
896 560
450 740
902 181
354 405
159 176
674 896
