2862 2777
2022 1806
1850 1528
1329 865
1045 881
1347 128
2930 2186
2454 1879
2682 2217
1767 1211
2137 1267
2385 669
1769 178
2682 1143
2910 934
1787 1497
2550 2225
2535 2128
922 763
2845 1584
1136 613
1475 80
1984 1810
2005 311
2464 884
2423 120
1655 764
1366 1257
2432 632
1731 326
2035 163
531 35
2648 210
2073 947
2494 2056
811 84
2481 1464
1031 83
2640 452
1365 599
1877 539
2753 1879
2472 1682
2425 404
517 72
2534 2157
2311 2257
1195 147
2987 1733
1215 488
1772 1240
1659 1269
335 107
2724 1694
2657 486
1805 478
1742 243
2184 827
1458 99
2620 1874
2500 1344
2355 2279
2550 1089
2416 19
2090 1485
2310 1049
2390 1327
344 234
1117 586
1721 76
2265 1872
2867 873
949 249
786 358
1014 856
2370 560
2742 1292
1354 235
1922 612
2638 2600
2437 660
494 235
2322 2071
1262 1186
2105 276
2885 671
685 18
2684 616
1296 661
226 114
2760 576
840 824
2388 1428
1646 785
2835 1752
2837 2038
2932 2617
2358 1315
1435 948
1704 99
