1611 300
854 221
1857 315
464 408
2746 1402
2033 497
2313 2211
2605 2051
419 42
2301 1804
1193 748
2142 1993
1255 404
2918 513
2456 694
2375 214
264 142
2125 1977
2351 1012
806 436
1968 1117
2589 2277
2407 420
2306 2166
2169 899
2358 1911
1389 553
2490 305
1578 619
2954 1074
1318 174
1081 545
2343 705
2631 1583
2539 181
1692 1271
2067 120
1213 247
380 320
914 231
2388 1432
2840 1389
2358 290
2031 617
1015 968
2963 465
1199 1168
2439 847
1624 711
772 215
1960 1407
1072 507
1826 314
2544 2368
2455 780
804 418
2870 518
2787 1807
1742 514
1955 1472
2577 1187
2507 890
2268 1654
2110 1322
1899 733
2470 2170
2264 1408
1119 822
478 268
2423 2127
2200 1184
2655 1931
2611 1288
1842 261
1602 800
1939 52
1617 1612
568 482
668 41
1157 138
2763 2204
1643 224
2603 1225
1460 249
1916 1472
1772 421
1855 144
2536 230
2706 1063
2769 925
1985 132
650 109
1804 734
1189 365
2459 2363
2337 44
2216 1507
2983 1629
2450 540
1150 1111
