2087 634
2299 1928
2836 619
2459 403
2758 812
2735 1859
2721 546
2882 2858
2042 522
1631 851
2872 2620
1911 323
2363 2007
925 244
377 349
2011 255
1827 1118
2477 236
1532 1245
2464 2337
2895 141
2996 240
2730 833
1679 1623
372 10
2650 1126
1936 1031
111 106
1187 1089
2555 667
836 813
2754 2353
982 724
1722 1246
2786 2360
1379 37
1534 735
2387 49
2443 175
1543 152
2777 2231
1650 876
2578 910
1625 710
1604 287
2371 635
1326 192
2072 643
1014 898
1132 887
1807 169
1660 1111
2961 2344
2968 1843
2217 1025
1429 990
2473 2144
1333 777
2082 692
2316 1626
2274 2231
2671 2162
912 656
2584 457
1360 41
749 43
1899 1139
2480 1913
2641 1070
2863 254
1909 602
2733 2059
917 64
1542 148
648 105
1554 1358
2486 75
2856 962
2996 1304
2442 964
1539 1150
2665 467
2850 1941
2872 434
2998 2626
2894 2666
978 233
621 529
998 226
2773 127
2534 2416
2898 1100
694 56
1015 842
1180 321
2006 567
2000 188
2756 1665
2075 615
2775 1884
