1727 261
1514 1061
2567 2181
2249 2242
2853 2450
2219 1614
2829 671
360 53
1487 1427
1330 769
2334 2228
1966 592
709 536
2275 1701
2257 1774
665 574
1200 1049
1900 1273
495 109
2966 672
2589 2252
2921 141
2575 1225
2247 893
2529 474
1451 817
2477 82
1574 1314
1480 1060
2160 62
2911 871
2844 2733
2095 1446
2069 493
2944 699
2990 245
2124 1038
2324 1140
1169 1142
922 698
2999 1401
1700 355
2295 1985
1429 190
2449 958
3000 75
2745 1560
2344 1399
2836 134
2975 4
1884 51
2977 1232
1220 975
2950 2821
2872 2458
2756 1686
1626 571
2820 2201
2017 1588
2449 1309
1472 1184
2797 605
1044 614
1138 251
963 946
2176 835
2424 1864
2540 573
1133 557
1049 868
1696 413
1812 1222
2957 891
2374 557
2789 2358
835 694
113 22
563 28
1733 1501
2288 1865
1016 424
2886 197
2883 1383
2319 659
2897 1588
2744 703
1507 548
2910 1730
768 38
2460 1123
2050 619
2829 2813
2479 89
2474 813
1811 582
1806 105
2986 1915
997 476
2399 61
2200 1145
