100 2000
95 54 9
46 94 8
86 80 10
5 95 8
99 60 10
84 100 10
63 10 10
79 80 7
91 21 5
44 33 9
21 87 9
90 70 3
26 74 9
63 4 6
65 81 5
14 63 8
53 20 3
94 59 4
81 85 3
46 78 10
80 43 10
50 63 6
41 1 8
43 45 2
48 16 8
64 21 10
20 83 10
48 36 9
67 81 10
85 70 4
84 93 10
25 95 10
80 90 10
60 46 4
48 70 4
54 82 9
50 64 7
96 77 5
78 76 2
61 20 10
88 6 7
4 30 5
45 20 9
35 15 8
50 93 10
59 54 5
95 85 8
78 57 10
37 65 9
87 75 5
92 69 9
5 51 9
33 63 10
18 1 6
1 39 10
30 53 8
10 46 4
69 64 2
79 100 8
9 77 7
56 77 8
34 56 6
21 19 10
16 99 10
75 20 7
32 45 10
46 54 8
20 100 6
21 63 10
67 2 7
16 88 10
59 92 9
46 38 10
17 45 9
70 94 1
94 98 7
61 37 6
79 63 9
29 15 7
37 55 4
96 93 6
86 94 9
49 87 6
68 12 4
13 77 8
99 79 8
36 24 5
52 77 5
97 21 6
14 8 9
49 12 10
38 64 10
40 22 9
37 62 10
77 43 7
65 89 7
66 27 6
77 36 4
71 81 6
49 16 5
52 20 1
13 40 8
16 39 10
41 50 7
77 33 4
13 86 7
2 1 8
12 48 7
96 62 10
87 43 4
5 41 9
49 5 8
31 49 4
15 30 3
61 7 8
24 84 8
57 30 7
3 33 4
87 84 8
46 53 8
69 93 4
95 9 4
87 39 10
38 31 4
97 45 4
14 33 6
65 21 6
57 22 8
82 97 9
99 63 9
96 64 8
76 89 7
71 55 9
74 85 10
17 52 8
43 59 8
39 34 8
100 20 4
34 15 8
88 20 6
78 62 7
16 80 9
56 85 4
56 94 10
94 47 5
33 91 8
23 100 2
16 84 8
75 38 10
10 68 10
49 70 8
19 74 3
18 36 6
80 45 7
1 2 5
78 63 10
21 70 10
98 38 10
78 95 8
56 60 7
44 84 10
65 52 8
29 44 4
68 31 9
54 68 9
79 78 6
93 54 10
36 59 5
74 56 9
50 51 10
76 1 9
8 95 10
81 72 8
5 42 10
60 33 4
78 76 9
12 19 2
35 14 2
92 18 5
85 4 10
43 32 6
45 20 8
92 19 6
99 55 10
85 83 5
41 22 5
75 22 3
50 23 9
53 69 10
86 65 5
38 26 6
63 12 5
1 7 8
86 40 3
9 72 6
36 2 10
7 14 9
37 7 6
5 89 7
74 27 2
88 25 6
33 75 10
8 65 10
35 53 6
25 11 8
86 37 5
20 74 9
49 31 10
67 62 10
99 77 6
30 47 4
1 33 4
18 1 8
96 84 7
67 36 10
65 14 9
38 45 5
6 59 7
27 91 3
54 1 3
29 80 7
93 86 8
11 66 7
40 59 10
33 66 10
63 49 10
3 51 7
12 37 8
35 76 7
31 6 5
50 8 8
56 42 5
98 65 8
78 96 6
43 41 10
32 49 8
47 6 10
5 46 8
96 16 4
32 96 5
59 85 9
54 66 7
89 6 8
16 32 3
65 71 6
74 96 6
66 60 8
25 48 7
57 6 8
63 1 9
53 34 9
65 53 7
57 97 9
4 85 10
72 87 7
50 70 4
89 75 6
98 49 6
17 72 10
90 61 10
94 9 8
30 16 7
30 46 6
52 80 5
84 93 9
18 35 8
49 73 7
53 80 6
34 85 10
41 60 10
52 73 10
43 8 9
9 94 8
19 61 9
64 70 2
17 62 5
42 64 8
100 85 7
74 5 7
45 48 10
20 48 4
4 45 3
1 48 5
30 2 6
28 66 10
56 4 8
95 94 10
30 82 1
48 2 9
67 99 10
12 36 6
5 83 8
43 16 9
55 37 1
83 39 5
58 31 10
16 23 9
20 18 7
71 96 10
6 91 3
38 19 10
21 17 6
85 2 10
13 42 6
5 18 5
24 22 7
7 13 8
26 67 4
14 38 9
38 87 10
2 82 5
16 75 7
69 53 10
54 6 3
31 21 7
78 17 8
33 62 9
42 75 9
80 11 5
79 11 9
53 21 8
55 13 8
34 44 3
98 3 5
24 43 7
91 5 10
48 63 6
19 80 10
66 87 7
90 18 10
9 58 6
6 66 6
45 46 6
70 39 7
29 1 5
10 56 6
33 91 10
43 25 9
80 76 7
90 65 2
79 74 7
39 7 5
60 88 3
20 14 9
90 7 10
86 61 6
89 62 2
78 66 9
37 33 6
64 23 6
86 98 8
100 41 7
12 67 7
6 7 3
60 53 4
1 80 10
68 72 5
99 36 8
92 65 10
27 29 8
76 2 4
12 46 9
23 3 8
23 37 9
22 88 7
69 47 4
18 86 3
38 18 8
31 95 2
36 54 6
66 52 10
98 61 5
24 61 7
25 32 6
14 95 8
37 8 10
59 3 10
42 44 8
90 3 9
19 74 10
97 20 8
11 95 7
63 25 6
12 84 2
16 79 10
36 5 7
94 39 9
36 11 9
29 49 8
10 75 7
99 72 7
4 89 7
62 95 6
46 9 4
17 97 7
10 35 8
73 81 6
64 16 5
95 76 8
54 43 8
87 40 2
100 1 4
89 76 6
63 27 4
26 99 8
39 51 6
33 5 9
90 49 7
20 40 3
16 98 10
58 49 6
53 83 10
3 63 7
30 90 8
9 87 9
94 76 3
79 59 8
92 88 5
37 67 6
29 79 6
92 64 9
38 29 6
85 44 4
51 100 5
79 82 9
4 43 8
19 67 8
92 10 8
100 37 9
53 12 6
47 27 5
74 91 9
84 57 6
68 30 6
48 62 8
65 30 2
70 20 5
99 39 10
22 82 10
35 67 9
36 97 3
75 11 3
83 100 9
10 12 8
19 84 4
90 59 7
13 36 10
39 44 3
28 73 10
40 39 8
5 44 8
85 46 10
9 86 6
1 14 8
18 71 10
82 66 7
31 82 4
93 46 3
18 97 10
69 49 9
25 72 10
94 89 7
22 16 10
21 70 8
97 48 3
2 95 9
30 76 6
27 85 5
89 8 9
15 94 7
61 11 5
13 75 10
9 71 2
69 31 6
40 38 4
34 4 5
94 30 6
23 86 10
70 45 10
20 43 7
100 37 6
30 47 8
8 59 9
13 81 4
6 65 10
2 49 8
80 61 10
44 58 4
57 87 10
33 70 9
86 20 10
78 98 9
24 50 10
33 59 5
57 98 5
46 36 9
99 14 7
6 40 9
14 31 9
16 96 8
17 50 10
61 29 7
85 84 8
56 86 4
12 93 6
5 80 8
11 51 7
29 16 10
24 43 5
39 84 3
28 71 5
12 75 8
32 83 3
96 30 9
84 91 9
47 87 9
54 70 10
65 66 7
34 41 7
17 99 9
1 43 4
56 67 8
43 7 3
30 81 5
59 35 3
24 82 5
11 17 9
23 94 7
70 54 6
75 92 10
23 13 7
25 69 7
62 34 10
22 8 9
91 40 4
93 88 2
91 95 8
24 74 8
39 80 10
99 25 10
14 36 8
31 91 4
53 83 5
5 74 9
70 97 8
85 72 8
96 54 7
33 60 7
5 14 4
97 3 10
59 11 9
89 86 10
64 8 8
28 48 10
82 3 8
49 16 8
82 52 10
82 28 7
14 68 10
72 67 6
86 63 10
37 43 10
35 20 4
89 61 9
27 75 6
63 68 4
35 99 1
32 75 7
92 56 8
87 100 8
12 58 4
41 80 10
43 26 9
75 43 9
10 38 9
93 75 5
49 70 9
30 76 10
20 84 5
21 96 7
18 56 10
81 88 9
22 42 5
35 34 10
95 44 10
100 44 10
47 32 4
15 86 9
21 4 7
67 15 8
18 91 9
2 29 8
59 32 7
26 100 5
92 83 7
68 19 8
76 86 10
86 33 5
32 88 8
50 58 10
10 35 8
57 86 8
80 45 10
76 92 7
90 51 10
68 76 2
7 82 8
11 64 10
14 30 6
97 45 4
2 49 3
12 24 6
91 13 10
79 97 5
82 96 10
100 30 10
51 87 9
27 3 10
14 17 10
54 99 7
17 36 10
48 7 6
69 78 9
29 77 6
59 20 2
3 37 5
29 6 10
88 86 6
98 18 7
46 19 10
93 28 9
40 18 8
21 4 10
99 41 5
93 36 6
26 57 5
40 22 5
36 90 10
92 71 5
21 13 10
54 25 10
79 61 7
79 7 7
57 52 7
15 53 7
2 23 10
89 99 2
15 37 10
75 8 10
1 4 7
20 32 8
80 38 10
92 88 9
32 68 10
77 37 9
33 54 3
48 60 9
80 51 5
98 37 8
86 35 8
60 87 10
18 24 9
31 79 8
43 67 9
78 95 10
85 10 10
32 93 9
10 68 9
52 61 4
62 23 5
28 57 4
83 67 5
28 58 7
85 61 5
57 1 9
42 46 10
72 36 8
77 67 10
28 25 7
37 21 4
75 26 2
22 74 8
86 20 8
19 13 7
52 34 3
17 38 6
15 17 8
16 43 6
3 55 3
96 81 10
90 76 9
18 58 8
35 89 9
97 28 7
39 27 6
47 88 7
69 72 10
72 25 9
87 47 3
80 72 9
64 59 10
83 82 10
31 94 6
8 65 4
20 35 10
45 57 7
8 56 10
86 95 3
73 27 9
41 56 6
28 72 10
96 98 9
87 57 8
28 87 8
62 41 10
5 9 7
25 71 6
83 47 5
17 28 7
19 85 8
27 61 6
14 67 9
93 38 5
45 9 10
7 8 7
87 91 3
26 37 9
72 33 8
91 42 9
54 84 10
86 35 7
45 7 3
17 38 8
8 86 9
77 91 5
99 7 9
23 88 10
79 57 8
94 27 5
62 94 5
32 82 7
83 2 3
31 22 8
83 84 10
34 39 8
34 71 2
7 86 10
14 12 3
24 95 9
88 2 8
88 51 2
84 22 8
65 11 8
47 50 6
74 97 8
75 41 4
92 21 9
70 81 6
72 32 5
70 94 4
4 20 9
85 78 8
21 12 10
73 57 9
66 26 10
17 70 9
27 23 7
48 49 8
55 86 6
56 70 9
87 60 10
81 27 9
21 10 9
22 54 9
87 85 6
13 51 7
12 93 4
77 25 5
69 38 10
20 6 8
66 7 9
76 61 2
16 91 3
100 70 8
62 24 8
25 49 8
72 27 7
8 86 6
6 31 7
75 40 10
26 11 9
41 78 6
45 80 6
54 36 8
4 33 7
38 88 8
23 41 10
37 91 9
28 5 9
58 95 8
8 96 5
69 38 3
44 37 10
23 33 8
50 26 4
58 43 7
80 98 5
64 17 3
38 67 5
7 79 5
77 80 8
32 41 8
75 69 7
85 66 8
54 70 6
83 9 9
75 48 1
26 85 8
99 97 3
68 43 9
49 25 10
95 13 10
12 11 5
94 51 2
94 26 8
95 10 10
36 94 4
22 70 7
41 18 7
74 34 7
29 37 5
35 70 4
15 70 4
50 62 5
71 58 5
27 5 8
32 82 5
27 20 6
82 62 2
10 46 8
78 77 7
83 77 10
64 28 7
52 32 5
40 50 6
32 47 8
94 73 8
48 24 7
19 93 10
48 42 5
39 70 10
21 48 2
84 43 9
97 72 6
99 90 7
20 100 7
97 49 5
67 78 7
64 66 6
50 87 7
89 45 8
20 89 7
68 29 8
38 41 10
51 96 5
11 5 7
49 33 10
36 56 2
5 20 6
30 41 4
3 12 4
38 18 9
24 31 5
98 33 8
10 44 5
83 36 2
77 12 2
99 86 9
92 95 8
97 63 10
8 43 9
90 16 3
41 9 4
35 60 9
28 63 8
99 48 8
70 84 8
89 86 4
41 37 10
58 74 7
79 59 9
25 11 6
37 50 6
54 23 7
19 56 9
93 27 8
56 16 9
45 83 8
64 81 10
79 62 3
6 68 6
55 94 2
84 92 5
89 63 10
20 37 9
41 51 10
83 57 2
91 77 8
36 62 4
57 58 8
27 6 7
41 96 3
47 18 6
31 18 8
19 22 2
64 100 7
74 58 6
72 27 7
41 100 8
73 52 9
32 6 8
13 16 7
86 83 4
35 2 8
59 84 9
86 9 9
24 45 8
18 93 7
80 34 4
57 79 8
95 86 7
34 79 5
9 85 5
54 17 2
88 22 9
70 31 7
90 56 8
93 97 10
60 70 7
89 75 5
82 74 8
92 13 3
51 2 10
19 58 8
17 23 4
36 55 4
14 41 9
77 64 6
2 74 10
89 67 9
52 34 6
12 22 10
67 11 6
61 42 1
20 35 5
10 1 3
8 63 7
58 65 2
33 15 6
8 7 7
80 33 6
90 12 10
53 74 4
51 9 10
43 8 9
40 7 1
14 20 7
12 98 8
68 59 8
99 76 4
70 56 8
39 88 6
53 54 8
26 12 4
20 64 10
27 14 6
95 4 2
74 20 5
96 31 6
55 38 6
58 90 5
96 20 5
41 30 5
19 74 5
80 97 4
15 90 8
17 34 5
61 1 7
64 77 8
15 3 10
86 58 10
98 49 8
40 47 7
35 23 9
16 13 7
21 16 6
90 80 9
39 86 5
16 24 8
74 72 9
9 20 3
87 16 8
18 83 8
91 40 7
80 69 7
75 27 6
41 72 10
69 10 9
68 34 3
49 20 10
77 24 10
26 83 8
61 84 6
26 27 5
65 23 4
23 6 2
56 22 10
4 56 8
50 27 7
18 74 7
84 9 10
91 36 8
58 37 6
82 4 10
40 100 4
40 81 5
65 22 8
72 35 9
4 51 4
78 55 10
68 62 10
28 63 8
27 61 8
67 12 7
38 67 8
84 48 3
3 10 9
9 49 3
23 35 8
13 48 5
62 29 9
66 7 8
19 65 9
17 22 7
39 21 8
26 11 6
14 87 6
99 92 10
25 46 8
93 46 9
60 100 9
98 58 9
88 92 8
96 91 10
87 30 3
23 84 8
52 13 9
37 67 10
98 39 5
32 13 4
72 11 4
61 73 5
27 77 7
6 13 2
27 51 8
57 31 7
99 48 10
40 68 10
21 86 10
13 4 5
31 99 6
2 81 5
55 27 8
12 88 4
91 40 6
96 59 9
17 59 10
37 38 4
26 93 10
28 54 10
67 65 6
88 16 4
20 91 9
57 6 10
66 52 10
13 87 10
94 45 8
18 33 6
27 78 6
65 27 8
15 31 6
83 30 9
20 79 5
67 10 5
79 16 9
82 18 10
49 32 6
63 34 5
95 62 4
62 13 8
99 11 10
27 10 6
71 35 9
50 71 5
7 14 5
87 52 10
83 28 5
12 2 4
48 1 10
26 78 9
34 25 9
90 35 8
71 95 6
3 97 10
53 43 10
4 37 3
40 10 4
23 52 4
42 4 6
92 6 2
13 54 8
57 48 2
19 67 4
23 37 7
31 33 4
9 82 9
89 31 5
16 97 10
98 49 8
25 64 2
57 89 7
4 72 6
81 76 3
95 65 4
33 61 8
36 41 2
99 46 10
37 52 8
47 7 7
60 90 2
91 45 9
91 85 6
47 97 10
95 68 6
8 60 3
53 89 8
20 43 8
22 78 2
28 95 9
41 25 1
8 13 4
4 65 7
76 30 4
89 11 8
28 85 9
51 77 9
19 85 5
35 39 8
8 4 4
100 97 10
96 76 8
51 59 8
17 100 9
29 22 7
15 89 10
12 46 7
2 9 9
12 85 10
47 99 8
43 35 8
42 99 9
81 16 7
73 81 5
41 90 9
87 79 8
67 66 7
18 5 6
30 3 5
16 97 3
39 78 6
44 41 10
39 89 10
31 12 10
26 71 3
100 90 3
30 94 7
92 61 3
49 33 4
95 82 5
21 74 9
1 34 7
95 48 10
25 18 2
21 98 4
44 68 10
62 10 9
6 52 10
42 14 7
18 45 10
26 94 6
60 88 6
70 14 4
34 49 4
98 88 7
44 100 10
2 76 6
3 88 1
10 49 8
89 41 5
30 1 6
42 4 9
2 88 1
50 99 9
81 82 8
63 37 7
87 53 8
92 17 7
65 92 7
74 69 7
33 16 10
70 89 6
19 54 3
79 85 9
46 64 6
59 39 7
41 46 8
20 76 6
89 6 6
92 78 9
63 76 8
46 50 6
92 10 10
22 1 10
3 86 9
65 94 6
13 81 6
95 76 6
24 45 10
69 28 4
76 85 6
33 3 7
86 22 4
80 64 5
35 2 8
65 71 9
71 26 10
77 27 9
75 28 5
24 51 10
36 18 7
18 29 10
30 7 4
89 65 7
21 35 9
56 15 8
67 68 9
90 100 3
62 52 3
5 94 10
93 17 9
81 99 8
4 57 1
66 58 2
99 81 8
48 78 6
51 10 10
21 93 8
45 73 10
53 66 6
32 19 3
55 62 4
17 72 7
94 26 6
23 16 10
78 35 9
79 14 9
3 54 9
58 88 7
71 57 6
63 47 7
12 48 4
96 8 8
75 90 6
22 34 9
68 84 5
13 60 10
72 2 4
97 70 5
55 13 4
72 80 3
29 38 3
9 89 6
80 69 10
59 24 7
83 39 9
35 33 6
53 33 10
2 26 5
57 7 10
58 60 9
1 82 6
75 30 4
32 90 8
70 86 8
90 49 10
19 15 9
83 30 9
6 14 9
80 98 9
99 37 1
48 49 7
82 14 7
18 88 9
85 40 9
27 79 6
18 36 9
72 22 9
45 46 7
72 92 8
52 39 7
92 68 7
54 32 9
34 70 7
48 25 5
54 17 7
7 69 6
42 19 8
43 98 4
98 45 8
59 100 7
96 10 5
88 58 7
92 20 7
47 58 2
9 42 7
3 8 9
42 11 8
55 18 9
100 40 10
61 46 8
2 70 10
11 93 2
64 40 7
52 28 6
94 43 5
35 52 10
37 27 3
72 89 1
20 27 10
70 53 9
29 4 8
36 95 5
82 93 3
71 92 9
31 100 7
77 62 4
47 95 6
3 95 8
74 62 7
26 54 8
14 34 5
59 66 10
38 46 4
36 66 7
14 19 3
63 93 9
73 55 2
44 86 8
64 52 7
47 23 6
9 72 5
72 43 5
45 26 9
67 8 9
79 44 5
30 37 10
45 2 2
23 21 3
59 43 6
13 90 5
99 82 6
72 91 6
38 8 7
63 43 9
59 48 10
89 2 3
75 16 8
27 98 7
95 75 9
86 62 8
98 58 9
14 100 7
46 83 5
54 18 9
7 79 10
7 43 10
81 69 9
90 54 8
2 19 10
90 66 8
76 51 5
18 4 10
76 87 10
20 21 4
45 2 4
36 31 7
78 96 10
30 12 8
44 60 7
57 4 10
76 25 7
94 92 7
73 40 10
45 8 4
91 68 7
4 69 10
57 67 3
21 29 5
5 49 6
75 90 3
26 81 10
63 71 4
79 4 10
67 12 9
49 24 7
59 33 9
60 4 7
22 30 9
32 69 9
45 83 8
28 91 5
84 16 8
69 5 8
42 94 4
11 49 5
93 33 10
6 92 5
76 58 6
27 49 7
24 75 7
62 73 9
4 58 6
62 21 8
32 56 9
32 1 7
19 24 8
95 22 5
66 26 9
59 44 5
96 73 7
67 62 9
39 13 10
91 24 8
48 34 10
17 61 8
59 12 9
80 74 9
28 77 8
79 6 6
16 58 10
25 86 4
46 30 7
63 53 10
22 1 10
9 28 6
46 13 2
13 96 9
47 62 10
42 39 9
79 29 7
40 35 8
45 79 3
20 89 7
53 65 2
37 10 5
44 27 8
87 8 10
18 95 9
95 50 10
96 55 7
65 86 10
12 91 6
80 14 9
40 15 10
33 69 5
88 43 10
73 21 6
8 70 9
26 36 4
51 9 7
28 45 10
100 80 5
70 73 8
72 78 10
5 43 5
18 78 5
70 66 8
96 8 7
75 42 8
74 94 7
39 85 9
98 67 8
87 85 5
37 70 7
45 51 7
18 59 9
91 80 8
62 91 3
31 5 9
17 82 10
64 81 7
30 35 6
90 3 9
73 69 10
9 22 9
71 42 9
13 37 7
69 29 6
62 50 10
44 52 9
64 20 9
64 49 8
6 68 10
2 9 10
19 90 8
7 45 8
96 25 10
53 100 3
48 37 7
13 47 3
69 85 8
43 42 9
54 96 5
70 60 8
73 83 8
50 15 10
38 64 9
85 77 3
89 99 5
95 91 6
86 51 7
98 22 8
68 36 9
51 56 8
72 58 7
85 65 9
22 1 10
98 67 10
9 3 9
69 20 8
64 28 5
96 42 8
58 7 10
92 2 8
78 94 10
65 74 10
2 57 7
30 68 10
40 31 4
63 80 3
57 93 6
56 65 9
3 49 7
99 14 5
43 74 10
71 23 2
89 8 9
72 9 10
5 57 6
1 66 7
1 76 9
17 85 9
97 79 8
84 10 5
19 30 2
19 23 7
44 21 5
35 28 10
79 92 10
63 75 5
76 12 4
55 94 9
97 43 10
74 3 10
82 74 6
79 37 5
13 67 7
25 13 1
13 7 7
61 32 10
37 68 6
24 94 5
10 52 7
24 84 2
25 45 1
93 27 8
29 10 10
42 4 10
40 7 6
82 21 10
95 55 7
85 45 9
97 4 7
81 12 6
26 55 4
8 11 8
81 20 8
40 2 10
100 25 10
83 93 3
27 57 10
76 34 9
90 33 5
39 14 4
56 43 6
62 81 6
16 5 5
77 34 10
51 16 8
98 67 10
4 98 4
37 70 6
7 40 4
99 10 5
48 92 4
63 89 4
17 85 9
45 75 9
79 53 2
80 85 4
51 49 2
92 13 10
27 49 9
25 97 4
43 100 10
29 54 10
53 55 9
47 61 8
11 76 9
1 40 8
49 6 8
83 24 7
96 16 9
30 25 6
52 22 8
95 65 6
82 70 8
91 12 8
2 51 8
85 88 6
19 34 7
25 72 8
9 48 6
80 71 9
39 41 4
73 45 5
19 31 10
78 37 6
94 14 8
93 35 10
12 24 8
59 71 7
36 35 6
100 84 3
37 72 8
99 43 10
69 31 10
7 6 8
6 21 7
79 50 7
76 8 5
9 27 10
66 96 8
45 39 8
28 31 3
31 83 10
47 75 8
41 73 7
95 51 9
51 68 2
98 25 2
94 38 10
69 94 9
65 7 5
23 55 3
25 67 10
48 21 6
37 36 4
7 46 10
16 17 8
58 24 6
23 55 7
12 11 10
70 45 9
94 15 8
28 7 6
62 20 10
50 93 6
86 21 10
77 88 9
83 59 1
63 33 8
14 99 7
76 53 7
21 72 6
28 30 10
7 53 7
86 66 9
87 13 9
22 100 10
70 86 8
78 62 9
100 23 6
6 47 7
54 17 3
24 81 9
88 97 7
47 22 10
46 55 9
9 49 8
62 90 7
61 76 5
26 3 8
57 87 7
8 26 7
44 93 9
62 18 7
72 11 6
80 52 9
25 56 6
73 64 10
27 71 3
42 36 7
12 93 5
34 93 6
79 77 9
96 46 9
60 86 2
9 59 7
56 98 6
79 95 8
39 96 9
50 46 7
16 59 4
16 26 10
8 50 10
87 44 9
58 16 3
100 39 7
62 17 10
23 21 8
82 91 5
92 70 9
45 42 8
26 65 7
30 94 4
57 11 8
22 56 4
73 72 8
34 61 8
95 42 5
64 68 7
4 1 10
13 4 8
85 67 9
35 50 8
49 11 7
81 98 8
1 77 8
63 11 9
40 52 8
61 2 2
100 81 9
91 37 9
46 18 8
34 36 7
79 15 10
45 70 6
100 4 5
85 22 7
99 16 5
75 74 3
73 76 3
58 8 8
100 47 6
61 2 9
3 34 10
51 18 4
94 49 7
54 52 7
1 50 6
15 75 9
21 39 6
45 27 3
39 74 6
86 53 4
39 70 7
44 93 5
8 63 6
77 94 7
19 37 7
88 87 8
57 16 7
58 27 10
28 91 3
60 22 9
18 28 6
20 37 6
72 99 8
1 41 8
72 47 9
48 96 4
9 97 6
7 86 8
2 57 9
54 42 5
89 72 6
75 58 3
32 92 10
11 94 10
1 25 5
81 32 6
57 22 7
88 74 6
60 94 9
5 23 9
1 72 10
55 57 10
94 67 5
96 34 10
16 59 9
64 31 10
94 15 6
87 90 2
57 94 10
3 86 4
27 82 6
42 39 10
96 55 5
65 1 4
54 20 7
72 25 10
70 22 1
52 34 10
47 91 8
68 94 5
21 48 4
19 35 5
77 99 8
37 14 6
76 49 7
47 15 9
82 24 10
86 47 4
90 53 3
68 7 5
1 82 3
28 17 8
67 66 6
70 60 8
89 65 7
46 69 5
81 21 8
20 75 2
84 23 4
17 26 8
63 59 6
24 55 9
61 80 9
63 69 6
36 31 5
75 88 7
74 40 8
69 14 6
71 40 7
34 56 10
55 21 7
99 3 10
4 22 9
31 70 10
73 3 5
90 89 8
1 68 10
99 72 7
88 20 2
94 91 6
94 2 6
46 18 7
87 73 6
97 77 10
14 15 5
79 35 9
85 10 8
32 100 7
54 11 5
36 29 9
51 87 9
60 6 5
62 8 5
35 39 6
10 84 9
34 22 8
51 66 10
55 95 4
93 78 9
20 60 9
37 42 6
15 13 5
22 79 6
45 78 9
57 66 5
9 21 8
19 89 6
93 11 5
87 40 7
83 37 9
76 52 7
82 91 4
63 69 8
44 55 5
90 81 10
61 11 7
6 53 6
28 48 10
46 81 9
13 43 8
25 10 9
75 62 10
75 71 6
39 13 10
41 46 10
52 6 6
68 16 10
84 53 10
47 99 9
96 74 10
15 94 8
42 60 3
90 58 9
24 8 6
16 78 6
8 25 5
23 18 8
44 49 9
92 39 9
90 64 10
90 74 7
31 21 8
61 40 8
10 63 7
80 20 8
85 47 6
43 60 9
80 69 7
48 13 6
15 76 10
94 96 10
100 12 3
55 53 9
73 66 7
75 67 8
10 32 4
81 32 10
30 58 7
34 89 10
43 29 6
6 96 9
38 89 8
26 3 9
98 72 3
96 7 8
5 31 10
17 55 10
85 37 5
4 71 9
97 35 10
13 73 7
52 13 10
22 16 7
75 35 9
66 90 9
67 42 7
78 28 9
64 93 3
41 79 10
66 85 9
73 53 2
88 7 9
63 64 4
32 17 10
91 56 4
22 24 4
43 59 8
31 78 10
38 98 9
25 28 9
73 28 5
48 68 9
83 13 3
32 27 7
