400 2000
273 84 3
345 110 9
186 3 3
241 353 10
318 187 10
88 331 10
64 101 9
229 60 7
324 253 6
71 268 4
317 281 5
121 245 9
222 205 10
244 132 2
197 305 3
64 37 3
64 119 10
237 96 5
350 72 5
151 340 8
267 36 8
237 129 10
352 302 10
288 133 10
250 214 9
35 263 10
288 269 3
148 172 10
390 199 10
59 2 7
251 198 8
378 62 5
76 390 10
218 114 6
342 257 9
87 269 3
370 85 8
71 85 9
211 328 6
128 281 3
308 176 10
107 356 4
24 215 10
165 297 10
104 116 7
386 132 8
76 184 6
68 389 10
29 72 3
179 385 6
26 234 6
201 214 9
214 312 7
212 72 10
277 227 9
397 272 8
1 100 1
244 236 9
293 352 4
178 16 8
345 257 10
224 167 5
359 185 6
239 220 8
230 6 10
147 321 3
182 102 10
88 306 10
115 210 5
189 175 4
388 314 5
298 141 10
318 233 9
29 196 4
94 106 10
140 62 9
241 135 3
144 296 9
182 13 3
151 327 10
186 297 3
133 112 8
195 165 9
298 357 10
51 395 8
16 334 6
146 130 7
72 178 4
10 219 10
308 109 4
190 221 9
149 162 3
176 371 7
248 20 9
27 248 9
255 221 9
324 12 9
222 52 6
361 371 10
213 250 6
309 38 4
129 88 7
134 24 7
96 316 10
270 185 7
227 352 1
155 236 10
372 45 5
110 129 10
257 180 2
98 246 6
20 101 8
328 351 9
69 239 10
389 110 6
208 135 2
336 304 7
75 152 10
23 48 7
64 350 4
140 80 7
111 398 7
147 140 9
204 292 10
160 99 9
22 240 3
303 131 5
85 97 5
101 373 8
278 67 6
47 340 7
93 36 9
101 157 6
50 294 5
230 21 7
334 191 8
174 399 8
274 277 8
23 63 7
2 78 9
272 14 2
12 40 8
100 356 10
12 51 6
9 135 6
43 377 9
256 318 7
287 29 10
264 376 10
54 42 8
121 340 8
1 303 2
107 9 2
72 212 5
216 105 4
276 361 4
2 55 4
212 209 8
185 105 7
362 302 9
342 24 9
133 132 6
191 129 7
88 248 7
140 153 8
112 153 10
350 61 5
23 193 10
245 344 5
272 369 9
5 263 8
310 43 8
367 104 4
57 257 8
255 92 2
387 344 4
85 235 4
214 50 6
111 95 9
236 250 8
190 69 7
36 161 6
373 11 6
66 56 9
99 133 8
265 205 4
229 397 4
141 161 10
216 279 7
12 196 9
130 349 6
4 282 10
205 314 4
64 50 10
242 71 6
352 58 7
397 188 8
99 323 7
53 234 5
98 321 5
315 388 10
288 244 10
375 110 6
164 369 5
138 365 7
387 117 8
217 54 10
74 244 10
230 112 1
368 339 10
260 328 6
107 8 5
304 16 7
304 233 5
374 194 4
55 49 6
224 316 7
106 128 9
60 228 6
135 54 5
269 365 8
343 330 10
295 75 10
50 147 4
273 347 9
374 260 4
174 119 6
237 221 9
336 187 6
227 199 6
41 388 4
309 150 9
233 295 7
90 358 4
268 65 8
338 3 6
197 184 5
43 343 7
349 113 1
370 178 4
141 399 8
179 276 10
321 102 8
156 140 10
50 145 9
35 113 9
379 20 9
231 223 3
128 27 4
31 260 6
151 386 8
226 390 3
12 163 9
174 53 7
74 382 9
328 90 9
294 282 5
123 394 7
36 171 7
168 108 5
342 214 6
290 130 6
259 198 10
236 230 9
320 396 6
248 70 10
92 331 10
253 182 4
283 255 8
126 346 10
157 88 9
162 279 8
247 57 6
321 226 9
329 296 7
110 188 9
143 209 5
76 204 9
313 28 8
336 326 4
277 103 7
126 97 8
197 275 7
237 278 10
98 149 8
363 7 8
57 149 6
207 26 8
40 233 4
363 213 4
285 282 10
172 43 7
207 154 2
351 21 10
251 239 9
379 399 9
186 20 4
47 282 7
256 380 9
340 61 6
367 71 5
314 129 2
108 17 8
260 130 9
322 238 7
57 278 10
358 279 3
147 354 6
60 115 9
161 37 6
172 148 10
203 278 7
86 59 10
172 86 5
352 221 8
94 212 8
221 336 7
279 173 10
87 193 3
244 120 10
366 323 7
316 7 6
32 80 6
34 39 8
65 286 3
335 393 7
216 174 10
261 238 7
166 150 6
121 289 9
363 383 3
83 315 10
69 285 10
82 21 9
21 307 5
313 86 7
398 373 2
375 137 6
2 308 10
400 269 10
356 88 9
269 333 6
298 106 3
333 92 5
126 51 9
138 74 5
329 66 4
331 258 9
265 277 9
72 202 1
33 170 7
29 226 4
316 128 7
164 398 10
184 114 10
364 143 7
370 116 5
376 43 9
246 106 7
9 387 9
378 361 8
218 142 10
330 305 8
231 314 8
121 395 7
160 48 3
24 47 5
57 295 9
200 337 5
46 9 10
12 350 7
8 333 4
25 100 7
30 331 4
353 75 8
158 276 10
387 256 7
62 319 9
77 282 9
80 278 3
268 200 3
138 10 9
360 287 6
373 49 7
162 273 5
85 397 8
218 134 9
217 155 3
118 219 6
93 240 10
184 386 7
182 387 8
123 254 10
17 116 2
385 343 7
230 253 10
103 397 8
182 46 9
11 20 10
132 116 2
175 163 7
269 25 9
187 374 10
300 236 7
120 320 10
265 8 10
54 25 6
302 360 4
268 61 5
72 356 10
295 35 8
235 313 6
233 215 8
382 292 10
143 352 10
203 163 10
128 90 10
163 253 9
111 173 9
393 96 9
205 22 10
100 128 3
317 336 2
100 243 6
36 48 5
93 310 10
61 29 7
114 154 6
71 146 9
226 169 5
132 327 9
357 214 6
322 163 5
317 189 9
199 313 1
153 77 7
390 228 9
322 186 8
250 392 10
183 227 9
388 344 7
167 168 10
168 211 6
88 3 5
358 326 10
7 161 10
202 179 3
293 390 5
207 16 9
393 335 9
120 363 9
212 342 6
372 219 8
22 166 7
204 239 10
354 195 4
112 135 3
154 272 10
121 288 9
276 235 6
140 35 10
101 387 9
142 362 10
158 38 8
89 78 7
267 351 9
27 319 8
151 214 6
232 27 3
104 396 7
113 231 8
33 331 6
286 64 8
82 224 6
352 39 4
145 183 9
302 294 9
294 219 10
381 357 6
7 195 7
298 337 8
165 125 9
133 27 9
73 195 6
217 302 4
191 271 8
180 261 8
391 230 9
120 262 6
364 290 7
246 219 2
24 373 7
277 57 8
147 327 7
196 206 6
162 41 7
120 188 10
286 34 8
70 317 10
248 30 5
73 224 10
14 344 8
254 175 9
332 317 9
89 227 7
127 315 7
39 27 8
391 256 8
307 141 7
175 246 7
258 353 10
263 149 4
65 120 2
181 300 7
128 144 2
319 30 8
66 390 8
393 249 6
118 18 8
239 385 7
345 287 8
66 342 10
87 367 10
17 244 7
293 106 8
195 99 2
171 34 9
334 311 9
396 289 10
200 180 7
324 358 8
10 78 9
129 31 9
185 255 3
133 234 3
193 51 9
7 261 7
21 100 9
376 256 10
228 190 9
11 243 9
40 96 2
102 130 7
106 103 10
379 320 6
190 324 10
19 23 4
45 367 10
367 266 5
112 17 9
143 283 9
282 180 8
375 353 9
66 83 8
3 280 5
92 121 5
117 322 8
149 147 5
70 72 10
316 147 6
25 326 4
254 61 6
347 75 10
211 194 7
181 255 9
12 144 8
112 294 5
56 387 9
183 325 7
340 266 8
340 11 8
180 250 9
363 72 10
174 64 9
206 331 5
71 227 10
168 336 8
68 332 7
360 195 3
150 304 5
244 302 7
329 7 10
192 170 6
330 375 4
328 99 9
215 205 5
107 353 8
237 322 10
39 23 8
133 210 9
255 231 6
289 312 10
274 215 10
93 5 7
374 379 10
2 270 10
87 52 6
139 323 10
282 190 4
123 219 2
395 177 8
258 221 7
209 107 7
333 349 6
215 205 10
100 147 6
236 162 9
228 16 7
158 141 5
350 25 6
205 179 9
246 226 8
285 341 8
364 340 10
371 103 9
120 224 2
177 55 8
46 342 10
271 162 8
180 184 7
150 321 4
370 355 4
49 199 6
139 222 7
90 257 7
276 266 10
390 262 10
339 169 10
53 78 8
97 396 8
64 91 2
307 328 7
103 49 10
248 347 7
218 358 8
79 200 2
346 341 6
247 139 8
293 46 9
393 275 8
334 312 10
275 208 9
243 258 5
287 52 6
71 374 4
229 110 8
328 67 10
359 98 5
296 161 8
83 348 7
368 101 3
357 391 8
88 308 2
151 229 2
334 18 10
197 292 10
252 258 4
376 193 9
124 269 4
266 57 7
212 177 8
194 99 10
111 119 7
287 29 5
340 240 8
311 133 9
202 282 6
379 11 4
81 396 9
223 198 5
300 48 9
159 400 5
396 366 7
191 123 9
336 145 8
371 181 10
205 16 10
216 141 8
313 302 8
188 334 6
250 254 10
191 384 10
277 167 8
230 256 10
21 344 4
292 163 4
123 89 10
15 358 9
37 188 7
303 84 8
16 386 5
263 233 8
8 225 9
371 353 9
320 76 8
21 68 6
76 246 5
167 240 5
320 345 9
83 228 8
330 56 4
193 6 4
188 113 10
338 341 10
172 63 8
289 227 4
203 14 9
348 290 4
162 250 6
20 103 9
6 105 9
335 291 7
66 152 6
109 65 3
60 129 4
370 66 9
51 177 10
266 15 2
254 184 3
100 280 3
258 85 9
79 88 10
211 336 9
285 339 9
360 244 3
145 290 9
310 304 9
320 187 8
167 1 5
292 36 9
303 76 10
147 182 9
81 318 10
32 259 3
109 141 10
57 148 10
96 151 8
123 362 7
181 397 3
203 386 10
146 186 6
145 82 8
186 35 7
4 190 10
185 360 9
193 92 8
163 263 8
111 240 4
205 161 9
366 307 9
261 123 6
142 399 6
130 60 8
158 238 9
235 29 6
204 106 6
270 395 7
188 147 7
245 239 7
373 239 10
248 207 7
44 212 9
202 50 6
182 154 5
184 67 4
390 360 6
311 14 9
35 64 9
196 240 6
13 182 9
341 203 9
26 379 5
222 65 7
185 146 9
350 211 6
46 279 5
36 181 10
109 29 2
262 81 10
33 314 7
98 168 10
133 183 3
87 117 6
76 102 10
12 27 9
148 205 8
62 341 7
52 330 5
305 110 10
127 113 10
369 394 9
228 251 6
226 42 10
277 96 8
361 329 7
160 269 2
274 396 4
57 385 4
7 366 10
144 246 6
385 31 7
285 16 7
204 199 6
64 244 7
43 181 10
162 137 4
129 142 9
103 227 5
247 282 8
70 122 8
353 88 6
250 331 8
75 231 5
163 397 3
239 152 6
101 206 4
54 256 9
374 289 8
159 112 2
266 215 6
297 86 7
25 41 2
306 312 4
336 232 2
336 49 2
90 41 7
164 243 4
347 261 5
6 169 7
43 218 10
398 73 6
81 289 7
273 145 10
371 186 4
141 246 3
277 58 7
287 365 3
260 280 10
171 274 6
233 395 8
54 375 10
349 34 8
190 393 5
342 309 3
55 68 9
284 18 7
44 48 6
110 316 2
90 84 4
20 361 8
297 322 6
254 11 9
36 131 7
369 218 6
349 320 5
306 336 8
204 307 9
120 211 5
95 315 5
270 300 6
294 235 4
235 239 9
1 311 9
384 127 10
341 145 6
108 169 4
165 198 9
54 119 10
12 75 10
197 299 8
397 78 10
197 368 7
31 156 7
383 280 10
198 85 6
291 105 5
123 310 5
18 158 10
74 215 10
186 385 6
313 244 6
175 293 2
86 57 5
197 102 10
196 256 8
197 12 10
389 183 8
257 172 2
3 359 10
329 74 10
221 69 6
188 312 4
186 128 10
116 331 8
137 87 10
208 226 4
104 17 10
224 77 9
325 155 7
156 255 8
374 243 6
45 11 5
374 106 9
215 366 8
349 37 8
90 143 7
388 49 2
9 323 4
83 369 10
316 203 2
89 243 8
140 147 10
154 302 10
113 381 6
86 287 4
12 377 2
366 35 7
381 210 10
53 214 9
335 211 10
2 226 7
187 41 10
208 240 8
328 186 8
363 356 6
51 160 9
235 396 9
52 45 8
328 169 2
208 218 6
337 124 9
248 86 7
7 385 9
130 280 9
152 293 8
280 54 4
349 229 9
260 106 6
116 162 6
153 225 4
307 110 3
327 159 8
36 37 6
245 250 7
224 55 9
294 118 4
202 208 10
393 51 9
357 81 8
254 329 8
162 149 8
31 350 6
345 298 8
326 231 3
290 158 8
235 64 4
227 397 9
360 150 8
289 314 9
399 33 4
388 322 8
211 49 10
208 371 9
166 255 5
290 197 10
158 28 10
113 40 10
269 305 10
208 288 8
384 70 10
284 186 1
338 175 8
237 113 10
203 365 9
13 101 6
110 95 3
332 344 5
328 281 5
205 251 8
113 204 10
53 23 9
42 161 6
308 115 10
356 86 10
370 2 8
231 244 10
63 248 10
338 347 8
210 338 4
392 220 8
352 142 2
199 82 5
393 383 6
355 171 8
190 352 9
165 70 10
170 260 8
351 28 8
54 334 10
60 386 5
272 175 10
331 10 10
68 194 10
222 213 10
372 51 3
181 111 10
305 154 9
88 77 10
130 15 9
131 104 9
92 65 10
91 258 9
339 334 7
218 75 10
353 233 10
165 21 6
25 266 9
369 189 10
26 204 4
93 345 6
361 108 7
26 91 7
67 241 2
292 51 9
28 228 9
258 311 10
313 24 7
87 86 4
185 6 7
60 349 8
169 304 9
110 31 2
93 340 3
39 34 9
329 108 4
92 246 6
134 227 8
232 297 7
35 331 7
98 178 10
331 266 6
101 306 8
84 8 9
78 317 3
161 166 8
78 7 6
319 55 7
180 205 10
283 202 8
268 155 5
275 276 5
83 373 8
388 358 9
133 33 5
209 394 7
56 191 6
302 112 10
41 109 8
38 178 8
318 362 9
239 24 6
166 171 10
311 103 5
386 308 9
218 254 7
27 240 9
376 176 8
145 192 7
122 366 4
88 57 8
226 120 7
319 235 9
147 325 7
205 123 8
121 398 5
26 29 6
335 245 7
164 160 7
171 195 4
140 51 8
101 65 10
145 309 9
331 193 9
312 396 3
219 135 9
294 358 2
339 1 5
328 223 8
29 166 9
189 106 9
131 280 3
391 97 8
153 342 10
395 130 8
352 334 4
203 224 10
346 355 5
350 384 9
10 134 9
99 271 7
343 142 7
241 262 10
147 66 10
61 269 5
80 355 7
364 278 4
272 97 4
68 286 9
325 112 4
12 187 8
147 50 5
234 149 6
74 386 8
205 290 5
119 50 9
239 260 4
166 259 9
154 333 10
31 339 6
219 242 6
363 132 7
171 262 10
286 191 9
314 183 3
284 124 5
122 163 9
189 238 10
103 321 5
321 43 4
365 271 9
335 142 5
195 359 8
176 360 8
389 145 1
40 291 6
296 113 5
10 190 2
246 366 9
58 79 8
114 147 10
115 86 9
227 121 7
140 384 6
215 242 10
76 79 7
331 186 10
111 78 10
99 47 8
291 269 7
170 73 3
275 134 10
313 392 10
16 351 9
157 56 5
9 197 6
342 79 9
334 25 5
94 332 10
292 383 8
178 18 10
187 40 8
187 132 7
27 149 10
93 248 10
112 1 10
327 265 5
353 133 8
224 327 4
312 369 7
170 320 3
42 90 9
307 340 3
334 1 3
80 379 6
76 21 2
57 210 10
386 194 6
201 137 8
249 76 9
297 114 10
361 113 9
170 371 8
270 90 10
180 26 5
146 129 8
54 206 9
342 69 10
50 71 3
314 66 9
114 383 10
263 360 6
373 302 4
223 201 5
214 148 10
208 50 4
82 253 10
380 132 9
302 208 8
148 35 3
17 56 8
109 76 3
243 237 10
172 303 10
239 208 5
126 389 7
27 255 2
319 246 5
181 218 1
12 278 10
400 87 10
2 67 5
193 14 9
83 9 7
78 87 5
294 58 9
397 96 9
71 393 10
53 158 6
400 282 7
131 106 4
389 57 3
268 176 7
361 270 6
281 183 4
80 87 5
351 120 9
156 364 9
79 65 9
280 191 10
215 124 4
249 392 9
10 221 10
174 314 10
353 334 4
156 206 6
70 14 4
376 340 9
58 353 8
196 148 5
217 313 8
397 381 6
250 242 6
361 199 5
33 253 10
138 97 8
220 249 7
271 354 5
283 263 9
216 146 10
73 387 8
248 84 7
102 264 10
45 119 10
320 63 10
135 169 4
266 132 6
16 155 5
376 226 6
148 264 7
318 229 8
167 243 4
322 83 10
220 262 5
281 140 7
16 285 3
116 399 2
29 216 10
397 308 7
206 80 7
6 126 9
234 292 7
12 333 10
387 102 6
21 252 9
235 271 10
37 117 9
148 206 10
6 85 7
391 1 9
127 151 9
278 172 4
221 313 9
36 95 10
375 317 7
241 279 9
69 244 8
261 208 10
253 270 5
298 84 9
96 358 5
305 400 6
174 222 8
66 359 8
43 125 10
229 231 9
321 129 10
266 291 7
264 379 6
17 276 4
375 20 10
228 346 3
315 27 4
56 222 7
147 22 10
210 24 3
109 36 2
66 361 9
64 68 5
242 19 5
331 211 10
152 103 10
276 85 9
369 260 5
223 310 10
365 225 5
180 66 5
368 157 8
204 38 8
305 131 10
137 95 5
142 354 10
355 251 10
176 179 8
301 237 8
83 110 6
152 338 9
392 168 5
39 338 8
170 126 8
123 332 9
107 283 9
45 7 9
363 103 5
70 251 1
378 359 2
386 133 3
400 359 2
399 292 7
196 262 9
40 205 9
153 154 5
361 274 9
379 134 4
58 394 8
386 74 4
322 324 10
292 251 7
289 15 6
131 35 8
227 124 10
282 200 10
193 294 2
20 90 4
19 157 3
291 131 5
270 99 4
18 318 10
168 140 6
296 272 10
362 198 6
346 220 10
53 207 5
307 155 8
292 129 2
243 324 10
319 2 9
237 335 9
377 46 7
262 25 4
359 397 9
292 197 6
156 194 9
107 273 6
270 57 9
282 148 9
369 280 10
399 348 6
55 169 8
295 169 4
358 45 6
85 368 7
256 395 8
246 207 8
187 218 2
27 360 9
155 395 9
376 61 8
10 204 10
172 121 3
210 322 9
37 327 3
20 297 8
7 297 5
383 115 1
319 62 9
185 396 5
394 242 9
396 140 8
354 144 4
190 259 7
196 325 9
342 306 9
27 196 4
300 142 8
247 129 7
233 46 8
147 293 8
153 351 2
183 53 9
226 136 7
151 348 5
11 93 7
93 281 8
108 32 8
285 86 7
212 11 5
238 235 8
61 74 10
137 141 8
379 127 4
27 324 10
94 338 9
176 165 7
343 262 4
391 389 4
78 84 4
323 77 7
142 131 6
236 216 9
45 309 4
38 200 7
180 291 5
271 107 4
14 31 9
338 274 5
322 24 8
64 157 10
281 319 7
14 78 6
395 252 7
309 109 5
310 225 3
90 216 5
359 330 10
212 215 10
121 247 2
222 168 8
30 5 10
167 214 8
45 113 8
182 94 10
135 146 10
12 32 9
312 288 4
312 99 6
260 71 10
98 399 3
64 332 6
72 163 8
347 22 9
298 259 4
229 27 9
288 217 4
361 313 6
391 341 3
219 58 5
134 82 5
272 119 9
399 112 10
305 44 10
88 232 5
62 288 6
357 251 6
213 110 10
18 27 9
274 117 10
105 314 10
107 169 8
17 162 10
298 247 6
338 250 9
147 46 4
314 115 7
347 260 10
320 30 5
73 71 6
64 128 5
87 137 8
314 140 5
338 250 9
390 362 2
15 28 6
362 366 9
108 186 7
282 342 6
42 90 7
242 376 7
194 353 5
342 14 4
317 260 10
297 207 5
201 227 8
310 388 2
344 247 3
75 250 9
338 274 8
232 37 9
59 290 4
30 352 10
258 79 2
54 129 5
95 199 9
64 259 9
97 304 9
366 360 10
256 366 8
312 300 9
247 213 7
391 196 9
136 31 6
393 210 9
270 237 9
181 117 10
114 151 9
344 14 6
274 309 8
317 311 7
325 230 6
149 299 10
15 54 6
266 76 9
234 233 6
122 138 7
10 343 9
387 268 8
59 14 6
217 40 9
90 121 10
355 41 7
223 179 7
383 223 9
241 85 10
348 118 10
386 201 2
251 201 8
267 288 3
239 145 7
13 323 3
347 87 8
222 385 5
331 312 7
275 392 8
125 31 1
307 79 5
265 122 8
342 279 6
36 196 10
56 285 5
221 190 6
358 285 7
47 234 2
295 27 9
396 375 8
46 289 5
201 4 10
33 354 5
247 251 10
215 130 5
175 82 4
17 354 8
350 119 8
353 193 10
373 9 5
312 173 8
348 226 10
272 101 3
288 261 2
222 400 8
349 313 3
369 344 9
385 188 10
47 222 4
191 41 9
204 344 10
277 257 8
356 321 10
60 388 7
210 32 9
286 58 8
81 176 6
110 337 9
82 283 2
74 396 8
160 399 8
96 26 9
128 169 10
64 217 10
278 33 8
348 49 5
338 221 6
71 235 8
222 332 7
182 128 10
377 322 4
331 153 10
322 131 7
161 53 10
166 102 6
200 235 7
332 78 5
148 318 6
103 331 10
352 170 7
280 286 3
73 193 7
252 299 9
361 142 10
216 97 10
33 142 10
141 16 10
378 30 9
166 327 5
134 102 8
369 245 7
4 190 10
29 297 9
136 273 8
24 383 8
229 371 8
123 160 10
363 112 8
34 321 9
221 324 10
269 304 6
154 65 8
334 46 10
46 386 6
228 239 5
45 380 9
105 400 3
235 338 4
345 25 2
338 38 10
363 330 5
359 232 8
162 239 10
55 155 4
313 319 3
357 136 1
179 117 7
90 126 10
364 355 5
39 20 10
209 52 4
2 250 7
251 50 8
323 239 10
248 188 8
221 48 10
115 147 9
230 336 6
30 198 4
232 208 6
229 154 7
10 106 2
252 162 9
167 266 10
140 277 2
207 194 9
289 159 4
262 344 10
364 29 6
270 236 4
292 241 1
366 98 8
291 2 8
56 212 2
135 148 6
47 15 2
104 94 6
50 299 10
105 92 7
244 64 6
176 188 7
93 286 10
141 125 9
376 148 8
58 391 10
331 251 4
60 342 8
321 150 10
76 142 4
337 79 9
282 40 10
269 174 10
266 268 7
163 53 7
224 142 9
136 308 5
101 16 10
333 73 9
277 317 7
81 271 10
230 239 4
363 324 10
230 378 2
37 129 9
314 325 9
369 293 2
364 358 9
371 180 5
155 105 8
153 212 7
39 156 10
274 162 4
153 209 5
32 206 7
239 197 9
182 261 7
198 294 6
300 17 10
252 294 7
259 114 6
288 122 4
182 115 5
66 181 2
149 241 9
7 315 3
7 367 9
19 226 10
339 37 6
225 20 10
28 12 10
27 132 7
173 48 9
227 108 10
208 17 6
221 210 6
325 49 6
177 155 6
321 367 6
306 366 10
148 130 9
17 129 6
126 342 5
320 235 10
88 234 10
312 385 7
142 217 7
53 337 6
266 241 6
229 219 4
267 61 4
395 80 10
53 126 3
127 57 6
243 239 8
151 282 5
16 101 9
168 292 9
293 47 9
389 136 8
176 180 9
264 394 6
133 199 2
232 166 10
188 159 10
99 349 1
186 384 4
270 114 9
155 45 8
246 196 9
190 175 8
115 385 8
73 1 9
248 189 9
300 301 3
295 377 2
160 87 8
47 350 9
17 348 10
38 186 9
36 170 2
202 299 10
70 155 8
243 159 6
232 332 8
267 255 4
19 362 9
126 303 6
48 50 10
278 347 9
153 182 4
247 235 8
297 129 4
13 334 2
387 308 10
394 254 7
250 67 7
118 382 1
44 293 5
72 71 9
167 322 10
210 138 9
381 67 10
138 144 9
233 99 7
32 349 8
28 332 5
239 369 3
254 80 10
198 269 8
378 307 6
187 106 6
165 229 6
76 364 6
189 143 7
246 292 2
334 394 7
117 389 7
273 126 10
394 269 3
252 264 10
155 308 5
263 102 5
384 174 4
120 318 10
64 87 8
135 77 7
271 370 8
18 335 9
173 135 8
368 110 9
337 179 10
155 365 5
373 55 4
293 131 9
365 271 6
1 36 2
302 285 9
316 214 8
2 15 4
338 351 10
282 298 7
187 219 4
134 107 8
50 274 2
332 53 10
340 86 9
347 235 10
156 250 7
228 355 3
137 118 10
27 53 10
137 288 7
145 310 9
20 366 9
55 127 6
232 227 9
269 192 3
206 399 6
228 377 9
260 214 7
368 176 5
32 186 5
305 327 10
239 230 9
77 64 7
217 339 10
3 396 1
135 276 7
279 16 8
196 371 7
98 340 6
271 181 10
381 335 9
58 158 6
288 229 9
196 35 7
199 308 7
270 159 8
283 173 9
8 24 8
148 223 9
90 212 10
357 158 5
310 166 7
7 35 10
146 130 5
345 47 5
322 351 10
277 26 8
165 49 5
279 56 5
387 184 10
206 45 9
247 333 1
191 220 5
324 193 2
245 26 5
232 338 4
333 203 8
80 81 8
112 368 5
146 367 10
103 119 9
261 304 7
155 99 2
328 188 2
192 313 10
264 17 8
313 80 8
179 13 3
299 220 7
179 190 10
225 322 10
397 37 3
75 20 10
298 292 10
194 321 5
15 200 7
362 340 7
4 104 10
168 372 2
177 179 9
45 134 7
159 387 1
162 336 10
181 347 7
146 136 4
42 138 10
204 197 8
308 49 7
154 15 9
122 152 5
245 192 9
202 25 10
125 6 6
220 7 7
212 59 4
220 145 7
200 225 9
301 9 10
184 59 8
365 169 5
139 179 8
281 109 5
393 347 6
162 113 7
286 379 8
198 276 7
292 354 6
82 260 10
394 320 5
88 181 9
9 127 7
290 159 8
54 130 9
351 99 10
328 387 6
347 180 5
75 246 8
244 111 6
51 394 3
100 383 10
193 208 10
88 347 10
323 193 6
381 104 9
343 383 8
104 325 3
394 73 10
116 308 5
280 116 10
15 294 9
219 273 9
50 53 8
27 66 8
373 321 9
230 241 7
377 365 4
343 183 5
313 99 7
161 379 10
272 163 3
189 302 7
333 58 10
305 91 9
224 271 8
225 88 2
184 364 7
15 258 8
303 134 10
346 140 9
393 321 9
40 337 4
34 183 7
160 186 7
181 215 9
346 172 5
