500 2000
344 329 7
7 240 6
437 388 8
5 310 10
297 364 7
426 139 9
231 61 5
458 236 1
238 394 8
99 111 9
48 164 9
199 181 10
207 173 7
435 347 10
72 13 3
318 353 5
364 480 5
20 58 6
66 161 6
494 341 9
121 160 8
268 37 9
287 252 8
168 262 10
462 419 8
191 255 6
65 264 9
200 347 6
402 167 6
99 477 10
106 323 8
464 24 10
394 84 9
477 285 10
223 278 9
77 230 4
359 365 1
35 17 4
406 9 7
59 130 7
400 69 6
218 164 8
276 436 5
399 181 8
95 481 7
385 135 8
270 249 3
427 259 9
400 349 8
288 458 10
406 357 8
391 473 4
350 437 7
316 74 9
154 206 6
488 15 5
118 467 2
299 338 8
268 96 4
189 437 8
44 432 1
36 206 9
37 239 9
184 213 3
325 363 2
41 147 10
112 140 6
242 32 5
86 457 8
175 244 10
136 166 8
180 200 7
89 137 1
407 248 8
206 408 4
434 414 7
417 21 9
401 367 5
284 438 10
46 490 10
183 386 8
14 277 9
297 38 1
389 253 7
64 88 5
134 341 5
429 94 10
309 331 10
304 166 9
71 1 7
83 58 1
489 81 6
473 400 8
199 245 10
197 206 5
363 139 3
411 401 4
489 459 10
494 195 5
499 208 7
95 426 8
143 148 3
373 207 9
108 221 9
291 193 7
294 127 4
424 379 2
74 114 4
257 96 6
90 478 8
306 171 6
230 118 6
265 30 9
213 142 7
64 230 2
236 29 10
288 5 7
367 44 8
60 465 6
76 400 3
228 356 8
281 486 9
1 405 5
173 222 4
83 379 10
90 180 5
395 224 8
81 413 8
452 485 9
468 181 4
80 329 3
166 279 10
400 262 5
252 112 10
277 299 8
141 79 9
323 129 4
218 446 5
281 236 8
368 455 10
361 174 2
93 419 6
280 331 10
444 459 9
493 298 9
444 173 5
98 422 9
258 363 5
204 471 10
213 330 5
287 134 4
1 140 8
57 39 8
159 71 6
121 268 8
274 442 6
314 53 9
34 73 6
485 226 8
437 74 5
321 178 8
465 177 9
226 119 7
225 102 9
439 78 8
40 141 10
174 34 8
58 489 7
216 321 3
315 278 2
328 3 9
300 483 7
401 441 7
64 146 9
233 334 5
418 277 3
316 328 9
169 272 6
115 151 9
335 458 9
158 212 6
481 27 6
193 155 9
232 22 8
325 190 9
35 431 10
16 127 9
265 459 4
7 244 4
180 136 8
111 355 5
180 324 8
30 218 8
425 144 7
182 63 9
5 309 10
446 237 4
461 18 7
10 191 8
488 229 9
101 334 3
314 221 9
392 399 1
154 414 5
362 182 6
496 353 8
420 293 5
243 350 6
244 277 3
290 405 9
265 225 8
493 244 9
64 347 4
429 459 5
190 419 9
442 185 6
285 207 9
293 109 10
94 285 9
342 287 9
361 51 10
94 354 6
386 84 8
420 32 7
159 344 10
36 343 7
374 212 7
243 476 10
109 350 5
115 149 7
386 278 10
486 228 6
367 383 7
390 9 9
216 475 5
176 96 8
114 252 6
162 343 9
179 266 10
77 192 3
291 189 3
49 398 4
265 88 1
130 413 9
474 66 6
46 412 2
450 140 9
244 424 3
86 366 10
44 36 2
144 49 5
319 7 4
300 54 10
53 348 7
378 465 4
223 205 4
334 270 10
136 5 7
334 253 8
406 191 5
84 10 7
433 418 4
69 25 6
422 62 2
317 22 8
223 213 5
12 495 10
20 39 3
107 93 9
496 484 7
261 468 10
453 121 3
291 171 7
316 202 3
420 316 8
395 122 10
451 274 5
482 187 7
228 393 7
229 137 8
389 428 8
311 349 8
224 42 6
368 267 3
69 278 7
395 426 3
176 165 2
336 476 7
44 470 8
491 245 2
186 488 6
383 459 9
339 195 9
423 199 9
188 70 8
405 403 8
357 215 10
35 303 10
438 144 7
485 132 7
161 350 10
400 310 3
7 404 8
458 224 7
387 98 9
368 263 9
452 22 8
113 395 7
47 18 4
210 406 10
149 371 10
308 338 4
141 115 7
421 426 8
264 157 7
343 222 3
54 185 10
418 107 8
436 109 3
384 273 3
255 157 10
31 455 5
68 142 10
432 467 6
284 194 3
400 402 2
220 464 7
387 191 3
105 359 9
485 148 7
387 390 8
34 325 8
319 488 9
112 343 4
99 423 6
203 144 9
77 19 9
77 270 7
383 245 5
299 224 2
457 208 9
361 219 8
158 79 9
61 196 10
331 227 7
19 15 5
231 79 7
210 277 9
188 395 5
432 344 5
125 233 4
222 182 8
132 123 6
234 350 6
341 205 8
47 74 9
30 268 10
171 175 9
495 361 4
360 275 8
329 369 9
20 344 4
358 116 10
254 121 5
125 338 3
190 196 10
11 357 10
77 416 9
154 213 9
274 431 4
320 387 8
451 235 4
271 474 8
200 227 3
395 192 8
274 9 4
11 439 10
285 52 10
313 36 9
293 161 3
7 189 10
290 212 9
179 192 4
283 422 7
5 34 5
136 283 2
325 421 10
356 185 8
332 284 2
113 120 5
327 499 5
75 176 10
217 26 10
154 216 4
104 230 6
440 296 2
234 320 8
272 401 10
299 267 3
60 447 4
123 88 10
228 72 7
394 276 10
114 67 9
120 329 7
394 369 8
146 453 4
261 109 10
78 301 6
48 443 4
259 377 2
335 33 9
386 489 6
6 314 8
387 165 10
199 159 5
357 141 9
452 68 7
308 24 5
40 84 10
197 257 1
29 129 9
413 431 6
133 269 8
324 251 2
188 379 7
111 447 7
217 140 8
453 205 9
484 345 2
171 214 5
205 4 4
123 487 9
173 348 9
275 329 9
42 292 10
493 377 8
258 217 8
375 7 4
124 271 3
240 317 8
378 328 10
444 247 10
378 312 9
44 319 9
146 149 5
469 277 10
471 425 7
43 64 6
420 173 9
371 493 6
61 47 8
182 228 9
253 282 7
238 305 9
52 261 10
54 427 6
36 288 10
303 182 6
167 170 9
397 424 4
377 119 5
431 328 10
367 277 9
425 114 8
365 174 9
10 180 6
433 242 8
362 478 4
209 140 2
212 275 7
430 200 6
63 450 9
369 459 9
161 271 10
188 296 8
53 105 5
149 14 5
451 171 9
381 213 4
190 68 6
94 238 10
487 486 7
426 447 8
323 30 4
289 78 5
403 128 10
241 498 9
71 249 8
474 175 3
493 280 3
448 95 9
57 188 8
22 429 10
289 441 9
329 279 7
334 57 7
477 10 10
92 276 7
269 284 9
437 181 7
494 60 8
458 403 4
71 221 7
489 231 3
129 203 7
386 267 8
401 464 9
7 181 8
499 207 10
444 496 8
56 324 4
327 162 2
212 193 5
133 356 10
443 104 1
433 402 9
480 48 10
333 234 4
499 225 10
263 70 8
428 499 7
346 46 8
63 88 10
414 427 10
137 195 9
319 253 3
358 99 10
364 479 9
191 363 7
452 184 3
367 303 7
44 294 3
336 79 8
482 445 8
176 368 9
237 81 8
252 44 10
289 162 10
201 127 6
365 249 10
320 36 2
415 263 5
468 19 10
133 70 4
10 268 3
65 392 9
469 455 6
315 322 7
387 453 2
355 220 6
281 447 5
220 397 4
70 62 8
36 152 6
422 480 5
183 335 8
157 355 7
73 290 9
446 187 5
72 102 3
138 40 5
197 248 4
229 241 7
259 22 10
75 61 9
327 331 9
361 84 10
258 108 10
351 483 9
235 175 8
267 361 3
131 22 4
408 205 2
110 216 5
431 339 9
159 290 9
495 153 10
166 219 4
45 418 5
466 399 9
363 70 3
464 195 7
496 370 7
474 136 5
352 489 8
368 105 5
149 208 5
111 31 5
25 342 10
17 321 9
294 325 10
62 197 10
340 26 9
9 213 8
494 106 5
280 250 7
171 439 10
108 131 10
22 110 9
118 462 10
270 180 9
422 417 7
369 429 10
410 373 8
250 171 6
361 293 2
27 297 8
79 36 6
389 83 10
54 25 10
436 138 10
355 260 10
254 231 10
385 30 4
32 468 10
208 398 9
268 479 10
495 440 4
468 412 4
75 88 7
70 415 6
277 329 5
277 44 8
348 449 5
339 464 7
36 68 9
350 346 2
154 165 8
8 500 6
45 465 6
50 59 10
355 306 8
154 3 8
38 121 8
36 486 4
482 80 10
17 190 9
170 350 9
207 105 7
457 426 8
155 156 5
449 486 7
367 161 10
453 34 9
457 315 10
335 109 6
83 477 9
88 77 4
399 23 6
316 28 6
420 440 4
412 373 9
25 123 6
88 436 8
9 35 9
265 42 4
32 276 8
379 26 9
247 217 5
310 32 10
56 193 6
401 467 9
377 96 8
212 163 10
209 277 4
487 453 10
49 242 6
35 426 6
400 20 10
332 354 9
393 163 8
17 34 9
265 210 9
381 173 6
315 488 7
369 284 5
205 322 5
339 287 8
112 476 9
270 460 7
439 233 2
159 454 7
303 471 10
45 466 7
373 16 6
427 271 9
250 357 5
220 47 6
14 135 5
249 50 8
109 31 10
484 338 7
223 309 8
210 249 8
216 472 9
322 102 9
148 204 5
421 406 8
61 308 5
85 435 5
451 364 6
212 162 9
212 340 5
276 217 8
460 461 9
454 207 10
249 172 7
181 135 10
224 95 9
480 373 4
279 110 7
178 187 4
78 138 9
51 129 9
207 156 3
356 297 3
105 500 10
254 200 8
121 78 7
365 451 4
22 127 7
418 112 9
225 124 10
375 23 8
410 183 9
268 5 6
260 295 3
4 408 10
194 435 2
152 444 5
313 32 9
48 275 8
219 287 5
446 369 5
267 409 7
180 404 10
167 319 10
441 238 7
278 294 9
388 156 9
289 236 7
380 288 7
361 290 8
305 343 10
7 292 10
156 108 10
150 290 10
225 202 6
105 480 7
479 319 8
76 202 6
293 26 10
38 358 4
126 92 7
314 405 9
222 262 3
127 371 10
130 116 9
450 57 7
65 52 7
338 245 6
302 30 7
36 267 10
465 32 6
469 27 6
378 144 8
93 158 9
261 366 7
122 23 10
421 193 10
352 260 3
246 221 10
386 291 10
492 412 5
471 43 10
371 332 5
311 182 8
188 377 6
475 75 4
2 329 8
271 135 6
207 188 8
349 169 6
421 25 7
457 322 9
93 62 6
6 442 5
198 211 2
29 40 9
34 259 9
223 151 9
225 40 7
377 219 10
61 476 7
25 11 10
251 474 7
444 408 2
2 11 9
409 79 10
344 256 8
70 478 5
356 379 10
183 26 5
19 408 10
158 449 10
76 130 4
94 3 9
481 402 9
244 304 10
405 145 8
474 165 9
425 107 10
210 48 10
283 488 4
325 378 7
3 107 9
416 331 9
110 377 7
298 264 10
28 485 7
261 214 10
181 36 10
194 381 8
277 473 10
221 351 10
478 449 9
362 379 7
426 456 6
108 415 10
172 297 4
41 357 7
189 200 7
203 272 10
74 203 9
69 368 4
185 8 10
232 197 9
473 248 3
228 475 4
296 275 9
20 320 7
447 344 6
135 476 7
154 180 10
288 200 7
231 424 9
427 369 8
57 232 8
174 33 8
58 223 7
463 438 8
447 445 8
203 270 7
9 418 10
407 477 9
390 290 6
201 478 9
482 96 6
41 346 8
419 389 7
306 286 3
429 251 8
228 132 5
34 65 8
366 470 10
31 386 4
208 491 6
170 345 8
40 408 8
387 8 4
427 410 9
249 152 5
321 211 7
37 380 9
357 250 6
262 276 10
356 113 5
425 45 9
443 144 8
250 173 2
274 148 5
157 377 3
11 43 10
68 338 10
242 186 9
222 455 5
414 354 10
15 243 7
207 136 8
158 26 9
482 351 8
293 449 2
88 313 10
93 452 9
267 55 10
100 440 7
246 35 10
462 135 9
115 42 5
272 211 3
370 326 10
425 148 9
295 316 10
281 170 4
258 200 4
26 168 6
110 278 8
302 387 5
116 269 4
93 375 8
429 41 6
472 85 9
264 406 7
30 435 3
477 402 8
50 294 6
456 124 8
169 99 7
204 56 10
80 94 8
438 282 8
292 376 3
422 333 10
217 410 10
410 23 3
150 94 6
383 217 9
313 92 7
375 466 9
348 117 10
134 257 8
156 497 9
84 93 6
479 21 5
428 257 6
425 386 8
139 220 8
371 280 10
494 234 8
478 306 9
262 321 3
24 468 5
274 380 8
500 368 4
335 497 4
397 283 8
1 331 7
260 70 8
44 456 8
132 208 10
192 395 6
389 85 8
330 204 8
116 267 10
300 306 9
464 20 9
392 161 6
123 252 10
454 426 5
141 174 10
116 12 3
424 265 10
80 390 9
14 240 7
8 248 6
253 177 10
130 417 5
94 257 6
198 484 9
489 31 6
208 385 9
140 367 7
283 211 2
214 39 5
73 237 5
236 380 6
436 239 9
170 42 6
385 42 8
139 345 6
41 8 8
151 394 5
103 264 9
80 297 8
107 180 10
14 480 5
341 183 10
337 49 3
338 454 10
39 58 8
463 24 3
58 323 5
407 327 9
468 82 8
95 133 10
380 270 7
149 36 9
244 84 10
316 257 7
327 271 10
319 414 9
270 68 6
334 344 10
408 249 10
385 25 9
243 352 10
456 164 9
425 389 7
485 413 6
319 339 7
84 461 9
250 282 3
286 121 6
177 367 8
378 239 6
176 142 7
323 235 8
471 202 9
193 442 8
184 239 8
247 243 10
126 306 9
398 411 6
158 239 6
41 472 10
464 122 3
72 190 7
171 98 10
29 42 10
357 340 10
275 50 8
310 485 9
341 351 8
107 72 6
187 442 9
28 237 6
381 435 9
31 95 8
307 355 9
316 338 6
45 26 9
91 290 10
29 393 7
464 214 8
83 290 7
271 490 5
294 7 8
109 331 9
479 307 9
18 364 8
268 320 9
54 139 4
328 50 9
171 451 9
46 297 10
90 352 8
329 457 9
28 202 8
85 326 3
259 448 9
331 278 8
417 68 4
301 279 6
316 479 9
495 480 8
160 331 7
126 223 10
66 368 6
25 219 7
161 36 8
494 98 3
195 35 7
279 319 6
340 17 5
26 36 10
201 110 2
202 69 10
286 258 5
174 351 8
248 486 10
243 158 9
185 113 2
191 481 7
163 235 8
201 203 5
237 267 3
445 480 9
225 201 9
397 192 5
440 413 2
456 227 8
85 274 9
92 401 8
380 345 5
440 312 10
108 417 8
434 383 2
406 403 9
221 41 10
74 87 8
469 368 10
56 275 5
467 257 5
468 489 10
117 350 4
251 126 6
135 35 7
453 350 8
20 144 7
31 187 8
203 316 3
29 165 10
212 396 4
191 211 9
222 363 5
362 214 9
304 352 10
476 303 8
119 63 5
113 123 3
42 357 5
280 23 10
59 67 8
338 197 6
397 363 8
441 353 6
445 282 9
50 53 8
492 474 9
19 30 10
118 347 8
219 88 5
425 234 9
36 370 10
73 458 7
202 215 4
270 273 6
403 54 9
325 112 8
224 483 5
423 484 2
125 296 8
463 405 8
362 100 10
307 234 7
65 458 8
400 200 5
263 247 9
263 363 10
230 22 9
223 214 2
493 353 9
414 150 4
305 341 9
306 343 7
60 145 8
241 475 10
68 496 10
130 13 9
281 260 6
55 217 4
105 273 10
101 297 7
495 41 7
47 408 6
264 255 8
408 132 7
381 469 9
45 227 10
278 117 8
381 365 9
357 306 6
427 158 9
116 240 3
8 127 9
416 424 6
123 246 9
181 17 9
385 317 8
325 429 7
133 234 7
408 414 6
337 328 4
106 217 6
293 376 1
479 389 8
86 229 8
145 139 7
27 473 6
219 120 3
406 441 3
12 418 8
264 174 10
276 407 10
369 250 4
236 379 6
108 384 6
35 3 6
277 153 3
166 137 9
388 97 7
199 468 5
471 39 6
69 87 8
152 332 3
33 429 5
273 381 6
45 182 6
87 492 6
252 321 3
412 312 10
138 495 7
6 351 5
344 280 8
284 461 8
185 232 5
245 226 9
49 251 3
314 423 6
239 413 10
395 41 9
148 358 4
131 392 8
29 15 4
135 28 9
273 211 3
257 363 5
242 67 6
178 243 8
139 44 3
434 460 5
456 302 9
348 249 10
393 189 7
369 158 8
79 214 5
193 479 4
302 335 9
414 249 7
443 425 5
219 229 10
266 487 8
158 7 8
30 249 3
389 61 10
200 80 8
260 498 8
375 459 6
457 243 5
112 469 5
442 352 5
48 167 10
296 89 3
322 138 10
64 268 10
300 395 9
27 142 7
348 433 7
354 285 9
86 322 6
174 378 7
89 7 5
110 163 8
49 235 4
391 297 7
275 392 6
38 343 3
5 414 7
209 48 8
370 27 6
163 176 6
196 484 7
426 383 10
423 362 3
352 53 2
81 35 8
120 222 10
479 181 8
450 119 8
423 379 9
258 404 10
229 256 10
447 471 9
166 205 6
494 103 6
445 283 10
25 94 9
445 64 5
373 166 6
192 342 9
357 366 6
268 445 5
397 80 9
22 440 6
19 112 10
402 18 7
46 395 10
448 162 9
201 198 5
432 34 7
88 24 6
251 305 10
381 308 7
432 361 5
468 305 7
46 225 9
447 46 9
14 193 8
386 265 10
117 329 9
184 76 8
462 383 10
56 365 7
438 492 7
342 241 10
201 312 6
480 105 9
68 467 10
31 432 6
413 444 6
219 256 6
8 71 9
346 431 10
456 242 9
8 27 5
47 266 8
382 169 10
324 481 9
112 161 4
215 270 10
479 344 7
212 47 6
435 388 6
184 85 10
239 339 9
250 444 9
193 298 10
31 85 3
398 298 9
174 271 3
142 375 9
298 341 8
36 255 7
133 112 9
125 408 6
50 33 7
233 35 6
66 391 8
157 168 10
478 479 2
329 42 10
409 320 7
39 313 8
137 421 6
39 388 10
74 155 9
262 228 6
182 103 6
33 400 5
234 263 9
494 341 10
105 439 7
347 340 5
432 342 7
497 147 3
366 113 5
344 59 9
453 289 5
4 275 8
308 273 8
419 388 8
144 454 9
238 256 8
457 143 8
90 122 7
256 330 9
26 293 6
328 444 10
151 490 4
419 438 10
184 115 5
89 444 9
361 362 8
5 67 10
235 193 7
413 307 1
130 177 3
23 348 6
238 360 8
252 438 4
244 128 8
334 59 10
193 255 4
122 330 8
367 253 3
489 418 9
94 138 5
10 208 9
123 15 4
267 167 4
57 64 8
417 67 8
241 270 5
383 469 6
308 275 8
160 51 6
447 385 8
412 283 8
472 140 10
80 309 7
443 36 8
405 14 10
14 407 9
46 391 9
340 149 8
265 129 4
233 346 9
322 380 8
390 352 8
21 137 7
143 147 6
268 248 10
458 372 9
266 230 7
391 95 3
248 399 6
193 431 9
171 178 4
425 333 8
119 478 9
211 278 9
7 194 8
60 347 8
324 135 10
138 96 10
383 68 10
221 96 8
86 171 6
461 488 9
386 425 7
328 240 6
254 275 6
348 420 8
462 21 3
190 342 7
115 8 7
87 107 8
489 453 4
52 116 9
413 199 10
166 34 9
55 171 6
370 332 2
317 418 9
236 192 6
140 249 6
161 223 4
377 8 8
170 51 7
379 58 7
50 182 1
51 178 4
152 68 9
432 406 9
285 320 9
313 197 10
36 249 8
349 86 9
208 330 4
414 67 9
134 367 4
452 147 7
87 96 2
20 167 8
312 148 3
34 325 10
166 338 10
472 194 4
451 192 9
77 108 10
284 228 4
85 134 8
490 127 7
447 208 7
62 21 8
246 32 5
433 441 8
393 38 10
48 499 8
15 328 4
36 401 6
212 312 8
196 363 8
207 329 9
390 113 8
330 235 10
258 498 5
463 125 8
347 266 10
299 51 4
63 291 8
304 70 8
275 48 8
363 498 8
205 300 5
222 256 9
154 25 8
67 216 6
335 62 8
252 484 6
120 323 4
39 228 7
468 34 8
443 87 4
343 373 10
452 316 9
323 199 6
322 483 7
13 384 8
239 281 4
256 418 8
238 493 5
217 6 9
140 286 10
285 226 10
5 80 9
283 64 9
52 258 4
327 38 9
275 375 10
176 265 3
212 314 3
296 107 5
458 109 5
161 135 9
76 415 5
416 103 7
249 133 8
44 168 8
217 33 8
442 23 10
416 292 5
468 305 10
473 104 7
311 495 10
258 450 7
80 226 7
155 66 7
113 425 7
72 426 6
222 35 10
237 453 3
309 107 10
351 418 10
293 483 6
268 243 3
35 449 7
478 419 9
396 101 10
483 270 9
382 275 7
357 196 1
6 164 8
407 350 10
424 351 9
384 442 7
381 354 4
486 70 2
12 322 9
294 80 9
207 150 10
283 191 9
166 419 9
487 448 3
109 385 10
172 418 9
299 35 10
457 135 10
195 289 7
422 79 10
325 266 10
206 143 9
102 380 6
398 479 10
486 400 3
198 24 4
428 51 10
48 208 6
255 16 9
7 370 4
211 118 9
423 138 9
26 340 7
242 253 2
391 211 7
473 500 10
357 440 6
342 379 7
396 200 3
271 332 10
364 76 6
386 370 10
112 127 8
133 255 7
291 392 7
131 233 5
357 182 8
270 184 6
234 180 4
323 70 9
13 378 7
365 358 3
347 432 5
52 235 4
253 219 10
102 269 5
446 350 9
433 391 5
46 464 4
301 12 7
37 5 7
452 24 10
160 49 8
223 358 9
327 49 8
11 373 5
68 272 7
368 294 10
169 94 8
286 8 9
21 409 8
347 67 7
160 12 10
449 300 6
499 17 9
484 28 10
365 423 10
369 499 5
480 431 7
38 245 4
489 390 6
114 307 10
52 40 8
369 104 8
227 489 9
169 334 3
210 126 8
262 269 9
218 379 6
147 66 5
152 365 10
414 39 7
481 472 7
370 269 10
438 372 10
394 256 3
363 498 9
455 16 3
172 183 9
20 244 9
474 258 10
21 86 5
83 184 9
87 266 4
43 54 9
225 421 8
478 49 6
338 180 2
234 410 1
215 387 6
94 271 9
6 303 6
225 489 4
401 259 10
53 88 7
268 70 6
134 172 8
198 219 5
27 61 10
59 335 4
59 25 3
101 400 3
354 134 8
65 358 10
231 156 10
172 147 6
318 390 9
123 8 10
70 220 7
53 309 10
63 351 8
318 295 6
435 29 6
445 89 4
457 58 10
166 406 8
435 313 7
47 24 9
272 486 10
275 65 10
428 337 8
340 300 8
456 477 7
10 444 9
33 321 5
88 60 9
258 477 2
270 250 10
487 281 9
179 371 7
291 22 9
121 399 6
204 345 8
44 372 10
143 365 8
350 389 9
385 392 8
4 76 6
14 193 9
476 233 7
189 246 9
8 440 9
198 112 6
393 3 9
226 101 1
130 199 6
26 31 8
229 329 4
282 155 8
96 455 6
163 200 2
305 382 8
397 6 10
8 408 10
452 368 10
372 26 9
347 109 8
367 220 7
65 351 10
218 147 9
103 344 7
296 13 6
401 435 3
164 364 7
208 373 10
479 66 10
366 59 9
449 330 6
46 45 6
289 467 6
487 381 9
91 261 4
438 30 10
446 179 9
164 82 10
277 443 4
271 385 8
264 246 9
311 449 7
1 90 8
281 56 5
26 192 10
236 101 3
188 67 6
367 394 10
366 83 5
225 179 9
443 216 8
368 268 7
88 295 5
199 298 9
77 8 4
83 378 3
390 437 7
26 314 10
359 38 7
251 226 9
52 272 10
470 305 9
40 481 10
103 147 10
452 240 8
287 169 9
366 389 9
91 311 8
395 470 5
208 323 7
353 331 4
107 496 7
155 114 10
166 333 8
191 72 8
152 491 6
489 57 6
296 40 8
482 419 5
475 164 10
165 386 4
212 471 8
449 466 3
164 305 10
20 296 6
393 36 6
62 314 10
196 81 10
106 116 10
278 71 7
408 225 8
225 301 10
16 29 10
272 51 10
26 476 9
302 82 8
82 310 8
10 173 8
195 82 6
80 465 8
466 348 8
370 382 8
341 249 7
375 75 10
43 465 7
462 233 8
117 341 10
458 270 7
97 479 7
497 154 8
385 310 6
108 78 8
408 180 10
391 188 7
244 374 10
331 33 10
365 68 7
259 431 9
456 234 8
249 466 5
229 299 6
212 125 9
56 201 10
384 354 5
257 73 3
228 259 5
120 141 9
138 369 10
182 331 5
64 462 2
276 308 4
380 145 9
368 459 10
66 474 3
74 353 10
56 383 8
444 25 6
500 124 9
468 1 3
274 188 9
126 407 3
196 375 10
361 418 8
488 263 5
441 125 7
26 119 7
95 488 8
195 497 7
336 52 6
381 339 6
379 349 9
213 38 7
417 194 5
304 205 9
352 413 7
376 136 9
142 249 7
268 348 8
368 342 7
259 321 9
424 173 1
206 317 10
317 381 10
233 282 10
255 153 10
8 355 8
81 324 8
470 125 3
305 53 3
485 242 8
342 198 7
29 73 7
369 484 3
298 267 7
324 88 7
1 482 6
452 235 8
189 318 7
358 439 3
302 487 9
78 98 8
92 345 4
445 463 5
66 235 10
61 78 7
80 274 9
497 397 10
441 63 10
179 170 6
402 157 8
385 66 7
257 375 8
162 325 8
449 408 7
31 106 5
94 185 4
458 466 6
480 113 6
175 160 6
264 435 10
418 350 6
249 82 8
183 104 4
90 286 8
425 374 4
83 500 6
80 301 10
408 214 7
253 367 3
296 289 9
192 417 8
349 352 7
393 424 4
207 121 9
183 4 7
442 245 6
157 402 7
129 473 5
302 399 5
466 372 7
411 457 5
402 81 9
455 214 5
174 102 10
331 21 6
223 130 8
100 57 7
461 35 7
238 362 2
374 477 9
461 108 8
269 194 10
298 450 4
9 12 9
107 183 8
153 493 7
177 471 9
36 323 8
491 476 9
94 393 9
342 261 9
129 107 8
201 195 3
213 53 10
433 257 2
372 328 5
195 3 8
210 332 8
41 431 7
165 9 10
384 489 3
57 234 9
2 195 10
329 41 7
147 401 10
441 428 6
291 334 9
308 203 10
14 258 5
448 20 5
112 393 4
249 290 6
375 190 8
99 364 7
487 432 8
485 106 10
163 181 7
255 58 7
171 408 9
104 92 3
350 182 10
358 177 9
356 3 10
141 383 8
58 252 10
459 309 6
74 91 7
360 4 10
340 406 8
79 351 8
134 397 9
13 417 9
