600 2000
121 332 10
404 91 10
314 205 10
527 85 7
267 478 10
448 4 9
569 401 9
186 526 8
286 289 5
114 343 6
529 379 9
332 406 9
231 308 7
240 256 5
93 487 9
579 319 8
595 315 10
431 453 10
417 454 7
482 317 10
437 31 8
224 407 10
415 264 9
327 183 10
476 216 1
356 350 7
574 32 9
578 528 2
153 548 5
332 149 6
177 264 10
419 587 10
383 523 2
598 345 6
172 521 2
248 292 4
49 481 10
399 112 10
329 590 10
463 431 6
72 104 8
486 444 5
480 304 6
557 304 7
232 171 10
7 119 8
249 156 8
501 151 9
539 206 7
280 331 8
486 373 8
10 38 5
234 476 10
403 340 10
567 409 8
441 495 7
5 75 5
359 451 6
375 179 10
379 551 5
576 419 5
494 78 10
219 545 9
459 420 7
438 392 7
441 232 1
45 224 6
170 247 6
458 107 10
425 568 9
314 17 9
140 248 6
467 283 6
586 201 8
493 324 8
547 412 5
253 499 8
368 231 3
90 98 4
396 272 6
246 398 9
418 427 10
543 179 10
488 35 3
235 496 4
142 233 4
387 55 10
579 313 4
589 424 9
58 189 4
283 127 7
465 287 7
34 333 6
432 354 10
127 237 10
228 247 5
469 183 4
389 217 10
272 570 7
207 100 9
179 315 7
33 230 10
366 115 6
150 463 10
70 58 7
145 413 8
507 137 9
86 69 10
344 439 9
554 501 6
270 498 7
405 564 8
25 276 6
169 267 10
474 101 8
475 421 8
360 460 6
426 148 8
201 546 10
150 169 7
521 303 9
186 152 10
138 15 10
139 135 9
441 152 8
499 558 8
30 548 9
494 590 7
325 507 10
8 34 7
279 497 5
80 340 6
275 348 7
285 227 10
90 436 4
123 193 10
533 353 9
256 557 4
400 282 9
257 129 8
55 402 9
501 381 5
365 375 3
82 231 9
586 134 9
28 223 10
301 446 6
502 227 8
145 135 6
580 424 8
427 382 4
515 134 5
101 328 8
273 154 6
119 49 4
273 416 9
253 98 9
217 277 2
339 366 6
504 383 7
513 180 2
165 576 8
71 548 10
280 430 6
468 580 6
546 222 6
209 270 4
418 488 3
371 366 7
474 163 7
209 60 10
310 80 10
130 450 10
323 503 10
598 416 8
37 125 9
257 369 10
196 173 3
209 184 5
131 305 7
98 349 10
128 164 5
386 282 10
388 522 6
53 590 9
392 493 6
274 505 5
128 219 4
477 463 10
482 436 3
525 258 2
401 586 8
561 332 10
531 4 7
410 40 9
180 295 10
429 171 5
512 109 7
283 176 10
407 34 10
287 251 8
563 600 9
450 487 3
361 325 6
180 527 8
380 276 9
185 36 10
588 1 4
425 134 10
150 85 4
113 221 10
311 570 7
13 212 9
297 324 9
254 34 7
219 394 9
513 336 9
221 206 9
180 178 10
203 60 6
522 171 10
204 139 4
137 422 6
175 423 7
359 293 6
583 516 5
590 193 6
447 4 10
532 151 9
592 411 8
34 519 5
316 495 9
97 313 10
494 445 8
492 55 4
165 547 3
86 341 8
391 468 9
93 60 7
409 319 5
484 312 5
475 195 7
560 148 7
135 190 8
91 162 4
137 467 9
205 109 4
357 434 9
301 483 6
347 570 9
227 277 10
337 188 7
70 541 8
130 397 9
354 558 8
116 147 6
550 518 10
43 379 10
445 107 4
477 254 9
225 544 8
431 250 2
90 261 3
295 116 5
404 391 9
224 560 10
364 169 6
255 210 5
278 500 10
270 249 8
172 414 9
16 177 5
474 239 6
42 306 5
294 132 10
287 261 7
321 31 10
526 301 5
553 507 4
206 459 6
37 44 7
97 552 10
75 78 9
125 73 10
37 331 6
196 398 6
112 62 8
105 520 4
27 367 8
314 379 8
393 477 7
263 159 2
419 301 8
345 239 6
152 113 7
443 536 8
464 559 7
200 476 7
293 386 5
597 3 7
594 302 10
163 486 8
503 292 9
466 262 5
141 86 9
403 150 2
341 287 3
153 502 6
142 98 9
468 127 8
20 241 8
39 555 8
197 263 2
394 267 8
403 448 5
384 25 7
140 453 7
12 162 9
459 471 8
461 372 8
204 69 10
469 442 5
13 204 8
238 275 10
392 270 5
63 186 9
571 502 7
128 129 5
195 228 4
531 421 5
282 267 3
475 267 4
217 357 6
425 491 9
28 526 7
223 556 10
178 567 3
103 195 4
442 311 9
338 262 9
499 260 4
381 573 3
312 404 4
142 509 7
457 231 10
10 461 10
356 309 6
177 38 10
206 303 6
3 252 10
428 347 5
388 288 5
561 415 10
235 447 8
185 50 10
473 207 5
273 362 9
354 99 5
579 455 6
591 540 6
485 142 3
173 318 6
186 408 9
393 344 10
380 145 7
520 584 9
43 124 6
82 239 8
343 462 6
54 49 9
554 217 6
545 58 6
344 250 8
249 322 9
265 346 7
157 316 10
183 307 8
307 177 6
584 461 10
505 87 8
201 449 9
26 258 8
10 533 9
258 421 9
38 259 10
333 568 5
338 583 6
23 599 6
381 515 10
153 361 4
434 181 9
342 13 9
227 583 10
4 144 2
86 18 10
475 98 8
33 128 8
153 424 10
56 587 8
465 66 4
230 509 6
130 326 10
72 554 8
576 355 8
78 496 8
362 525 10
174 207 4
548 347 7
305 186 4
261 149 9
17 42 9
569 43 10
281 123 9
426 420 9
150 349 10
68 55 5
225 410 8
92 595 10
54 535 2
395 340 4
35 470 3
134 261 10
138 569 10
369 170 10
24 386 8
592 92 9
520 131 9
209 95 2
127 17 7
12 87 6
310 452 9
357 249 8
516 131 3
62 157 10
553 63 6
186 79 8
474 557 7
237 477 9
188 527 6
529 389 9
205 487 3
586 163 7
360 526 9
222 22 4
282 85 5
231 109 8
542 206 4
19 334 9
434 26 5
334 553 9
78 5 7
201 66 8
401 6 6
374 453 10
125 226 10
584 281 9
67 131 10
68 267 7
349 244 9
86 222 1
60 548 9
545 309 6
253 294 7
439 409 6
243 481 5
221 259 8
385 328 6
385 551 10
230 573 8
25 474 10
504 496 10
17 565 4
499 101 8
218 312 10
458 368 8
300 78 8
212 53 4
63 333 6
318 491 10
193 225 5
373 97 10
288 9 8
209 3 5
57 220 10
338 316 10
24 331 9
100 152 5
295 358 6
515 178 2
510 238 10
122 27 3
178 128 9
512 59 10
600 301 7
323 383 9
519 284 4
95 46 4
217 106 7
444 467 7
195 74 7
496 337 5
135 103 5
370 578 3
288 359 6
79 331 7
510 98 8
584 442 10
121 555 10
548 494 7
180 357 7
584 542 8
564 23 6
97 203 8
2 312 8
121 458 9
378 261 9
564 420 6
235 66 10
590 385 10
363 359 10
345 384 8
252 449 9
479 514 4
14 468 10
598 313 8
446 472 9
302 433 10
17 455 6
92 315 2
95 147 10
362 576 8
544 590 3
525 365 7
489 60 10
121 392 9
21 414 9
86 359 10
437 273 10
507 494 9
205 587 3
366 552 9
42 206 7
460 357 9
48 551 9
594 2 7
251 574 8
287 184 10
259 553 7
467 179 6
424 492 5
59 181 9
362 508 6
59 129 6
53 441 9
176 394 3
257 48 8
129 306 9
70 258 10
360 90 10
375 485 7
332 549 7
29 543 2
406 42 9
428 342 4
486 312 3
418 466 6
53 20 5
196 358 9
555 204 9
577 434 10
159 571 8
465 298 8
290 391 5
518 91 7
287 301 5
435 331 9
351 287 8
207 1 3
503 479 3
42 449 8
530 334 8
586 35 9
390 17 4
407 17 7
141 593 10
556 538 5
376 97 10
551 350 6
354 409 9
563 551 7
163 247 8
109 86 9
591 382 7
329 229 9
177 449 5
309 302 4
19 538 9
397 268 10
122 323 5
102 555 6
164 125 7
158 449 8
247 309 7
254 170 3
187 495 8
260 398 7
11 84 10
415 307 6
51 235 10
229 219 6
16 262 8
39 399 2
239 353 9
424 304 3
120 598 6
406 38 9
285 404 5
257 367 4
113 43 4
260 88 4
587 244 7
91 384 7
195 65 10
244 164 5
535 476 6
534 539 3
463 255 1
309 458 5
521 202 9
361 372 2
532 445 6
432 169 6
434 428 6
532 376 8
133 591 10
301 424 2
505 76 7
352 541 8
204 134 6
28 591 8
479 194 2
36 236 8
377 397 5
180 206 5
289 464 7
343 528 6
318 228 7
23 108 7
245 57 5
470 438 8
570 262 9
32 250 9
129 432 8
25 556 10
577 495 9
347 342 8
97 452 7
337 99 8
358 49 10
36 248 7
258 123 5
539 557 9
574 336 5
407 442 6
227 31 5
106 545 5
235 467 9
121 195 8
190 95 5
277 172 5
337 551 6
149 257 9
458 555 4
36 478 5
17 225 8
155 505 6
332 522 6
346 144 9
189 26 9
417 399 9
385 238 3
460 146 8
383 54 7
232 223 2
407 531 8
20 434 7
134 377 7
467 78 10
348 24 4
89 534 9
198 560 6
306 454 8
186 382 10
45 458 8
190 235 6
381 166 10
541 371 7
189 541 8
568 239 10
316 388 7
320 450 10
239 256 7
595 360 6
545 517 8
558 459 2
63 548 9
196 376 4
483 404 9
314 459 10
436 205 10
570 484 10
438 553 8
419 217 6
505 415 10
590 240 10
303 64 9
551 33 8
23 199 2
535 539 6
145 494 2
218 182 8
216 2 9
125 177 9
553 314 8
455 522 5
279 204 7
123 585 10
292 269 2
187 410 8
295 444 9
9 530 10
499 28 3
474 320 9
66 432 7
237 559 10
245 379 9
267 471 4
285 54 4
581 438 9
289 501 4
92 575 4
499 94 9
491 482 9
282 405 8
509 113 9
36 234 9
7 228 9
39 244 2
9 399 6
468 119 9
505 168 4
576 584 5
64 511 3
454 116 4
98 435 7
327 359 10
399 153 2
530 408 10
497 87 8
513 305 9
357 367 4
521 544 9
200 192 6
435 330 7
454 190 2
460 474 7
513 200 8
315 436 8
519 150 8
86 518 5
300 449 10
495 595 10
221 229 10
387 161 10
401 524 10
185 286 7
282 276 10
125 461 9
34 174 2
274 10 9
400 348 4
110 121 10
44 356 8
227 544 10
219 265 6
341 67 2
17 369 9
341 225 1
568 138 7
575 71 5
104 307 2
187 285 8
518 250 10
540 46 6
467 517 8
345 392 4
546 89 5
449 179 9
510 288 9
358 224 8
130 389 9
177 117 6
103 54 8
5 25 10
483 595 7
349 315 4
391 164 4
307 523 10
324 346 6
507 22 10
580 463 9
136 211 4
37 328 8
23 498 8
66 405 10
213 435 7
127 143 5
456 545 3
117 403 10
495 61 5
103 154 7
504 414 6
202 24 3
584 5 3
53 547 8
565 410 10
113 571 6
286 279 4
51 182 9
172 251 6
395 110 7
556 214 5
330 286 8
365 334 8
471 201 9
512 467 5
9 164 8
516 346 8
528 492 5
175 80 7
203 3 9
190 512 5
389 177 10
528 233 4
241 568 8
426 550 7
419 248 6
582 456 10
600 412 8
586 27 10
330 34 9
106 66 7
393 576 5
53 385 4
557 433 10
540 18 6
183 291 9
370 494 10
542 124 10
162 142 9
301 62 9
584 527 8
486 597 3
268 571 10
370 476 8
73 222 4
139 539 8
162 229 9
517 582 7
144 86 10
195 162 5
114 571 10
544 317 4
467 45 9
262 471 8
69 296 10
390 387 9
129 598 7
172 49 5
167 348 7
297 120 9
281 442 9
106 460 4
542 405 4
388 118 10
289 320 10
135 117 5
575 11 8
406 328 10
520 527 7
282 84 8
419 359 8
385 178 8
26 432 10
276 567 9
178 302 8
427 293 7
543 133 7
337 144 7
589 215 9
25 139 2
517 488 9
3 253 4
287 204 5
228 171 4
450 535 3
422 34 8
432 196 9
151 1 3
538 485 8
466 53 10
587 289 9
362 74 9
363 23 9
449 58 4
87 553 9
39 69 4
506 528 6
73 141 10
426 599 8
204 337 10
7 20 8
222 157 10
584 453 10
518 318 7
368 542 10
567 197 4
124 353 4
424 137 7
1 594 9
124 197 7
511 426 10
249 149 8
227 146 9
188 588 10
277 537 3
32 409 5
481 291 8
175 338 3
155 275 8
116 37 5
245 113 9
464 170 9
483 361 8
89 184 9
146 300 6
481 125 10
415 165 7
485 412 7
137 518 6
576 520 7
307 78 3
459 582 5
224 439 9
423 278 7
333 398 9
367 167 10
168 563 8
429 139 8
137 488 9
25 291 10
197 99 8
51 308 7
361 79 9
192 459 10
67 208 8
361 398 9
278 347 8
64 344 9
135 204 3
387 417 9
534 142 6
177 90 7
38 367 3
127 574 3
596 462 4
478 285 7
326 204 5
96 183 4
154 540 9
319 85 7
567 575 9
535 463 9
307 31 5
325 542 3
214 470 9
96 115 9
525 59 6
40 132 9
570 268 10
291 91 10
258 515 10
227 318 7
93 102 7
33 209 3
331 505 6
272 470 9
219 66 8
501 234 7
308 450 7
15 482 9
111 395 5
522 520 7
593 357 8
8 502 9
157 319 8
156 272 9
560 275 5
254 457 10
272 524 5
346 413 9
199 593 10
458 36 6
347 262 8
544 130 6
451 31 9
319 268 7
391 102 6
296 516 9
366 529 5
348 149 8
110 286 8
567 500 4
399 319 7
495 249 9
369 30 4
299 493 10
120 566 3
316 251 7
401 20 2
230 262 5
309 212 9
308 420 10
58 318 10
584 7 10
36 507 9
499 600 5
179 559 5
124 410 5
464 488 8
169 17 9
379 423 9
204 374 7
360 325 4
355 431 10
431 207 6
496 330 6
114 490 5
389 515 8
138 561 8
472 80 5
172 588 4
94 103 4
464 355 7
97 480 7
407 469 4
528 223 10
350 373 6
510 363 7
530 193 8
272 160 7
391 446 10
463 21 8
292 12 7
208 598 6
89 332 10
595 590 4
294 472 7
123 589 6
377 376 9
83 560 8
554 316 8
87 451 7
514 471 8
86 69 5
521 276 9
180 407 4
528 56 5
22 335 6
411 147 9
343 363 9
503 61 9
301 491 8
120 6 8
511 141 4
564 58 8
77 590 9
246 282 8
265 167 8
581 133 10
270 570 6
432 334 4
168 589 9
491 386 1
180 378 9
432 161 9
483 401 9
260 496 9
131 337 7
535 123 8
585 484 5
515 427 5
86 264 8
287 576 10
311 292 9
357 517 6
78 172 7
534 98 10
465 38 5
26 121 9
380 138 8
520 205 6
378 98 9
243 16 10
43 325 7
286 110 8
15 292 7
510 165 10
378 42 9
205 554 9
373 92 7
391 587 8
169 296 7
389 370 8
562 491 6
170 72 9
158 371 4
586 220 5
62 525 6
284 500 8
152 25 3
83 415 4
231 503 7
524 80 8
358 43 10
299 414 4
14 489 10
401 440 9
472 320 9
315 260 7
257 533 8
538 278 4
98 473 8
503 321 5
189 412 4
364 95 6
380 373 5
181 527 8
475 124 5
494 429 6
482 439 9
314 222 10
243 353 9
40 568 9
408 561 10
98 400 7
131 370 10
292 415 10
100 399 5
297 312 7
324 348 9
283 186 6
242 502 5
100 378 6
444 126 6
475 504 4
542 428 4
331 377 9
389 79 7
146 296 3
187 7 10
441 465 8
220 97 4
89 251 10
78 491 9
186 489 5
497 541 9
94 539 5
289 489 7
314 177 9
67 582 6
386 8 10
258 16 4
498 38 6
125 120 6
137 81 6
262 471 9
49 518 4
152 367 3
318 157 6
584 541 8
498 503 8
184 446 6
312 565 10
157 471 10
249 429 1
183 129 9
441 225 9
290 570 9
400 116 5
133 304 10
358 47 4
320 442 4
68 377 9
159 130 10
322 244 6
299 101 6
509 206 10
471 524 8
203 7 8
265 336 9
108 438 3
402 159 7
183 263 10
58 42 7
319 345 9
438 453 7
326 201 6
496 186 6
504 240 7
216 131 9
7 188 10
316 545 5
138 355 10
323 86 5
111 403 7
183 357 5
36 526 9
118 351 9
358 211 6
288 195 10
512 125 10
230 525 5
516 247 8
237 396 10
71 249 5
288 358 10
381 266 9
354 400 10
273 467 8
543 109 7
558 267 5
314 301 7
475 346 9
100 94 5
186 434 6
505 430 4
345 105 5
521 345 10
51 544 6
112 251 8
573 376 10
86 22 4
517 211 9
387 198 3
507 404 6
350 324 4
13 329 9
524 241 8
327 108 3
109 349 5
355 133 8
239 580 6
594 441 4
115 542 10
112 75 6
420 356 7
400 406 10
551 402 3
566 467 6
97 179 8
182 460 9
219 342 9
326 163 8
384 432 8
191 447 3
130 112 1
293 541 10
75 458 8
92 458 5
573 250 10
119 20 10
16 25 8
109 429 8
71 589 9
515 282 10
426 566 4
15 230 7
363 142 10
543 592 7
256 167 5
219 500 9
532 528 7
482 424 9
539 550 7
231 328 8
76 121 9
253 135 2
79 570 10
279 321 8
134 316 7
367 400 6
371 136 6
76 405 9
367 434 8
460 420 9
224 394 10
586 450 7
290 202 6
234 535 4
23 207 9
377 460 10
367 347 10
98 99 9
325 469 9
435 226 5
72 209 8
373 138 9
152 22 6
64 370 9
262 441 10
281 91 3
600 300 8
171 131 5
326 431 5
369 474 5
66 573 10
148 62 10
84 248 9
415 182 4
591 504 8
210 568 5
497 391 9
440 397 6
222 388 10
6 593 8
360 260 8
1 361 7
494 139 9
229 140 5
357 250 8
295 561 8
532 123 7
186 365 4
404 126 7
203 239 3
443 165 5
226 469 7
485 130 10
301 49 2
137 267 8
16 450 8
115 148 2
350 73 9
62 381 8
32 385 10
506 420 10
92 437 10
465 587 10
120 323 4
450 8 4
428 488 9
393 538 8
531 593 7
426 557 5
138 125 10
586 68 5
142 454 9
82 457 3
512 229 9
275 234 10
396 255 7
535 331 9
263 208 7
33 531 7
257 216 5
11 281 9
108 475 6
179 321 8
164 128 9
291 336 3
492 311 6
312 78 10
35 302 10
418 440 10
168 230 7
445 266 1
77 267 10
345 577 4
376 479 7
85 25 7
144 297 9
299 123 2
120 455 10
144 135 10
24 395 8
280 466 8
342 316 8
58 551 8
313 229 9
306 455 10
36 379 9
409 257 9
95 347 4
76 277 6
255 102 5
422 398 7
432 164 10
419 62 9
103 105 7
359 7 4
234 274 10
154 279 10
437 125 10
256 587 9
287 439 8
507 377 4
331 383 10
381 331 4
583 109 10
182 157 4
533 132 3
176 320 9
17 58 8
467 253 8
23 519 9
217 590 7
155 317 8
370 464 10
559 97 8
165 105 5
180 314 7
117 252 6
483 364 9
74 305 8
32 331 7
556 328 4
335 570 10
518 332 10
180 281 6
565 440 9
322 429 10
239 130 10
219 228 4
86 326 6
357 573 9
47 239 7
38 524 8
464 99 10
499 425 10
113 89 8
524 311 10
550 594 8
584 512 10
81 353 6
12 241 2
407 6 9
491 136 6
166 229 10
370 541 9
298 164 10
502 295 8
155 125 9
355 530 2
181 258 7
393 507 9
323 164 9
483 490 3
538 445 10
94 232 7
234 434 8
156 551 8
301 348 6
191 230 6
420 313 8
513 79 7
597 552 4
155 196 7
268 163 4
58 332 7
321 28 5
292 272 8
471 283 10
187 318 8
540 154 9
48 129 3
427 45 3
436 63 6
551 292 10
289 594 8
544 49 4
315 589 8
201 97 10
219 139 8
343 155 8
73 212 2
359 263 10
311 83 8
338 489 5
523 173 3
139 245 9
7 337 6
73 71 6
523 485 5
465 221 9
180 226 8
292 103 4
203 382 10
40 108 10
575 180 8
132 384 7
443 30 6
131 147 3
323 57 8
248 94 9
454 440 9
529 223 10
484 250 9
306 31 3
411 105 5
432 352 9
461 70 6
91 296 6
279 345 10
273 276 10
32 493 7
558 591 7
223 548 7
560 556 10
309 281 10
211 592 7
127 318 10
228 466 9
175 339 10
598 27 7
429 516 8
521 249 7
87 519 7
92 189 8
411 322 10
24 168 4
202 118 9
476 500 5
528 558 6
365 403 10
292 273 2
225 197 2
482 285 9
382 317 7
308 130 10
171 50 8
123 173 5
137 600 10
465 512 6
489 266 8
280 60 2
168 131 9
92 588 8
479 485 6
441 176 10
525 568 10
580 555 3
508 36 10
272 7 9
179 188 7
314 525 2
511 405 3
386 230 8
199 202 4
144 101 7
84 262 6
290 561 5
439 13 8
429 438 7
337 190 6
55 306 8
495 563 7
325 146 9
441 373 5
275 84 7
284 209 3
346 208 1
284 586 4
20 33 9
205 123 9
28 508 6
45 14 9
516 87 10
438 38 8
176 358 2
300 25 5
22 265 8
303 133 7
231 493 9
566 100 10
110 42 7
373 359 4
477 457 1
427 526 10
566 529 8
315 460 10
413 145 7
518 167 9
166 7 5
205 491 3
143 164 6
116 445 9
561 574 10
127 96 4
24 553 5
327 219 5
290 77 9
464 228 6
354 183 5
21 20 7
269 405 10
419 385 7
397 593 8
68 15 9
467 329 6
253 275 7
427 34 8
527 540 4
400 543 7
265 136 10
90 296 10
431 521 8
308 120 6
225 62 9
134 11 10
2 576 8
423 175 9
325 330 10
297 173 8
103 316 10
102 543 4
299 463 9
447 446 5
448 113 10
75 561 5
336 330 3
269 406 5
490 558 9
327 495 6
2 205 10
129 144 3
303 49 8
34 236 9
254 120 3
15 110 6
171 457 7
311 310 6
210 422 8
302 228 8
226 287 9
417 57 8
53 582 9
19 135 1
34 73 3
483 511 5
528 77 8
36 205 9
479 94 3
492 328 10
104 592 4
99 263 7
185 433 3
343 17 10
117 33 8
486 437 10
342 288 8
47 164 9
179 66 8
270 389 7
227 86 8
335 526 5
564 540 9
376 366 10
158 494 10
113 305 8
287 57 7
586 50 6
87 426 5
560 154 7
105 85 7
434 59 7
341 176 4
113 475 10
199 404 3
511 525 10
144 561 10
156 487 5
198 85 9
589 564 6
21 186 5
483 12 3
20 180 10
447 287 10
568 65 8
313 253 8
262 271 7
344 162 10
440 378 9
133 77 10
506 318 10
504 129 8
187 565 4
234 187 6
434 174 8
41 418 6
250 323 7
567 402 3
107 120 7
40 22 7
293 364 3
518 293 8
179 83 9
165 441 10
458 13 9
111 249 9
191 337 9
315 379 6
370 319 7
91 461 8
265 423 4
37 182 3
532 526 10
241 4 7
36 180 10
286 201 10
65 305 8
449 247 9
559 447 10
136 93 9
269 577 9
361 371 9
34 334 7
592 39 10
191 270 7
109 337 3
591 383 5
455 21 10
286 468 10
117 53 7
332 327 8
204 500 8
294 68 10
232 415 10
219 564 8
411 314 9
456 473 10
539 64 8
474 202 9
284 409 9
424 223 10
35 600 8
225 147 9
414 536 2
127 280 6
136 552 1
24 186 10
234 373 9
379 281 9
310 102 5
385 54 8
579 535 5
327 277 6
131 304 8
252 541 2
243 432 7
143 55 6
313 354 10
545 482 8
189 281 6
563 147 10
201 446 10
435 181 8
409 113 7
81 448 10
350 169 10
572 599 10
118 284 6
482 279 4
282 553 9
141 339 4
407 127 3
349 413 4
442 152 9
477 125 10
307 219 2
427 143 10
232 348 3
328 135 4
333 81 10
247 215 4
14 446 7
562 98 4
386 570 7
204 133 7
293 18 10
500 13 4
442 535 3
242 23 1
16 87 10
518 173 9
315 351 8
234 95 10
511 102 10
115 448 10
485 555 6
51 488 10
547 14 7
215 199 4
126 266 10
288 424 8
38 70 8
375 497 5
172 163 8
165 28 3
393 48 5
392 334 8
591 87 10
269 254 6
455 593 6
243 127 7
299 75 9
37 358 2
242 70 5
196 312 7
148 313 10
424 188 6
565 554 4
501 261 10
208 510 10
423 519 7
293 358 10
184 272 9
145 194 10
67 323 4
46 303 5
418 389 7
456 401 9
182 579 5
242 22 3
562 339 10
580 506 6
345 159 8
180 30 7
10 239 6
237 152 9
380 228 10
40 423 7
383 107 9
71 462 6
448 476 9
474 162 5
223 248 5
511 579 8
196 38 9
138 173 7
79 237 8
438 508 8
233 231 7
283 564 9
447 109 10
492 42 7
55 33 9
21 79 4
409 491 8
516 46 4
549 356 6
582 366 10
210 133 9
493 302 6
285 6 8
596 493 6
126 345 9
105 181 7
95 469 2
315 4 9
157 63 7
445 340 6
528 305 3
543 471 10
584 32 7
10 132 8
71 266 5
403 201 8
281 16 5
531 156 10
358 215 9
571 580 8
494 188 9
20 30 2
126 204 9
381 471 8
427 511 10
391 455 8
121 551 9
439 476 4
321 371 7
545 510 9
276 340 8
315 237 7
394 340 8
100 171 7
493 192 7
21 403 5
198 162 5
222 21 3
598 465 10
348 393 10
399 535 10
416 545 8
487 201 8
438 456 10
492 3 6
44 257 10
222 318 9
165 163 5
139 516 6
115 424 9
506 387 9
279 235 10
403 516 7
518 459 4
334 462 6
514 485 6
243 399 8
398 455 8
141 51 10
418 72 5
226 2 7
160 442 10
349 500 8
98 129 6
499 129 7
499 478 7
466 520 9
52 290 9
282 99 5
52 24 4
347 163 10
349 234 4
29 179 7
126 93 8
302 265 10
505 492 10
371 331 8
495 176 8
483 234 6
27 218 10
542 571 9
552 179 7
107 231 6
264 416 9
448 157 9
330 487 10
460 198 7
396 173 3
435 340 4
156 254 2
595 373 10
45 220 10
204 437 7
235 562 10
402 462 10
403 370 9
168 267 5
187 417 6
493 399 7
64 185 7
82 107 6
276 347 7
408 228 5
347 326 9
206 289 8
242 147 10
96 40 9
335 316 5
385 552 1
593 575 9
454 115 6
419 181 5
167 548 9
222 220 7
86 32 10
70 309 3
196 19 7
305 336 5
549 430 9
247 88 9
527 460 8
491 385 9
578 23 7
182 429 8
236 492 10
516 287 7
552 56 7
262 398 8
