700 2000
418 522 10
664 126 10
624 113 8
315 239 3
481 361 5
308 598 10
361 506 9
93 347 7
558 187 5
133 409 6
556 295 5
269 339 9
520 529 3
388 452 10
14 273 10
272 229 10
194 399 1
100 460 9
411 174 8
402 268 7
200 152 6
63 17 6
244 208 10
37 63 7
241 695 10
542 190 9
63 239 3
137 261 8
409 129 5
452 250 9
468 490 4
16 425 5
374 603 8
526 628 6
108 165 6
438 335 7
374 661 10
329 17 3
386 379 7
318 557 8
257 625 3
389 447 4
96 297 10
317 631 10
186 264 3
312 568 6
383 257 10
93 625 4
310 398 10
321 317 5
491 327 10
366 83 4
97 619 2
260 159 9
678 488 7
627 417 10
421 334 9
658 190 5
51 133 10
559 151 9
212 67 7
508 273 8
511 606 9
499 464 6
306 561 6
366 699 4
121 264 9
3 613 9
11 93 6
387 572 7
363 584 10
214 38 8
438 28 8
519 78 5
173 328 7
398 351 6
482 412 6
485 209 5
19 669 8
174 363 5
124 80 9
237 640 9
415 683 1
156 452 7
127 419 3
12 482 8
89 79 8
164 248 8
386 134 3
151 596 7
661 204 5
284 206 8
53 382 7
154 388 10
109 505 10
169 36 10
562 630 6
591 470 7
328 435 5
510 579 4
19 437 6
459 25 10
403 206 8
259 586 5
295 570 9
500 685 8
246 371 8
93 50 10
515 402 8
451 429 4
570 489 9
137 563 4
225 312 4
584 80 6
510 274 6
208 603 10
647 625 5
261 663 4
252 532 9
112 675 2
312 57 5
439 602 10
616 482 4
393 171 5
485 472 7
541 611 6
142 22 9
14 402 9
80 674 9
498 626 10
343 427 8
327 215 7
406 675 5
429 421 3
539 207 7
403 83 6
452 128 7
681 495 4
540 503 7
694 132 8
172 32 7
454 117 9
86 688 8
506 147 4
580 288 8
341 665 9
481 15 4
556 506 8
627 290 8
578 389 8
6 270 7
227 320 5
293 321 7
595 464 9
381 617 2
222 356 6
313 461 6
563 583 9
101 7 4
412 291 5
5 343 3
140 505 9
256 618 6
86 675 9
578 216 10
194 645 8
14 141 6
566 284 5
332 459 9
11 204 9
305 623 7
691 605 4
118 381 5
431 264 10
487 307 9
608 363 7
589 523 10
109 627 3
464 260 6
84 223 6
425 66 10
159 586 8
1 250 4
374 384 6
289 596 6
100 208 9
132 585 9
8 694 8
213 698 8
353 513 9
597 497 7
190 283 5
430 659 10
388 549 9
480 460 8
618 689 9
411 456 4
548 380 7
122 124 5
239 3 7
508 324 8
557 673 9
95 83 4
558 506 10
359 666 4
266 455 6
625 89 7
695 489 4
256 27 5
125 5 6
439 694 8
542 453 8
276 318 6
3 471 8
383 115 5
185 393 6
349 360 6
544 447 7
409 604 7
66 483 6
72 539 10
319 640 9
606 91 3
92 415 9
103 598 8
586 655 10
524 265 10
265 266 6
285 643 3
60 551 8
245 227 10
341 326 9
510 681 9
499 215 7
31 119 10
577 30 9
147 336 8
317 478 4
113 564 8
553 510 9
695 242 9
28 143 4
541 238 9
469 553 9
499 287 8
618 191 4
660 120 4
431 41 7
444 196 3
349 145 4
336 271 3
497 533 8
498 124 10
671 68 8
690 170 7
125 670 9
470 654 9
51 562 6
400 27 9
11 305 6
626 560 3
578 586 3
679 231 4
150 308 6
602 342 7
76 143 10
216 488 10
646 411 6
298 10 9
161 544 7
22 470 8
216 400 7
301 679 10
517 463 9
103 600 9
327 662 6
316 54 8
235 299 4
57 173 8
17 401 10
354 395 7
89 584 5
661 175 9
291 90 3
380 77 8
232 598 10
182 645 9
171 373 9
452 283 10
188 398 9
239 318 8
626 557 6
419 415 8
315 253 7
592 474 8
310 679 4
424 327 8
74 508 2
667 459 5
72 409 7
208 38 8
312 395 8
578 513 4
636 684 10
553 128 9
305 448 9
543 532 6
12 323 6
242 161 3
596 658 6
170 213 6
204 491 10
356 460 3
252 245 1
183 69 10
405 12 5
546 345 7
622 265 10
583 218 7
237 417 7
371 597 4
114 151 8
346 493 8
38 139 10
248 318 6
499 358 10
285 488 10
305 314 9
210 94 9
453 90 5
602 669 7
212 659 8
166 442 9
271 191 7
265 629 8
693 38 1
169 556 9
625 212 10
51 527 6
143 263 10
497 163 9
690 92 4
470 297 3
417 687 7
479 382 7
301 452 3
347 499 2
266 219 7
440 552 7
395 6 5
198 445 8
452 275 5
123 558 8
534 252 4
657 312 9
190 420 8
167 387 10
350 656 9
112 355 9
351 675 10
260 218 7
248 363 7
525 173 9
331 471 9
164 419 10
142 211 9
657 50 1
462 505 10
381 256 7
65 195 10
561 206 7
261 260 10
679 497 5
234 452 9
319 276 3
208 681 10
672 531 9
122 225 8
37 582 10
589 560 5
663 252 6
36 473 6
607 522 9
341 424 9
541 350 8
265 157 9
452 241 6
268 409 8
20 55 4
626 258 3
369 118 7
693 464 4
430 650 6
110 541 9
44 312 7
621 532 10
117 66 10
551 29 3
593 86 10
285 313 10
670 273 4
414 236 8
57 92 3
555 11 5
611 272 8
43 593 8
347 43 5
379 14 10
473 378 9
662 400 8
570 136 6
439 608 2
306 691 9
372 635 8
631 378 9
91 147 4
478 119 7
566 158 10
401 301 9
215 490 10
335 676 7
84 296 10
266 236 6
342 155 9
200 339 8
544 219 6
654 109 9
542 366 10
9 431 7
258 595 10
145 165 3
673 110 7
313 696 7
462 132 3
631 319 9
217 2 7
543 220 10
626 156 8
339 147 6
72 553 10
124 238 9
285 18 8
532 155 9
495 280 9
431 19 6
154 540 9
692 664 10
118 262 5
451 104 9
603 630 6
473 9 8
470 520 9
526 685 1
42 642 9
46 47 4
596 621 8
282 199 10
453 545 6
210 486 10
610 607 6
386 55 9
119 490 6
78 258 8
691 556 7
57 660 8
623 616 4
408 69 5
376 329 9
202 557 3
136 198 10
319 87 10
391 331 5
412 308 7
261 561 6
392 470 8
486 514 2
601 584 10
662 603 9
654 631 6
288 375 10
12 130 5
565 32 6
649 210 1
623 262 6
523 514 7
650 700 5
5 44 5
102 476 10
287 11 8
546 334 9
697 662 7
628 200 8
246 32 8
623 664 7
443 559 6
362 331 10
1 590 8
351 534 10
159 458 10
515 202 7
240 131 3
699 307 6
416 337 10
116 286 9
351 195 9
366 666 8
157 383 10
318 442 2
583 667 10
609 89 10
622 215 6
198 613 8
380 545 8
360 521 7
357 339 10
674 679 9
224 333 6
604 269 9
445 102 2
13 247 7
7 667 7
305 433 4
193 563 5
340 555 10
544 191 5
162 414 4
30 446 9
75 49 6
656 447 7
138 437 10
203 219 8
284 292 9
132 532 5
397 347 6
468 410 6
21 641 8
470 336 5
86 294 10
684 327 7
343 26 10
396 182 6
304 82 7
157 568 10
127 338 10
58 595 9
529 274 9
104 124 9
156 88 5
631 64 10
491 418 10
91 271 9
238 194 8
383 134 10
440 317 10
173 426 2
437 393 7
571 375 1
449 491 6
492 617 10
465 88 7
525 386 8
451 114 10
167 233 10
29 596 10
147 415 9
305 678 9
350 342 6
46 16 6
147 169 7
567 426 10
388 242 10
228 552 6
381 178 10
4 499 7
98 318 9
145 52 8
560 336 9
465 245 9
349 662 10
232 343 8
280 442 5
349 39 7
134 655 3
431 84 6
470 267 7
56 514 9
680 332 8
100 552 10
463 410 10
182 560 9
549 510 10
161 379 2
48 645 8
95 694 3
398 107 7
366 437 8
426 373 5
390 94 9
513 18 9
55 313 5
27 518 4
390 652 8
569 441 6
476 367 8
407 614 6
22 463 7
671 403 9
191 456 7
375 6 7
214 30 10
480 20 8
14 309 9
520 8 8
568 354 6
51 347 7
251 259 10
294 447 1
317 547 3
440 134 3
81 214 1
183 34 4
519 164 7
242 418 9
452 165 6
331 427 10
584 253 7
354 17 7
568 478 5
430 580 4
76 96 4
335 606 8
135 66 7
150 242 6
52 506 10
519 123 9
64 694 4
611 694 2
216 652 10
152 77 10
381 367 8
331 110 6
62 108 5
164 251 2
643 546 8
436 407 3
112 677 10
368 527 8
575 472 10
636 588 2
602 387 7
456 223 7
657 106 8
433 39 6
347 227 7
648 459 4
619 352 8
226 279 10
143 101 4
182 422 8
312 338 10
352 155 5
674 5 8
599 157 10
186 272 8
419 448 6
653 46 6
121 398 9
368 228 4
296 519 9
232 505 9
6 537 6
392 562 10
210 647 10
684 283 10
478 278 10
220 13 7
286 499 10
612 206 6
470 151 7
254 334 8
512 188 5
51 695 7
85 3 9
31 297 10
231 127 10
511 669 10
124 606 10
399 173 10
538 46 9
588 504 4
257 445 8
633 309 10
579 699 4
390 132 9
18 192 9
84 79 7
576 384 9
587 638 7
236 182 9
112 251 6
273 76 9
24 331 9
581 565 8
391 393 5
372 105 10
341 134 9
206 252 7
566 654 7
400 84 5
204 698 8
28 489 10
171 234 5
122 70 7
350 384 8
625 602 8
340 56 5
343 603 8
545 496 8
610 128 9
439 455 10
689 281 7
347 649 5
666 75 4
552 481 6
675 614 9
234 374 9
84 460 8
529 234 10
537 571 8
322 112 3
677 469 3
122 426 3
225 371 8
593 207 7
486 275 7
39 338 10
489 37 10
45 617 8
315 454 6
139 152 10
337 474 9
176 209 9
538 609 10
473 113 9
424 166 4
123 335 5
374 186 6
162 425 8
276 549 10
328 377 9
121 486 10
620 236 9
495 196 9
171 359 7
633 686 9
420 479 10
625 691 10
525 184 7
646 347 10
272 445 9
536 127 10
548 112 5
663 428 5
456 423 9
216 288 8
203 623 7
238 75 9
582 591 10
420 178 8
576 646 10
231 214 8
625 639 10
474 41 7
292 169 5
329 294 3
449 568 7
654 692 7
123 75 2
264 594 9
55 204 6
216 333 3
361 49 5
639 476 7
386 209 9
107 475 6
53 127 6
190 453 6
433 108 6
509 618 6
361 490 8
619 346 7
532 391 4
46 5 6
61 412 10
478 144 9
241 537 6
643 397 9
76 190 8
369 209 5
344 87 8
642 397 10
697 556 7
206 460 9
625 99 6
278 684 10
614 307 9
315 12 4
63 452 10
174 370 5
126 452 10
142 682 9
447 120 10
621 401 2
263 320 9
109 669 7
108 633 9
641 550 6
677 556 7
608 454 6
518 149 2
566 233 8
64 365 8
697 565 5
380 2 6
594 172 10
587 508 3
37 386 5
56 204 4
251 530 7
205 620 10
528 190 10
428 644 10
227 203 9
171 92 6
271 652 7
598 307 10
83 243 9
449 30 10
466 674 6
601 613 3
261 592 2
181 373 6
351 191 8
526 83 9
558 183 8
540 132 10
413 632 10
264 398 9
59 383 8
576 53 7
115 45 1
202 150 9
334 560 9
60 92 5
122 426 5
137 460 3
403 534 8
227 315 2
38 229 9
376 527 8
9 327 7
219 188 7
286 446 9
646 194 3
649 286 9
312 43 7
201 388 8
362 36 10
163 299 9
26 322 1
379 135 7
318 2 6
569 656 3
222 146 7
429 541 8
598 385 8
468 151 9
373 502 8
593 275 1
316 5 10
94 66 9
109 437 2
311 510 8
467 77 8
473 171 4
381 366 7
604 667 10
545 432 6
100 110 8
329 312 7
37 545 10
25 589 10
8 14 3
39 699 7
625 149 7
240 625 3
332 237 4
393 104 5
162 546 8
141 119 6
326 101 4
447 248 10
423 372 8
115 293 10
268 180 7
685 235 8
36 297 5
542 153 10
332 429 6
461 446 1
202 98 8
107 201 9
506 338 8
211 322 9
91 297 2
123 651 4
650 304 8
255 1 9
530 87 6
55 606 8
138 672 7
554 441 9
446 594 4
75 83 9
551 87 5
555 141 3
371 678 9
104 123 8
452 654 4
66 449 10
378 689 8
284 605 9
86 449 6
134 357 2
25 442 9
458 643 4
240 333 9
230 318 6
112 214 7
657 249 10
447 534 7
663 479 9
360 219 6
330 361 1
91 205 2
184 477 8
8 140 2
340 500 5
514 286 5
400 233 9
151 309 8
360 383 5
582 663 6
175 622 8
287 48 10
240 52 6
297 607 6
463 73 9
494 677 6
466 337 10
246 683 9
472 318 7
84 255 4
634 254 10
31 373 10
40 596 3
337 626 6
366 296 10
696 234 8
246 268 7
42 447 8
196 423 4
237 456 10
195 650 4
676 689 9
352 24 7
599 297 10
23 482 9
61 91 9
574 229 7
303 102 8
312 443 8
419 246 8
373 43 9
451 213 6
547 128 7
574 396 9
653 569 7
607 3 6
595 11 1
62 485 10
464 390 8
575 220 3
291 538 10
440 589 10
20 78 9
217 306 8
527 304 9
316 684 9
40 674 7
361 423 9
607 161 7
186 242 4
164 567 10
193 173 8
547 434 9
554 508 7
371 622 8
41 352 9
625 441 10
104 689 6
390 310 2
51 238 10
615 447 5
97 30 8
624 327 7
74 274 9
530 44 8
268 508 8
435 258 6
308 139 8
242 477 5
44 252 3
188 282 6
23 657 10
678 604 10
550 228 6
536 454 4
257 272 9
562 539 10
480 684 7
610 92 6
206 383 9
513 637 9
534 382 8
349 401 8
469 459 8
125 237 9
124 491 10
374 298 9
220 162 9
10 62 8
123 179 3
51 453 7
254 597 7
122 301 7
264 521 8
360 91 7
465 466 7
39 638 10
581 294 9
471 70 8
43 640 6
97 465 8
443 122 9
242 490 6
539 168 10
359 5 6
31 687 9
359 618 3
78 160 6
252 29 10
475 546 10
497 444 8
325 36 8
53 97 9
331 122 4
474 545 9
694 144 6
595 47 7
203 35 4
484 700 5
163 153 7
53 446 4
142 53 9
568 531 9
219 187 8
464 628 4
477 636 8
458 269 6
72 391 10
400 424 10
333 624 6
187 628 5
260 597 4
533 626 5
237 655 8
581 140 10
203 397 9
189 221 5
102 168 9
325 460 10
588 664 9
684 35 8
1 592 6
205 518 6
247 695 8
56 69 5
276 452 9
89 469 8
88 672 2
156 589 10
132 351 7
75 76 10
485 547 3
23 61 8
432 320 6
385 650 8
683 122 9
545 162 10
182 246 8
514 328 5
581 429 8
333 129 10
694 319 5
549 440 1
231 316 8
659 34 8
477 189 10
601 204 10
132 654 4
341 689 9
585 673 7
64 669 7
93 439 8
247 699 6
76 260 9
89 507 3
509 283 4
221 474 6
6 607 8
479 71 9
554 295 8
388 614 4
280 684 7
108 594 10
400 628 4
688 329 7
70 149 5
127 463 9
5 118 9
117 137 6
389 314 3
635 8 7
636 356 9
178 558 9
119 431 9
83 324 5
136 636 2
46 467 5
279 8 9
569 219 9
564 514 10
176 339 8
625 572 7
691 457 5
105 542 8
344 482 5
266 130 3
236 650 10
453 309 9
370 115 3
230 374 9
230 35 9
625 361 10
630 371 10
55 135 4
572 121 7
560 143 10
523 59 7
123 473 8
579 557 6
499 552 10
29 324 6
169 673 10
129 22 4
337 311 5
618 371 5
259 239 8
272 678 5
504 77 8
129 387 9
43 330 10
319 6 9
98 524 5
196 201 5
42 465 7
217 221 10
597 377 10
684 650 4
410 618 7
518 697 6
544 550 9
317 584 8
627 171 10
625 190 8
663 637 9
478 81 10
255 582 6
21 523 7
603 366 2
306 80 7
460 66 7
317 99 2
3 485 10
259 305 3
700 683 10
589 232 5
208 537 8
67 171 7
569 412 3
165 321 10
298 409 9
655 259 9
610 17 8
334 606 10
543 517 7
36 627 10
12 408 9
588 409 3
135 437 3
122 236 7
27 259 5
638 658 9
563 106 7
248 16 6
267 72 10
243 527 10
98 90 10
125 219 9
698 420 6
110 123 9
219 653 9
87 398 10
104 700 5
263 242 4
506 643 10
394 401 8
280 442 6
498 633 3
556 249 9
269 301 6
16 86 2
19 602 7
151 23 9
373 487 10
255 133 9
640 115 7
452 648 6
284 422 6
329 608 9
446 651 8
516 398 10
438 277 9
269 357 10
316 567 3
473 530 8
272 163 8
144 294 9
203 571 7
392 649 10
271 2 6
588 659 8
625 524 6
62 552 5
621 535 1
137 543 4
324 335 10
248 562 10
536 308 8
72 159 6
578 192 9
108 405 7
430 394 9
639 353 10
77 450 6
286 686 10
187 191 10
611 63 5
101 606 7
51 197 4
245 418 10
174 657 7
538 480 6
512 398 3
57 335 7
222 219 6
624 195 6
191 35 4
127 410 7
132 541 7
60 313 10
99 42 5
477 196 7
229 689 5
470 111 7
639 165 7
686 293 7
432 162 10
184 105 8
64 572 3
383 395 9
455 102 9
53 247 7
4 666 9
639 16 8
693 464 10
598 157 1
410 511 6
536 142 4
357 374 9
375 554 5
561 440 10
310 3 2
493 422 4
246 129 5
284 266 5
546 53 8
602 18 6
158 665 10
30 690 8
263 190 9
536 291 7
555 245 6
334 647 6
95 470 7
673 610 6
337 697 2
288 537 4
62 573 8
587 230 10
487 655 8
432 595 6
169 82 10
375 625 8
282 36 2
10 395 8
346 626 9
322 280 3
89 126 4
200 294 9
400 521 6
408 48 6
9 279 10
601 577 9
117 378 10
153 6 10
572 271 5
665 111 5
124 7 2
263 467 2
440 629 9
248 345 10
389 149 3
298 385 7
226 542 6
557 585 10
578 242 5
418 105 6
369 118 7
521 683 10
67 363 7
480 37 10
575 535 9
443 146 7
290 123 9
669 222 9
636 352 8
204 373 5
219 335 7
6 176 8
627 186 10
281 458 10
563 675 8
430 530 4
546 493 5
386 38 8
356 344 6
299 70 6
455 321 9
64 134 9
695 204 9
671 194 8
632 196 10
104 388 3
351 140 9
341 420 6
661 693 9
461 195 6
589 425 9
64 511 9
224 665 3
211 287 7
68 670 9
482 624 9
290 682 5
350 396 8
144 373 3
463 95 7
514 672 10
204 102 3
148 432 6
201 533 9
624 164 8
148 210 2
470 437 7
56 361 6
215 659 10
641 44 2
321 628 9
580 252 8
101 102 3
58 223 7
339 282 4
291 471 7
405 112 4
198 698 10
446 573 6
257 399 8
366 176 6
115 692 8
673 322 7
513 443 9
307 641 6
698 502 8
652 577 5
261 219 4
285 73 6
388 566 8
589 46 9
60 127 6
224 334 7
508 553 7
139 388 7
24 583 10
174 120 5
519 392 10
45 209 2
406 573 6
678 214 10
313 247 5
117 405 10
24 592 3
559 190 5
526 603 10
214 496 7
6 448 10
35 375 6
532 423 2
359 254 9
528 685 9
276 539 6
197 585 2
151 412 5
186 246 10
662 234 8
520 481 5
187 670 10
220 414 2
182 338 10
131 232 7
139 313 7
285 36 6
341 243 6
535 437 6
110 323 5
620 316 10
402 456 10
440 412 7
600 245 7
114 526 7
352 241 9
248 519 9
644 433 7
374 462 10
553 68 5
535 189 3
622 7 10
148 97 9
71 528 8
700 196 7
488 527 10
524 86 8
137 576 10
177 305 9
652 171 6
463 216 9
195 470 6
178 474 8
601 81 5
264 167 3
200 641 7
33 191 8
342 111 3
28 684 8
467 678 8
165 586 6
663 439 9
473 511 10
356 110 5
35 590 9
70 265 6
633 81 9
413 220 10
138 117 5
182 396 3
608 668 6
305 623 10
392 48 5
260 648 8
460 58 10
140 121 10
432 168 2
109 691 7
323 561 8
223 224 7
475 175 10
500 273 10
171 396 8
576 162 7
251 304 8
85 203 6
434 18 6
306 651 6
229 353 5
496 472 9
596 76 8
461 157 7
608 321 8
72 588 7
301 636 8
374 224 6
26 3 9
246 106 1
611 614 9
43 636 8
184 666 9
333 406 10
154 669 2
290 458 6
89 93 7
49 192 8
101 16 5
515 530 10
494 377 10
83 107 6
457 492 4
125 459 10
517 364 7
610 504 8
253 181 9
384 529 4
183 534 7
647 538 8
77 544 10
689 2 7
161 272 10
647 360 4
521 589 10
265 441 9
97 531 8
404 128 9
202 525 9
356 499 3
58 279 7
285 381 7
672 111 2
646 71 9
317 380 7
388 328 5
339 625 6
72 422 4
162 632 5
444 651 10
512 263 8
60 335 4
357 109 9
659 680 8
50 476 10
63 473 10
440 490 2
677 567 5
167 213 10
271 499 4
376 597 6
657 483 4
133 358 9
170 88 10
270 616 10
394 554 10
642 46 1
21 685 1
181 54 6
48 243 9
488 658 5
272 21 10
536 210 10
268 250 9
323 270 6
428 639 7
322 599 8
494 234 5
186 145 3
345 678 9
156 681 2
91 370 10
37 153 8
522 623 6
415 47 9
197 141 10
668 385 5
216 653 9
130 17 6
688 287 10
11 270 6
418 606 10
266 691 9
361 219 9
149 377 9
300 231 9
529 335 7
593 479 7
279 352 7
489 274 9
389 417 7
580 628 7
405 201 10
88 270 5
397 290 9
663 161 9
613 363 7
138 546 9
360 461 5
505 402 10
41 247 9
642 584 8
647 455 7
467 606 5
246 484 8
473 417 6
111 425 9
260 397 10
649 502 4
26 517 8
41 176 8
403 501 6
323 153 10
91 282 5
570 695 10
21 245 7
433 230 7
284 48 10
114 629 8
228 481 10
651 103 7
24 307 6
478 161 9
519 246 7
39 671 7
140 142 8
264 565 8
682 59 7
373 335 4
1 282 5
329 56 9
58 282 6
282 252 2
688 135 10
555 281 8
500 374 3
258 439 3
115 423 9
3 266 9
105 653 9
67 375 10
326 662 8
255 269 10
310 463 7
196 372 4
316 484 9
312 533 6
201 348 2
191 46 8
311 681 9
36 282 9
149 161 10
77 665 9
354 521 4
195 531 10
538 365 3
332 692 10
180 160 2
69 582 3
598 49 8
152 328 5
578 695 10
143 674 4
309 221 6
314 418 6
385 685 9
260 45 9
514 133 7
351 182 9
89 480 10
104 264 9
588 606 8
34 436 9
444 659 5
551 397 9
113 9 8
410 675 5
379 434 5
235 478 9
548 154 10
474 676 5
507 558 6
104 90 3
482 390 8
547 574 9
117 253 7
11 390 9
572 430 8
214 297 10
488 81 10
137 572 5
320 595 8
481 499 10
355 535 4
585 582 9
491 172 7
517 395 9
639 83 10
94 272 10
595 695 9
215 294 9
360 377 8
306 121 8
604 55 10
684 286 4
425 485 6
684 540 10
177 596 5
398 89 9
21 323 1
281 200 10
641 380 6
565 356 6
393 143 4
579 644 7
114 396 8
352 590 6
64 626 7
550 265 9
37 102 7
105 553 10
397 693 8
245 555 4
454 443 3
451 684 8
497 93 5
458 117 8
481 585 8
411 234 8
348 37 10
409 399 10
446 558 6
532 418 7
400 269 2
122 589 6
162 438 5
283 257 7
208 149 7
147 696 10
365 147 8
251 99 4
128 615 9
267 303 5
178 16 10
614 574 5
580 530 10
206 372 8
136 36 8
254 532 6
179 472 8
45 229 10
392 217 4
272 553 9
55 644 6
251 495 10
560 492 9
377 25 6
221 534 10
29 121 5
166 131 7
530 355 8
589 361 8
75 474 8
403 336 4
298 297 9
415 526 8
292 453 8
689 608 10
245 162 4
558 345 7
73 353 6
363 308 9
11 283 8
184 93 5
487 172 9
581 12 9
603 199 4
632 544 6
554 455 7
511 517 7
581 293 6
229 338 8
219 222 10
294 284 7
597 322 10
18 655 8
54 400 8
340 564 5
497 254 8
240 598 10
269 531 4
181 640 9
234 32 9
87 281 10
566 4 9
684 110 10
580 63 10
589 255 10
280 362 5
379 442 10
389 113 5
660 297 9
615 255 6
401 665 9
111 192 8
649 246 7
331 349 6
203 134 10
178 555 9
399 36 9
131 407 3
635 649 2
642 346 8
372 149 5
270 454 6
621 549 10
299 97 9
608 500 5
593 181 6
205 367 10
630 592 10
517 459 7
587 433 4
154 395 10
99 635 6
502 69 9
328 130 9
34 72 10
491 365 9
276 42 10
287 413 9
679 557 8
579 151 9
665 89 9
695 412 9
502 515 10
609 385 10
536 214 7
354 633 7
32 598 6
419 203 8
484 361 8
102 572 2
192 152 9
621 193 9
501 116 8
449 565 9
346 99 8
627 267 3
94 232 8
577 658 4
17 207 7
300 262 9
474 422 6
673 73 5
518 453 8
679 435 9
589 439 10
236 585 8
473 437 7
676 405 2
310 534 9
179 522 10
15 109 9
682 470 8
380 57 9
605 632 10
110 67 8
627 327 8
162 272 9
680 135 8
495 548 8
696 600 9
125 495 7
456 640 10
410 450 10
637 464 6
406 241 4
229 440 5
380 139 4
377 649 6
536 222 7
646 452 8
218 115 9
448 630 8
309 206 10
164 207 6
73 198 8
368 220 5
664 660 7
384 549 4
569 599 10
382 524 9
242 385 10
638 627 5
323 355 9
610 546 8
632 186 2
652 253 10
366 346 6
599 559 3
173 378 8
86 417 9
290 172 7
489 265 4
628 337 5
507 3 3
79 673 4
428 641 8
494 523 7
103 683 10
265 7 9
497 95 8
228 312 5
16 25 8
554 301 5
529 314 7
87 260 8
385 384 10
650 268 3
608 458 9
575 25 9
451 250 9
375 448 3
165 649 10
582 311 8
364 104 8
697 613 7
290 541 8
210 331 5
93 512 2
55 191 7
268 602 10
425 659 10
150 696 4
481 635 9
402 350 9
604 575 7
283 377 9
620 215 6
457 615 10
667 151 2
6 502 9
135 453 5
432 309 6
375 478 8
404 221 6
609 560 5
324 72 4
302 243 7
110 180 10
579 429 8
358 244 9
399 360 6
686 576 5
63 546 9
287 473 7
503 541 6
396 475 5
287 619 8
138 423 10
44 552 10
297 673 7
563 604 7
631 680 9
292 196 8
