900 2000
359 298 10
836 503 10
200 77 9
516 456 5
235 255 10
503 855 2
766 604 9
630 882 10
157 736 10
483 76 7
579 642 3
539 198 6
151 350 7
30 467 9
344 571 10
884 53 5
569 561 6
224 869 10
229 187 4
517 735 9
43 243 8
684 527 9
286 154 8
665 370 10
193 173 1
287 666 10
530 356 6
465 602 7
67 36 5
337 56 6
565 40 9
284 864 7
819 590 8
832 139 1
330 778 8
558 208 9
154 326 9
632 90 6
27 627 9
352 653 8
165 548 7
684 769 8
735 214 10
81 461 10
128 801 8
644 737 3
134 21 5
379 474 10
883 211 4
203 519 9
487 729 4
320 295 10
39 474 4
49 11 5
87 730 6
713 47 8
158 610 10
869 322 7
187 244 7
684 6 7
862 632 8
24 488 4
97 210 2
216 448 9
240 179 2
747 519 9
877 17 7
534 251 6
261 595 3
876 689 9
531 684 8
880 674 7
843 818 9
779 2 5
527 891 3
674 196 9
354 578 2
595 527 10
340 845 10
256 451 5
847 201 4
9 762 9
600 290 10
9 605 10
191 500 2
856 657 7
360 645 8
532 283 10
870 239 7
355 191 10
237 809 7
384 419 7
574 724 8
307 139 10
589 3 2
789 769 8
513 638 6
434 812 4
521 899 5
307 170 8
174 331 8
513 460 9
307 720 1
279 608 3
817 743 9
153 528 5
367 91 4
790 383 10
32 291 7
393 681 4
874 280 6
539 654 6
368 498 3
41 535 8
847 653 5
129 421 8
345 308 9
783 862 6
7 15 10
47 179 9
839 15 10
557 166 8
429 139 5
306 159 9
682 558 6
800 584 7
878 754 8
743 551 8
74 676 9
544 344 9
505 125 10
696 867 7
493 583 7
494 796 9
484 239 2
326 375 7
563 379 10
161 72 8
851 199 8
292 605 5
735 800 8
431 302 7
802 669 5
421 101 8
303 671 9
454 674 10
73 100 7
94 222 9
547 587 6
292 361 8
179 274 9
436 571 9
413 425 2
305 777 9
632 208 9
685 98 7
44 651 10
635 91 8
437 859 6
648 99 9
586 750 10
41 859 10
841 104 7
350 900 8
690 507 4
740 91 5
31 471 10
57 438 6
399 228 2
510 464 7
651 731 4
481 732 9
334 853 5
213 24 5
630 128 10
867 769 4
651 278 4
661 287 10
412 238 10
400 55 10
871 170 9
214 361 2
236 557 4
100 846 4
861 240 8
285 797 2
810 687 7
78 808 10
16 677 10
343 182 10
689 47 9
890 770 10
190 283 9
212 252 10
610 789 8
826 381 5
542 649 4
635 629 7
825 762 9
303 354 4
673 344 7
167 63 5
601 785 10
437 856 7
838 658 6
488 403 8
241 743 8
37 896 10
181 501 9
850 825 10
688 280 6
320 898 2
4 766 7
723 689 7
686 531 10
579 803 10
420 170 10
376 895 8
768 547 6
752 732 4
735 389 2
160 880 8
654 589 9
640 799 4
852 880 4
204 900 7
11 220 5
217 458 7
646 7 4
504 315 10
719 693 10
584 250 5
51 452 8
177 66 6
887 332 6
436 744 4
178 741 7
74 629 5
10 148 4
235 267 3
730 169 9
92 310 9
621 648 8
29 420 8
245 666 5
186 712 5
447 11 6
343 469 2
448 839 10
626 23 2
856 763 6
891 465 5
648 695 7
564 838 9
624 647 8
101 2 2
444 91 10
102 813 8
810 42 6
665 540 6
340 669 10
661 662 2
808 214 5
438 375 8
284 332 10
487 535 6
833 690 7
254 438 1
77 294 6
639 356 6
92 285 8
298 195 7
890 869 10
776 174 10
599 457 8
667 253 10
825 803 6
763 349 10
101 651 7
74 579 9
720 790 7
810 870 5
166 199 7
809 763 8
92 306 7
467 531 8
729 731 9
467 391 10
882 259 6
502 95 8
653 603 2
861 161 7
132 3 8
429 386 6
634 152 9
724 557 4
176 52 7
472 29 10
673 81 4
569 543 9
3 400 8
787 631 9
143 623 8
8 751 9
471 45 10
303 458 3
125 41 3
866 82 6
57 553 9
614 616 9
121 339 10
876 235 6
714 537 10
889 464 7
759 624 3
558 566 5
298 817 3
205 696 10
894 697 9
174 279 10
136 444 9
46 17 10
589 780 4
176 629 4
604 575 2
223 580 5
803 196 4
446 872 6
80 513 3
345 303 9
156 852 10
816 42 8
355 826 8
300 837 2
598 363 10
543 718 7
252 749 7
220 810 10
826 85 9
846 380 9
368 281 8
722 204 10
872 87 4
178 790 5
203 832 9
112 553 5
176 344 9
626 575 5
602 803 2
3 47 8
749 602 9
129 778 10
645 881 5
422 686 8
603 388 9
893 805 9
448 474 9
53 63 6
110 604 10
572 470 9
581 373 6
82 549 6
29 749 10
745 651 9
807 519 9
499 516 3
503 106 9
346 711 8
644 696 7
742 91 7
340 589 3
654 780 9
448 899 6
30 416 2
493 83 9
647 139 2
424 169 6
264 343 2
363 534 8
133 842 8
74 23 10
783 125 8
832 855 7
189 45 10
297 471 8
519 820 8
445 469 8
97 258 7
900 548 10
337 342 8
453 289 7
267 73 9
59 569 5
855 320 8
253 239 10
243 175 6
227 244 1
447 746 8
854 206 8
698 470 6
86 778 10
775 770 8
446 639 10
118 352 3
521 894 4
304 148 7
161 142 8
574 330 9
147 253 6
384 618 8
772 45 8
242 564 1
148 766 8
668 497 10
343 80 10
105 653 10
233 703 4
39 176 7
618 893 10
658 623 9
848 794 9
730 149 2
416 760 6
289 123 4
287 362 8
348 514 10
254 657 8
493 132 7
733 381 9
421 871 4
171 196 6
38 163 5
29 880 9
335 640 6
667 500 9
785 358 9
596 627 6
660 370 3
887 821 7
623 524 5
483 885 10
8 342 4
72 409 9
178 139 9
1 833 5
59 545 7
182 277 9
368 56 6
697 847 4
885 27 7
797 465 7
240 859 8
373 82 10
355 253 6
225 759 8
238 131 7
763 191 9
555 530 10
630 184 9
550 447 6
103 602 7
499 709 9
439 552 9
762 632 7
273 735 9
223 441 9
619 29 9
438 786 7
190 71 9
694 663 10
741 310 10
508 397 7
40 194 8
687 826 7
97 82 10
868 143 8
580 419 9
248 286 7
7 227 10
260 316 8
532 899 7
162 124 6
234 814 9
65 55 9
455 600 7
847 643 8
340 203 9
5 134 6
576 544 2
769 314 5
174 143 4
247 138 4
458 706 9
516 105 9
780 315 8
890 719 2
566 578 8
861 305 9
563 398 5
300 114 10
473 99 7
522 368 6
200 515 10
798 120 8
288 729 4
819 581 8
172 686 9
619 673 8
259 559 9
676 330 4
680 425 9
124 717 10
834 809 5
151 614 10
398 618 10
725 76 7
522 64 10
88 618 9
619 16 3
389 261 3
838 553 10
633 603 7
757 393 8
802 459 5
423 102 8
36 250 9
873 135 8
762 470 10
489 373 7
763 283 5
632 825 5
219 527 3
800 46 7
196 620 8
681 569 2
891 419 7
815 669 8
811 214 10
781 293 3
338 69 6
774 647 9
74 816 4
253 859 10
793 555 3
735 301 9
612 637 6
89 570 4
619 658 8
332 855 7
481 591 7
592 55 7
482 313 7
392 1 8
460 111 10
115 591 3
329 869 7
52 12 5
770 196 10
41 49 7
80 854 10
12 614 8
5 809 9
263 841 4
655 670 7
58 119 9
677 814 7
431 643 8
199 230 7
665 134 8
553 198 4
40 469 10
395 177 8
432 82 7
165 480 8
841 488 9
240 122 7
184 817 8
655 72 9
67 730 7
63 272 5
750 550 9
537 868 9
219 880 7
678 393 8
190 246 8
791 248 9
37 318 10
608 564 10
14 869 8
536 5 9
715 407 3
557 694 7
106 473 7
403 21 5
359 868 6
53 754 8
735 135 7
736 90 10
165 544 10
854 433 5
850 487 9
891 259 9
319 34 6
341 86 7
328 272 6
441 401 7
882 806 4
5 730 6
387 258 3
372 552 8
472 689 6
718 114 9
701 222 6
640 350 9
759 750 9
1 280 7
693 566 6
730 462 3
75 606 10
405 580 9
694 177 5
452 483 8
699 255 6
865 616 3
351 840 4
667 212 5
653 13 5
186 765 9
121 844 3
127 541 10
662 190 9
485 234 3
285 398 7
285 435 9
721 42 7
543 445 9
500 673 2
243 439 7
843 309 9
466 498 8
453 18 9
642 855 10
757 880 2
106 868 9
37 583 9
705 891 6
696 601 6
683 7 10
224 454 8
812 457 9
564 675 9
796 484 3
18 258 10
770 625 9
71 476 10
403 816 7
169 527 9
153 567 9
89 124 7
757 509 4
34 269 9
861 298 8
12 788 4
787 5 9
767 649 7
355 193 9
497 422 5
399 305 10
620 738 5
208 18 8
594 377 5
610 850 6
845 233 6
127 478 8
664 64 6
102 483 10
574 553 5
117 386 10
493 20 7
428 458 8
74 665 10
470 396 5
204 719 10
2 39 2
632 149 9
780 881 8
569 609 5
271 825 6
798 168 4
238 277 4
172 128 10
828 867 5
331 751 10
795 274 8
706 307 10
80 518 7
329 382 5
60 201 7
264 202 6
400 656 6
93 239 8
88 322 10
838 654 6
515 232 10
400 510 6
897 702 5
615 249 2
333 137 8
879 156 4
682 481 9
888 150 8
727 82 10
424 456 9
489 36 10
830 433 10
658 395 9
176 869 7
773 856 8
651 12 4
95 304 10
37 119 9
751 898 4
573 531 8
245 769 3
92 650 5
8 141 3
110 847 5
684 402 3
859 163 7
354 112 6
336 252 10
470 731 5
89 678 9
838 589 8
652 310 6
363 767 9
670 517 9
237 653 5
777 643 1
743 12 10
744 825 4
451 707 10
802 675 5
150 481 6
449 233 10
891 748 10
484 845 6
634 129 2
286 43 4
743 193 10
476 112 6
320 68 3
78 757 5
274 125 8
39 49 4
160 466 10
584 325 10
900 78 10
701 112 9
197 307 6
325 175 8
372 105 10
641 4 2
158 598 5
820 386 7
625 395 10
72 373 6
183 556 5
481 853 8
139 794 7
832 708 6
713 177 10
196 464 5
179 843 6
595 111 7
243 782 10
447 522 7
279 240 7
669 241 6
466 284 5
127 425 9
601 516 6
367 171 4
248 473 6
26 717 10
804 688 9
340 896 3
332 439 2
409 840 6
471 547 8
491 496 4
775 421 3
840 552 5
85 788 10
845 507 4
851 69 7
582 344 9
713 106 7
240 165 4
36 100 8
894 81 7
264 69 10
85 240 7
347 504 10
244 853 3
694 499 5
470 43 10
180 696 7
163 557 10
161 586 9
210 868 7
589 480 6
106 808 8
333 836 9
425 118 7
336 449 10
812 445 9
35 127 6
71 276 6
463 307 10
606 813 8
164 811 10
158 269 4
42 815 8
357 120 5
656 404 3
92 134 9
765 68 10
124 653 5
731 791 2
492 743 2
46 371 7
660 554 3
274 245 6
119 845 10
1 867 10
551 599 4
311 880 9
196 871 5
623 50 9
638 476 7
673 661 3
358 307 9
635 307 4
286 777 9
383 169 7
813 771 9
493 445 6
710 152 3
357 840 7
868 667 8
222 798 4
179 712 2
126 360 7
827 681 4
847 510 7
69 183 9
394 876 7
125 477 9
617 257 10
511 180 10
204 554 6
491 165 5
337 836 9
299 855 5
522 380 7
439 255 7
299 286 9
163 150 6
761 13 6
562 236 9
403 722 9
159 186 8
614 226 10
568 598 9
217 792 9
563 324 8
849 475 4
750 427 8
527 729 8
663 269 7
28 416 6
293 165 7
163 141 10
141 565 4
125 642 10
99 416 5
443 281 8
497 24 4
583 883 1
611 583 3
805 438 8
491 553 10
171 712 8
291 18 9
10 795 6
358 494 5
125 44 6
113 69 4
148 138 9
60 405 6
33 174 9
498 607 10
137 485 10
43 178 5
664 35 2
333 794 7
840 308 7
701 215 8
779 114 7
630 201 7
71 247 9
543 730 10
211 178 9
844 237 6
122 425 6
183 588 5
653 242 9
586 68 5
402 248 2
37 448 8
315 508 9
537 754 7
597 770 8
422 786 6
549 365 10
276 624 10
760 188 8
579 356 8
723 809 9
855 541 5
532 216 7
459 887 9
683 39 7
399 410 8
506 491 6
327 253 7
410 840 5
240 285 5
192 372 9
758 232 7
325 15 10
481 589 5
485 716 3
308 842 3
248 751 9
694 596 7
535 323 9
817 711 10
555 455 8
748 877 10
319 728 4
769 390 8
299 585 7
458 62 10
359 808 10
828 513 9
315 334 10
257 493 10
441 29 4
534 191 8
472 424 7
898 479 9
884 488 9
605 744 9
137 61 5
317 205 9
370 128 7
725 378 8
70 856 2
811 560 3
283 334 10
669 752 7
560 816 4
644 38 4
363 614 9
808 64 10
678 214 8
197 122 7
384 267 6
791 288 8
434 420 9
102 29 10
412 286 1
266 187 9
589 309 8
175 281 5
643 790 2
595 762 6
691 156 9
146 290 9
60 887 8
6 424 5
15 269 7
481 351 8
42 298 5
470 516 1
363 873 4
658 574 8
243 468 4
556 174 10
768 566 5
765 336 4
39 409 10
498 857 6
332 206 7
256 283 8
584 667 10
40 400 6
196 402 5
297 495 10
300 82 8
288 750 9
512 795 3
149 747 9
463 414 10
825 336 5
446 721 10
801 17 6
474 125 6
206 880 8
391 741 10
372 86 8
617 858 9
383 725 4
190 804 5
336 112 4
62 822 9
49 6 10
278 378 10
107 594 5
159 784 9
239 540 10
740 285 6
465 320 5
303 251 8
16 783 4
592 60 2
81 405 10
173 472 7
289 351 8
871 873 9
770 76 10
280 793 4
299 673 5
675 701 10
149 377 3
803 176 9
794 349 4
259 359 9
102 690 7
677 231 8
345 734 10
88 797 10
788 248 2
543 216 10
849 149 4
879 505 5
378 292 8
679 666 8
229 887 10
116 865 7
202 48 8
816 96 10
70 167 9
556 209 10
530 799 10
474 90 7
865 382 6
42 199 10
552 488 7
397 875 10
848 770 8
210 113 1
137 79 5
144 329 8
444 624 9
176 539 9
346 372 10
514 553 6
158 152 3
210 738 9
384 63 10
684 357 7
634 562 9
518 133 10
795 331 2
238 271 9
515 749 7
246 173 6
472 250 5
230 845 8
388 720 10
409 203 9
468 833 9
578 94 3
319 259 6
883 131 8
259 329 8
786 186 5
161 879 9
252 755 8
782 421 10
229 24 10
753 763 7
426 277 8
564 388 5
673 271 7
737 530 4
377 235 9
699 120 10
632 265 8
295 346 8
664 237 7
617 25 5
486 229 8
645 574 4
803 268 8
449 482 4
614 124 9
595 430 3
611 864 8
769 788 8
635 206 9
106 666 6
309 90 8
395 581 7
826 636 7
543 373 9
731 614 10
748 109 2
313 599 7
241 534 10
422 124 8
488 573 5
367 704 3
755 422 9
475 893 9
434 413 3
553 240 8
757 750 7
608 450 6
473 535 9
111 65 7
37 838 8
586 430 9
685 336 7
326 886 5
110 257 3
266 299 7
372 311 7
726 569 10
650 548 10
574 428 8
635 525 7
766 399 10
713 76 9
684 83 8
878 149 5
481 528 10
383 24 3
747 666 5
267 284 6
424 865 3
793 392 8
271 244 10
386 747 9
797 397 8
792 21 7
499 536 5
21 874 6
723 93 4
264 588 6
308 162 9
732 571 6
284 570 8
205 706 3
644 599 10
474 478 6
738 5 9
490 314 3
441 878 5
36 262 9
773 647 10
1 316 8
352 240 2
146 733 9
485 465 9
827 555 8
771 286 8
699 446 6
750 465 3
451 264 10
575 838 5
733 186 8
623 569 8
696 341 8
197 447 7
525 86 3
123 313 9
781 836 4
345 758 8
691 178 10
101 76 6
725 290 7
19 225 2
288 751 4
199 70 8
512 297 9
770 468 10
608 478 3
523 421 3
596 834 4
888 875 4
877 498 10
88 477 9
412 362 4
172 788 10
482 96 6
659 589 7
755 8 3
272 667 7
283 516 7
718 871 5
321 79 10
741 22 10
261 754 7
483 26 4
432 3 6
296 537 9
57 670 3
448 172 5
518 22 7
698 713 10
577 235 7
430 514 8
349 835 10
628 510 4
187 160 10
18 322 8
694 304 10
891 529 1
637 122 10
763 890 9
643 733 6
517 95 7
290 222 4
252 81 8
418 756 7
566 337 2
465 222 10
606 678 10
597 2 9
155 525 9
703 828 6
749 91 8
70 563 5
874 359 6
472 814 8
734 682 6
705 378 9
124 647 9
183 73 3
499 230 6
626 382 10
390 701 10
209 99 3
597 562 8
301 805 10
504 317 6
457 36 9
227 669 5
180 215 10
744 67 9
686 428 7
221 741 10
794 120 9
54 345 10
207 700 9
843 824 5
120 886 7
593 600 3
55 540 7
513 705 7
355 787 7
748 752 8
179 186 7
583 43 9
486 713 8
748 302 9
470 42 8
65 205 8
711 319 8
70 825 8
440 91 10
692 625 6
26 335 4
316 512 6
693 311 10
197 616 5
772 858 10
140 614 9
425 270 5
369 377 10
256 475 7
64 374 6
676 808 4
367 274 4
354 544 10
84 423 10
438 353 9
630 725 7
34 661 10
471 629 7
652 82 6
742 345 7
649 850 7
503 322 9
797 664 7
542 364 8
160 117 10
603 191 10
898 585 10
445 767 10
537 452 10
358 275 9
163 49 5
69 739 8
526 866 9
258 850 5
105 235 8
175 473 10
898 14 10
505 391 5
645 168 5
427 412 7
252 579 1
241 350 7
422 263 10
190 465 9
174 384 8
803 864 9
280 574 4
33 627 7
103 665 8
503 537 9
269 318 7
492 639 7
552 163 5
782 348 6
1 260 7
656 574 7
497 378 10
321 351 3
383 239 7
825 278 9
618 347 10
489 812 9
519 277 10
439 840 7
160 519 5
652 487 8
247 426 10
777 649 5
567 623 8
25 102 8
735 12 10
298 64 9
678 596 6
528 175 8
113 631 3
57 388 2
88 2 7
330 710 5
250 157 9
696 653 10
250 739 3
618 378 5
750 849 3
284 716 5
844 244 5
866 672 9
364 457 7
308 349 7
405 719 8
831 177 8
37 490 10
779 830 6
569 39 9
472 437 8
805 327 6
356 316 9
17 228 10
884 421 5
108 843 10
197 274 10
681 185 6
719 88 5
770 535 9
196 815 10
549 225 9
780 541 9
113 844 8
488 447 8
186 829 7
774 824 7
699 116 10
459 244 6
696 673 6
45 465 7
531 278 7
572 374 10
63 55 7
59 871 8
187 576 9
656 738 8
231 624 8
106 802 10
36 28 6
172 390 7
215 876 9
681 848 6
763 273 9
183 498 10
47 671 5
773 333 10
24 270 4
627 749 9
795 839 9
722 774 8
729 293 8
84 49 6
164 45 2
783 71 3
573 328 8
56 487 10
567 494 3
388 665 8
216 808 9
638 318 9
842 252 2
570 620 5
881 759 10
65 819 10
380 110 7
490 703 8
651 602 8
543 5 5
251 267 10
1 250 7
894 840 10
873 567 3
112 769 9
246 363 6
696 780 9
712 415 9
91 249 10
570 161 10
845 376 10
415 29 7
77 757 10
571 230 8
855 433 8
505 563 4
11 685 7
336 26 6
391 503 5
319 186 8
462 263 2
880 595 9
488 506 10
564 701 8
772 117 9
238 682 9
332 138 4
89 55 9
25 408 6
112 10 10
745 496 3
710 214 9
889 809 6
192 454 9
655 763 5
692 219 9
644 250 9
177 876 8
808 685 7
862 120 9
434 477 10
278 520 10
448 152 10
49 756 6
112 710 3
885 24 8
756 87 7
684 476 9
77 240 7
645 725 9
612 297 9
109 845 7
547 35 9
850 218 10
503 538 2
203 212 6
93 363 5
835 479 3
379 58 2
653 530 8
311 836 10
126 685 6
372 308 9
614 646 10
413 347 9
182 484 7
543 834 10
727 259 4
325 794 6
602 391 9
156 95 9
826 52 5
546 257 7
49 407 10
376 108 5
668 622 7
90 441 9
755 757 7
884 142 8
127 639 10
751 439 9
311 60 3
62 669 10
515 243 5
134 96 4
413 734 4
624 37 6
696 539 10
797 790 8
298 800 6
899 425 9
14 563 8
365 710 9
17 637 9
211 784 9
867 806 4
328 562 7
353 736 4
110 852 6
40 367 5
71 438 7
277 621 8
366 829 4
183 461 9
120 463 6
795 593 9
407 574 5
672 644 8
524 695 8
401 346 8
220 763 9
366 32 3
861 793 6
210 147 9
388 695 5
827 647 9
463 734 6
18 626 7
19 879 5
70 655 6
757 742 5
4 380 2
269 28 3
33 523 10
619 294 6
740 611 9
753 85 5
5 565 7
111 581 9
794 753 9
630 453 9
377 375 10
765 672 5
831 843 5
53 363 10
489 666 7
284 429 9
593 58 7
730 619 8
362 835 3
779 77 1
673 675 10
567 335 9
95 184 7
60 339 8
277 168 8
538 187 4
399 891 9
262 628 6
602 188 10
577 239 4
235 422 3
734 468 4
660 442 3
121 542 9
627 426 8
529 238 10
124 774 9
139 146 7
729 565 8
106 97 6
544 89 6
14 868 9
787 282 7
771 359 10
424 494 3
639 563 9
102 10 5
852 724 8
553 309 10
392 594 9
802 458 8
422 407 5
615 528 10
431 578 6
455 244 6
109 60 3
472 275 8
894 288 8
801 411 9
507 855 10
388 437 9
55 279 8
461 146 9
608 568 5
413 868 7
207 1 7
868 61 6
500 210 7
111 704 5
626 248 4
4 546 9
254 456 6
597 715 6
564 438 8
232 40 10
441 547 9
255 141 4
606 268 2
722 634 9
253 279 3
863 316 9
456 41 7
738 43 5
471 86 6
18 252 9
277 63 8
36 646 2
130 891 7
335 62 6
487 562 9
168 393 8
292 386 2
174 576 9
804 664 6
86 841 2
397 515 9
731 561 5
636 827 4
173 454 4
533 208 10
438 269 4
824 701 10
616 842 7
603 49 6
472 343 10
640 177 5
393 890 7
653 734 8
764 195 10
124 163 8
84 136 10
546 731 6
868 346 7
406 607 10
857 156 10
437 218 3
28 675 7
869 226 7
897 267 9
80 636 9
119 401 7
674 548 4
30 258 9
746 707 8
486 626 8
310 635 10
417 834 7
803 740 9
425 553 9
772 626 7
42 865 10
243 332 5
798 742 6
856 696 2
731 136 8
145 285 3
114 70 9
225 363 10
885 457 6
425 547 3
301 275 9
695 141 7
85 734 7
18 224 3
370 392 6
227 441 9
527 4 8
198 126 5
160 333 4
280 865 10
879 511 9
244 323 9
78 608 5
618 726 8
760 886 2
275 150 6
535 436 9
438 536 6
180 310 8
51 185 9
279 361 8
63 275 8
580 112 5
227 724 8
591 803 8
395 265 4
444 608 8
261 501 9
798 239 6
185 770 7
217 68 3
518 172 4
282 90 7
295 824 8
115 509 4
845 360 8
593 313 5
168 95 6
603 849 4
363 94 5
800 336 7
175 851 10
848 289 4
891 614 9
643 612 8
431 292 8
484 21 9
581 602 8
405 520 8
864 634 10
735 221 7
520 49 9
278 519 2
775 545 7
162 498 3
537 311 3
151 428 9
424 796 4
641 90 8
118 855 6
526 427 9
417 87 8
809 801 1
568 211 6
426 835 6
28 644 3
37 714 7
563 797 10
302 280 8
125 750 10
226 838 9
401 158 7
512 131 8
705 498 8
519 656 10
234 375 7
617 584 9
228 390 8
212 595 9
551 406 8
78 100 9
287 65 7
43 124 2
124 155 8
616 870 9
872 547 2
307 675 4
214 437 2
27 731 4
206 9 8
865 791 9
583 653 6
690 583 6
349 257 8
607 572 6
307 117 9
522 194 9
25 6 4
312 427 5
13 844 7
574 518 8
334 373 8
43 64 2
390 380 7
886 543 6
376 539 8
872 165 9
11 51 5
681 407 5
119 521 7
353 624 10
378 50 5
106 693 3
145 159 7
224 410 10
758 564 1
851 860 3
854 412 10
661 525 5
853 363 9
227 631 8
138 743 6
580 477 8
513 162 10
32 204 3
6 753 6
770 696 9
837 835 10
592 408 10
59 613 9
415 742 10
469 829 9
78 294 7
816 859 7
731 852 9
86 221 7
218 251 7
634 541 9
825 442 10
753 420 5
861 446 8
112 408 8
696 890 10
481 796 9
258 596 6
600 676 4
720 436 7
833 469 8
771 725 9
762 249 7
265 538 10
421 446 9
511 528 8
188 853 4
647 408 10
789 710 8
886 240 8
48 772 9
800 594 6
559 547 6
163 313 9
459 735 10
493 40 5
363 617 8
174 653 9
261 658 9
737 477 9
10 632 7
869 551 10
8 895 10
43 585 9
194 478 7
586 467 4
74 345 8
668 300 2
117 170 10
790 394 4
378 179 7
10 100 10
632 892 10
249 582 5
879 382 8
474 452 6
445 894 4
300 823 8
689 626 8
45 873 7
644 679 8
485 167 9
846 497 9
330 235 6
718 887 9
290 664 9
497 802 8
247 773 6
770 519 9
178 213 8
701 250 6
593 885 8
110 416 10
733 106 5
385 522 4
284 114 7
681 264 5
587 517 9
611 309 7
401 202 10
328 807 9
218 557 9
725 753 8
210 777 9
104 573 7
262 374 7
545 731 6
19 503 4
629 170 8
366 67 9
502 624 6
627 257 6
86 93 8
177 891 8
77 393 6
679 853 9
837 675 3
866 422 4
107 199 3
258 36 4
824 390 6
63 893 7
655 475 4
31 778 9
860 621 5
131 890 9
587 609 8
699 820 3
548 286 4
385 160 4
357 229 9
806 31 6
108 441 3
435 430 6
833 685 3
407 503 5
31 275 6
587 307 8
686 223 8
556 85 6
278 728 10
575 137 9
876 587 5
362 281 4
116 55 4
189 892 7
161 424 7
337 727 10
630 240 2
172 14 10
233 856 9
214 588 3
278 681 4
731 34 8
54 338 5
226 271 6
664 875 3
706 663 7
641 44 9
612 136 9
482 356 3
796 189 10
133 685 8
270 251 4
429 738 10
881 439 5
622 550 7
73 459 9
337 108 9
828 576 3
332 181 10
161 423 5
280 441 5
547 17 4
217 78 9
786 260 8
236 81 10
324 668 9
417 463 8
375 900 8
559 69 2
890 256 10
196 815 7
809 189 9
