1500 2000
505 1439 8
69 933 4
1170 989 6
577 1211 8
110 274 4
323 829 9
933 611 3
747 1254 4
9 993 8
1470 67 9
293 1356 8
916 821 6
509 330 9
1116 985 10
1301 380 10
485 1172 7
1264 881 9
1292 992 9
64 548 3
466 1353 5
51 1479 9
225 1091 10
1002 439 9
1428 653 8
378 600 4
1079 1026 6
1108 270 9
738 151 5
1009 1275 2
880 485 10
731 1195 9
628 1235 6
631 733 10
971 1343 4
909 1249 10
676 283 10
487 552 10
375 1308 8
881 1384 9
576 663 10
174 145 9
460 630 2
839 297 8
306 804 4
1423 950 7
829 481 7
796 171 10
955 296 3
1240 1325 7
1105 762 7
1092 550 10
1156 87 6
313 934 9
1108 1049 9
68 1100 9
857 1186 7
1315 921 6
67 430 3
724 863 8
774 22 5
403 1000 4
1437 627 8
128 312 3
1062 857 8
1490 1375 8
487 1306 10
428 936 5
364 16 10
981 1121 7
1458 520 9
969 318 9
877 1159 5
1434 1238 10
1173 1202 10
828 1483 6
425 943 2
493 336 6
1287 717 6
1435 1402 8
1025 278 10
370 712 5
1316 1091 10
492 517 7
445 79 9
493 320 10
172 1238 6
1157 1458 3
30 814 4
701 627 4
908 770 5
41 1101 7
1332 1378 9
1274 970 9
19 686 7
743 865 10
942 1383 6
1160 196 10
58 965 8
1082 192 10
387 49 4
257 1088 6
1303 1288 10
839 1031 3
1259 843 4
1461 1023 7
467 169 9
248 215 6
1430 1425 10
81 1329 9
183 632 7
450 816 10
1271 883 8
365 440 7
534 664 7
477 416 6
572 247 7
1411 1122 10
788 779 7
931 1427 10
130 1261 9
608 705 4
1343 1268 6
484 1095 9
42 871 3
1294 76 10
286 1362 5
11 449 7
733 1426 1
1154 83 6
70 1311 9
1211 506 8
1476 91 10
1338 1327 10
977 619 6
1351 259 7
452 848 9
771 1431 4
156 630 10
166 1323 9
1279 469 10
953 1269 3
739 1358 6
398 909 3
632 993 6
625 692 9
996 44 9
124 1471 6
912 57 9
660 580 6
158 595 9
741 1147 10
972 931 6
818 889 7
293 1319 10
396 1145 9
113 1316 10
774 1122 2
1431 718 9
790 186 2
773 232 3
501 495 6
1476 596 8
209 129 9
1227 1040 7
307 635 6
253 1042 6
783 276 3
33 800 10
495 519 6
507 761 5
1199 1399 7
748 1448 9
1447 557 9
697 984 10
941 1407 9
1335 1072 7
973 249 10
22 1427 7
590 1208 9
1312 380 6
70 581 10
1260 463 7
1403 25 8
54 341 10
354 1334 10
1207 1472 8
401 860 5
316 88 8
577 404 7
1064 560 4
1069 297 10
372 1055 2
610 1074 6
316 1218 8
1399 718 7
225 1454 9
1036 546 4
724 225 10
871 824 8
559 564 6
377 341 10
1230 1240 9
1061 516 5
218 1072 6
824 225 8
1063 478 9
1464 693 5
1359 871 9
768 1204 5
1262 381 8
1125 921 7
278 768 8
808 528 9
374 857 5
762 1198 4
165 448 9
729 924 4
799 457 7
1177 33 3
889 922 6
1229 447 3
462 295 8
201 95 3
606 860 9
281 333 8
1332 182 10
1426 1037 9
1324 1048 7
386 659 5
557 458 7
619 169 5
1488 332 10
1186 320 4
1486 923 9
1049 657 8
1205 97 6
170 968 5
292 641 9
157 1209 7
159 1286 7
1316 1384 7
543 1282 9
704 462 8
152 702 4
1258 467 3
1017 545 8
730 344 10
1366 6 9
582 1372 7
380 220 4
1203 213 10
719 403 5
389 749 3
184 163 9
220 911 7
213 1126 5
24 63 8
1316 724 9
35 836 8
412 677 7
1024 1188 10
705 1366 7
1142 967 5
662 511 8
1479 406 5
369 1005 10
484 1424 4
66 458 4
652 657 9
267 432 7
559 924 4
725 508 4
754 91 7
764 886 3
399 842 9
1487 1115 10
700 67 8
642 1010 6
1299 1387 7
477 1192 7
1283 622 10
1073 1074 9
103 562 8
235 927 10
338 1039 5
786 379 4
820 77 9
486 268 10
491 201 9
1432 1205 8
366 1175 6
537 1326 4
15 305 10
367 835 2
68 266 6
883 860 9
1452 1302 8
104 622 6
871 838 10
1123 1333 6
115 1035 7
2 1380 5
289 663 10
32 578 4
103 301 4
220 1382 6
1287 980 2
588 888 9
380 746 7
1022 40 10
532 199 8
490 1334 6
220 391 6
161 1241 4
409 201 8
540 1 9
1009 1147 10
1277 87 7
204 1490 8
417 1293 3
343 1368 10
1491 650 9
338 1475 5
1041 863 10
1176 1387 8
561 100 10
446 1140 5
233 560 7
804 311 9
627 749 10
1306 1242 7
804 1022 5
541 1203 9
41 977 10
371 1208 8
1437 755 2
921 147 8
899 805 10
470 86 9
818 185 8
197 1471 8
34 565 2
55 54 8
985 206 4
497 524 6
313 1227 3
779 284 4
693 1451 10
1035 1333 10
213 1238 3
1450 499 6
639 306 8
1016 128 10
1348 467 7
1190 243 9
1460 1249 6
1328 571 7
1313 413 9
1154 395 7
1341 973 3
749 1428 8
133 674 5
597 527 9
1065 1231 7
920 317 4
262 511 10
1346 842 6
593 870 10
1227 1050 5
350 440 7
657 52 9
993 834 7
559 569 9
507 774 10
854 972 8
40 1074 7
985 713 4
25 1169 6
284 1390 9
103 955 5
243 1401 8
737 185 7
1139 88 7
203 1337 10
1378 58 7
470 266 10
1019 1006 10
1213 684 9
1466 169 10
21 1080 7
1170 280 4
372 994 4
1475 103 5
771 1045 3
425 801 10
1057 362 10
533 517 9
978 104 4
589 1276 8
984 1039 4
600 479 4
1091 609 6
463 1012 9
583 1027 5
1333 634 8
55 803 9
1116 288 10
83 455 4
1134 430 3
1162 485 10
304 31 7
471 1328 9
141 804 3
392 1066 9
1302 1269 5
491 852 1
1274 16 7
783 388 8
519 825 8
875 970 8
302 508 9
947 934 9
1313 1049 5
683 21 9
913 1061 9
744 1120 8
1485 12 10
1269 1459 6
289 499 7
416 409 10
1138 1481 5
1487 887 7
1256 765 10
351 692 9
615 924 10
1462 1411 7
1407 495 9
82 1015 5
1167 637 7
533 451 9
756 573 9
619 1469 8
380 89 10
566 896 6
669 923 10
362 696 5
698 1116 7
1429 1020 10
1215 1161 9
741 765 4
1416 317 9
1419 890 9
499 757 9
975 869 9
545 885 8
1413 53 8
1327 1191 3
634 409 7
1449 312 9
83 448 6
302 1449 5
1365 726 7
321 771 10
739 401 7
1356 1340 5
604 89 8
1413 791 6
1180 652 5
1384 310 7
1065 1420 1
1096 1194 6
852 1208 9
1449 222 10
879 58 9
257 1136 10
257 1061 5
792 643 3
476 807 5
1345 195 6
691 710 6
78 343 4
679 1391 8
850 361 10
380 952 7
85 599 9
408 1044 3
1295 333 8
851 621 7
512 1030 10
121 661 4
542 487 4
1183 36 8
537 1336 7
530 181 10
53 441 8
1327 1178 9
518 1381 10
836 1477 10
1435 756 5
358 637 8
472 211 9
702 160 6
20 978 8
71 725 9
439 107 7
794 1051 6
419 1119 7
750 451 4
546 1110 9
1036 529 10
185 1459 7
1010 306 8
844 717 1
474 656 3
1421 1051 8
872 723 4
1388 1486 8
672 358 3
1028 1015 6
283 149 8
1343 1371 4
232 602 10
1200 510 7
1290 614 9
839 1048 10
775 1463 7
1363 212 5
1179 830 5
214 1238 9
647 1463 9
1263 2 9
71 1262 8
129 130 10
865 765 7
1090 216 4
871 1281 3
977 68 10
83 799 9
533 252 8
742 1244 5
1264 667 10
688 931 5
1423 150 5
1184 137 7
765 697 4
617 132 8
1499 1292 8
1383 843 9
892 237 9
1174 693 8
249 320 9
278 71 2
1010 188 10
820 1314 9
388 822 7
327 1055 8
597 229 1
1155 769 8
715 1369 8
742 976 7
1071 262 9
593 170 6
300 1104 5
849 825 5
1456 558 7
1221 991 7
13 945 9
269 718 5
225 610 9
1339 773 4
586 25 8
1389 183 8
1127 1310 10
323 407 9
130 1485 6
424 627 8
863 989 4
687 881 7
638 1012 4
281 742 10
394 159 10
125 1369 3
882 419 8
1050 249 7
714 341 5
590 275 9
1243 518 3
1223 312 9
645 1380 5
324 1446 10
918 1269 5
1246 1086 10
1060 981 7
1202 574 9
824 308 8
639 1077 6
1492 1028 4
325 1151 4
830 307 10
698 1453 3
1271 592 9
1350 320 9
742 648 4
51 1253 7
697 1149 7
642 414 2
972 184 9
1492 1130 7
698 1128 8
259 755 8
1428 516 6
282 809 2
677 1314 9
504 106 7
1459 697 9
28 565 10
1228 708 3
1071 1316 8
662 315 10
941 671 4
6 1049 8
731 919 6
1249 1011 6
900 577 9
1378 101 9
901 1205 7
29 153 2
426 464 5
1387 255 8
655 715 6
244 824 10
116 562 9
307 151 7
1458 580 10
1438 429 4
289 1036 2
1114 1389 8
1348 1488 5
4 1047 3
1386 762 9
884 1423 7
772 808 7
546 907 1
1042 169 9
1115 245 6
973 782 10
65 1113 8
478 499 8
611 797 4
1384 289 6
632 984 10
506 589 6
265 1183 2
1069 1223 4
1499 1129 10
1027 1476 5
251 173 8
472 1082 8
177 1317 10
1188 1306 8
343 140 8
686 1034 10
474 1291 8
1435 766 9
778 6 10
1076 1298 10
265 811 9
1202 1347 10
653 381 5
1077 963 8
247 384 8
1429 248 3
1416 1361 8
1328 1065 6
318 1186 4
1092 788 9
200 285 6
174 114 10
1143 295 6
731 1019 10
1081 1140 8
24 1190 5
1040 768 3
347 1102 3
425 635 9
887 463 7
500 403 5
389 408 8
312 619 7
1232 40 9
1499 1249 7
1122 1376 7
415 1157 10
1418 484 10
233 1216 5
892 1014 6
613 348 6
1266 830 8
131 431 8
790 1154 9
332 590 6
1138 1110 1
51 46 5
211 818 10
1391 122 10
693 1091 9
615 1214 7
700 896 7
710 440 8
245 946 9
1027 1039 8
416 509 10
296 1221 8
738 108 2
1245 1014 9
300 1152 7
664 187 7
169 756 7
229 1344 10
1205 376 10
14 1322 7
1199 1246 6
964 504 8
684 1286 10
106 56 10
1372 1223 4
1400 481 10
1024 718 8
1414 948 9
1302 550 9
868 177 7
1117 515 8
77 304 9
504 466 4
496 890 10
746 940 9
711 302 6
229 1419 7
405 1037 5
410 1100 4
541 26 5
801 992 7
157 226 7
400 357 8
1253 268 9
1411 1412 7
629 704 6
18 86 5
697 55 8
481 104 5
240 795 9
1003 726 7
1082 445 8
118 909 10
690 524 8
20 880 5
794 374 8
1255 948 9
1349 343 6
22 1364 2
1355 536 5
919 1220 10
702 462 9
1039 155 9
276 1478 10
533 684 8
334 1250 10
1235 887 5
1438 631 10
984 560 9
1036 755 7
485 72 9
852 647 2
1235 1202 8
1229 1091 8
555 786 10
134 1009 9
435 1231 8
997 1345 8
263 335 7
684 1460 7
905 1292 10
525 1131 10
312 709 8
275 170 7
991 442 9
938 1029 5
246 1395 7
1463 250 7
953 47 7
83 331 9
1375 693 5
723 35 2
1084 1200 10
1345 243 1
514 283 4
254 645 4
693 308 8
584 747 10
553 191 5
43 1197 8
418 1379 3
1208 967 10
648 784 8
422 1306 8
660 412 6
597 59 7
765 834 9
905 1387 8
298 609 9
295 172 2
518 718 7
1157 74 10
1144 175 5
713 1331 7
20 755 3
1164 733 3
1326 389 7
1081 638 7
493 1185 8
1394 1291 9
1085 896 2
777 1014 6
1052 1078 3
611 338 8
636 308 4
1224 1363 10
353 929 9
1444 854 5
690 1230 10
93 40 10
671 1373 2
1362 1020 10
521 781 9
1309 1354 10
179 455 10
929 864 3
23 1147 3
961 777 3
299 249 10
1292 1405 4
937 212 8
1365 39 7
564 11 8
755 192 7
1030 137 7
661 949 8
1291 1305 8
626 281 8
1249 1087 9
133 597 8
949 1172 5
153 941 8
1269 1365 9
681 519 9
347 1462 6
83 1231 9
968 241 9
347 1246 8
351 708 5
21 974 6
293 929 10
334 560 6
1082 236 3
895 338 5
570 1357 5
974 908 2
5 1480 6
159 1474 9
735 1088 8
366 1470 7
952 1045 5
395 1054 6
1033 612 6
1463 474 8
16 1144 9
814 1384 9
679 370 5
169 1409 9
1417 626 10
614 513 10
798 214 8
208 1188 8
1487 1210 10
715 664 5
718 1412 7
268 185 8
840 86 8
1280 203 6
1020 1307 7
991 883 6
993 147 6
556 1217 5
289 1045 5
298 955 9
1228 1229 5
1227 818 9
1303 956 8
1149 773 4
1440 1031 10
1500 1070 10
937 1007 6
1331 342 7
756 1039 10
461 783 5
537 633 5
848 332 3
1161 150 6
608 614 4
631 489 10
1205 49 9
872 816 5
1496 835 1
1257 923 4
878 324 10
1146 823 10
198 514 9
1343 983 2
1273 155 4
262 1199 5
1328 1126 10
1483 328 7
1176 782 8
244 588 10
13 1246 10
173 1165 10
560 1038 10
1014 830 6
647 138 8
627 308 10
1179 1043 5
480 426 8
691 804 10
517 462 6
1467 793 10
1262 1323 8
1420 234 8
1312 637 7
79 627 5
470 698 8
19 1008 5
128 829 9
593 919 5
370 298 10
665 187 8
1280 279 6
686 1406 10
869 727 8
1161 99 6
1423 1279 8
1398 1284 7
999 511 10
627 323 9
426 1191 8
169 1171 9
1200 1300 6
1146 577 4
832 1289 8
276 1461 9
1337 1309 8
850 34 9
1239 166 7
1254 84 8
1219 555 8
489 862 7
926 236 10
492 1481 10
1421 1040 8
1010 894 10
755 392 9
495 403 9
986 490 3
668 235 4
914 919 10
1135 506 5
1035 776 9
516 381 5
492 654 10
548 425 7
1463 292 9
610 1484 9
1085 193 3
98 876 4
924 227 4
790 256 9
765 952 5
1152 1077 9
50 517 6
888 475 8
679 436 10
131 1242 10
942 1497 8
39 120 10
630 1417 2
145 973 6
1427 1478 8
1498 960 3
1475 349 8
1166 856 8
174 1053 10
840 422 6
848 83 10
934 829 5
650 348 10
1482 1095 10
159 1083 4
1387 337 9
462 1025 5
1081 598 4
431 425 5
954 744 8
19 928 10
102 212 9
56 46 3
508 386 9
4 453 6
1357 832 6
615 1106 10
462 561 6
1247 332 10
918 783 10
887 818 3
1069 898 10
1041 1489 8
163 85 6
903 1158 8
1163 558 9
50 641 5
1320 1081 10
318 268 9
185 114 7
801 1036 10
1114 577 6
1097 844 6
1238 168 10
1350 563 8
729 908 2
815 50 9
1061 891 3
302 863 10
818 66 4
536 1049 4
1250 1014 10
1324 808 10
274 904 7
1426 225 3
676 831 9
1371 120 4
13 396 3
1458 7 7
50 1205 6
66 1015 8
963 271 8
124 1154 9
1437 833 8
837 349 6
853 1415 10
367 1330 7
185 603 9
539 1212 9
1411 130 6
1388 988 7
253 1304 8
594 412 2
48 1209 7
1315 449 9
944 398 4
998 1149 10
79 1085 2
841 931 10
191 719 9
218 1246 2
484 1023 8
242 493 8
566 1252 9
189 10 4
707 1290 3
551 616 10
1134 502 6
1462 1423 9
1003 993 5
412 1487 10
1066 228 9
1089 1409 5
579 1296 9
688 704 10
1039 678 3
857 379 3
448 775 5
1296 992 3
820 225 9
1245 210 8
1468 1333 10
1170 715 7
109 1125 10
818 996 3
208 85 8
1190 417 9
1282 1061 9
832 1235 9
1298 414 7
460 1140 9
993 471 5
995 158 5
38 147 10
73 390 10
1304 812 9
482 1256 5
1210 105 5
908 447 8
502 1460 9
60 533 7
1221 1253 4
828 83 9
1276 261 10
234 1297 6
1318 955 9
83 495 10
937 1377 8
72 497 10
989 1038 10
976 1233 7
566 1308 9
1256 1297 6
1001 341 4
978 910 4
1127 755 8
984 44 6
570 1423 10
1019 1330 10
228 919 6
1388 775 9
938 685 8
73 1120 3
476 1160 5
93 1388 7
761 194 5
32 531 8
205 826 10
484 637 7
449 669 7
214 397 6
1407 64 10
186 401 6
1312 1236 9
1282 772 9
775 711 4
320 1231 3
505 401 7
190 57 6
333 517 9
1355 1083 8
1280 1262 9
707 257 9
85 556 9
1304 1479 7
839 50 10
675 637 8
1206 1133 10
758 925 10
1 876 7
191 801 8
744 1391 10
511 570 10
1071 1193 4
194 126 6
1441 1075 4
1261 1088 6
1005 1370 4
1011 191 10
925 948 1
526 53 10
1466 679 8
1411 1272 9
1491 1364 10
585 1432 5
1358 867 10
1240 95 10
216 86 8
510 394 9
1191 79 4
688 40 10
804 79 6
1500 1305 10
53 638 3
698 1185 7
1498 396 10
1264 620 7
732 664 9
1433 1274 9
699 1379 6
567 577 8
30 259 8
1259 1238 7
655 601 9
1252 181 8
1299 309 10
193 58 10
952 574 9
98 361 6
859 1277 4
1417 637 6
344 1430 9
482 360 7
28 420 9
427 1288 9
865 851 6
474 24 4
646 224 6
544 1494 4
578 1305 9
1311 582 5
901 1404 9
924 827 2
5 1044 8
1352 955 4
105 402 5
970 1327 9
128 598 5
109 458 8
230 765 3
310 362 8
1202 1055 10
178 1145 6
1444 652 8
1132 843 9
352 424 5
718 562 7
731 495 3
1296 939 7
689 728 9
1396 28 10
1140 1092 10
772 1424 10
1191 103 8
1453 36 6
1267 172 10
1303 636 9
289 589 6
1288 1138 10
1066 437 7
292 891 10
106 14 8
845 1446 4
1060 1181 7
46 1242 9
193 1410 6
488 885 10
828 1485 9
600 1338 3
287 932 9
469 892 7
838 720 9
1249 745 10
1030 780 8
721 782 2
193 929 8
583 1257 10
419 676 6
667 1458 4
716 463 7
270 1457 2
1453 1052 4
355 1435 5
635 511 10
1374 1437 6
90 955 9
1179 1185 3
1222 314 5
879 610 7
1134 1415 7
539 583 9
1437 1380 6
521 1113 2
1231 62 7
169 404 4
552 294 4
989 532 5
1241 1272 10
37 245 7
202 1477 6
1138 1006 9
68 435 8
1283 220 6
611 594 10
849 935 9
71 320 8
1170 119 8
1053 1495 6
745 311 5
979 1309 9
453 1425 8
217 1282 10
275 604 7
728 1409 8
1316 160 9
736 836 7
95 1268 9
10 771 8
311 541 5
1042 566 3
771 534 8
1288 897 8
1492 1239 2
1050 265 5
1014 451 8
481 1485 5
821 34 6
1190 813 9
759 92 2
531 20 9
144 1251 7
903 1356 9
495 517 10
517 811 7
1489 594 9
542 141 9
839 231 9
1085 110 10
1116 1377 10
94 1085 4
232 536 5
1320 1498 8
535 18 9
182 623 8
1032 662 4
1013 1390 2
1112 1464 6
373 289 5
575 1300 5
858 12 6
1183 1317 7
385 451 10
1141 758 6
939 1438 3
1083 1376 9
15 1121 9
873 528 10
340 175 7
1209 1183 6
1074 1319 6
455 1401 7
819 856 10
1036 25 8
186 146 9
1125 50 4
1290 1085 9
917 32 7
800 331 7
1199 300 6
773 951 5
1437 925 4
702 61 6
508 77 8
1199 411 10
1360 296 8
157 697 9
745 6 9
694 1361 8
67 711 3
696 1076 8
454 861 7
1483 209 10
473 551 10
1179 1379 8
194 312 6
301 1033 10
1028 1237 10
1192 923 8
1112 31 5
1029 1019 4
666 872 7
353 1111 9
341 468 10
5 402 7
343 987 8
517 518 8
1240 731 10
244 868 10
1142 1427 7
493 1256 3
1237 901 5
1187 1304 8
855 441 10
396 751 5
1346 881 8
639 1099 9
1113 1288 9
1385 591 8
8 1397 4
899 832 8
1180 249 9
368 104 10
1067 1259 6
627 1416 7
1116 765 9
1400 237 8
763 837 7
830 1367 9
176 973 3
1022 935 7
1141 400 10
1371 1397 7
360 242 2
538 1195 9
540 873 10
1457 912 5
518 839 10
1118 58 9
1098 1444 4
617 463 6
814 806 10
1240 103 4
268 967 7
2 476 8
1163 125 8
659 287 5
1265 1481 10
982 307 9
1137 448 7
1055 107 10
847 820 4
801 551 9
991 414 9
508 290 8
1035 1134 6
40 950 6
767 123 5
108 312 8
985 1086 10
859 27 3
1453 1023 7
754 197 7
1385 1369 3
1476 854 10
539 508 3
226 239 5
966 1072 5
723 1157 5
25 325 7
730 1273 2
1188 1426 6
503 433 4
689 700 8
810 169 8
801 1333 8
523 245 8
499 158 3
1025 85 10
1455 1378 10
1187 363 6
1263 127 8
474 899 9
1297 640 4
389 1021 9
1175 962 10
400 910 6
674 1079 1
359 1476 9
1385 59 5
513 544 6
143 1104 2
1102 650 8
594 1183 8
856 700 10
133 939 8
396 670 7
743 693 7
1287 1258 1
1311 81 7
643 301 5
1360 812 10
4 467 9
1216 513 6
1486 463 7
303 277 10
1388 753 10
1064 670 3
244 720 9
325 1276 8
367 976 4
488 1193 9
1047 1148 10
672 381 3
713 117 9
345 1097 8
700 135 9
74 1443 8
3 158 10
555 1358 9
1155 1013 10
1109 1487 7
1100 1259 6
1146 722 10
80 1200 10
869 1247 5
751 1006 5
221 435 2
1297 1465 5
886 820 9
628 536 3
1070 569 3
449 299 6
1414 540 1
578 468 10
896 742 5
394 240 7
873 1046 9
15 306 9
111 1206 8
1353 278 6
457 1263 3
1272 752 4
142 96 6
820 390 4
461 1238 10
174 902 2
829 479 10
319 623 7
794 57 6
1147 1414 3
137 891 3
223 1106 9
513 874 7
691 117 4
789 958 5
1006 1196 8
984 1079 8
1054 1308 9
938 1019 7
1435 1096 8
969 831 6
170 1371 5
626 404 5
877 1199 3
65 1325 1
641 650 9
800 1404 10
1139 842 6
1196 1168 6
1278 590 6
1485 693 8
622 865 7
1287 958 7
499 480 8
1385 941 8
8 353 9
1420 243 8
1005 79 6
1147 1495 10
710 1182 3
557 1281 2
279 529 5
1025 308 10
1268 1124 5
745 981 8
444 1395 10
745 802 3
1104 624 6
441 861 9
651 46 9
323 760 9
1255 719 6
748 607 8
1457 981 4
930 1327 4
68 603 5
1277 1115 8
601 1500 10
490 776 10
1321 1470 8
667 705 8
411 647 9
788 83 3
452 906 7
40 1458 8
199 1462 4
119 858 9
568 551 7
1199 75 7
1053 796 5
1372 877 5
561 665 10
36 469 9
907 433 9
346 415 8
15 19 8
549 300 9
1105 391 7
364 767 8
323 21 8
705 438 4
617 843 6
499 1119 2
882 291 9
727 617 10
1157 959 7
416 790 5
1054 212 4
697 307 8
673 1244 3
951 1112 10
955 1343 5
774 667 7
758 356 4
397 331 9
1311 1352 10
349 33 9
339 345 5
1420 360 4
492 260 9
45 698 6
50 831 9
330 271 7
11 821 9
1327 388 8
446 1423 8
383 55 9
1069 394 9
1150 1391 5
513 754 4
105 77 10
485 871 10
611 459 10
274 277 4
1318 572 9
1035 872 7
795 760 6
132 67 6
1225 162 2
418 1052 8
220 947 10
702 13 6
833 1192 10
505 1181 8
117 262 3
79 46 2
269 157 10
969 443 3
1398 70 10
170 1150 8
77 1025 5
1008 569 8
451 562 7
157 917 8
82 1020 9
87 414 4
783 606 8
1379 749 10
1137 184 7
1158 804 10
112 303 10
683 211 6
138 383 10
343 470 10
573 1397 6
1107 709 6
551 200 10
372 154 10
264 1209 9
981 1211 9
465 192 7
740 1231 4
459 975 10
1009 498 9
607 928 6
365 552 5
579 1204 5
1420 1006 9
760 29 10
501 14 7
1373 637 5
659 1392 5
60 193 7
251 216 2
852 223 10
894 830 4
1300 272 9
456 23 7
627 199 9
83 483 2
74 1145 10
328 1384 7
106 944 6
229 341 7
684 1192 9
795 1018 8
222 597 7
1473 1486 7
608 922 9
23 42 5
968 317 3
943 1246 4
171 1041 8
1248 144 7
1004 1492 8
497 1256 7
1087 1062 5
13 484 5
522 132 5
159 1139 9
543 1457 1
803 581 9
125 546 4
191 413 10
764 1366 6
62 380 10
44 1436 9
1139 1054 7
1034 1459 9
725 1222 6
1036 734 6
169 882 9
759 974 8
1304 434 7
1422 829 10
383 955 4
1294 776 10
27 96 5
409 772 9
185 1444 7
1189 192 9
529 866 10
1155 1379 7
1208 643 10
1340 76 4
1056 1359 5
1094 749 10
1298 788 4
223 465 9
891 267 10
274 83 6
1317 97 4
1323 1412 9
1242 587 4
924 1033 4
1300 46 10
139 249 4
1103 909 10
247 173 10
1078 299 8
1153 218 8
1222 185 4
229 627 9
923 405 8
503 522 4
862 749 7
1312 885 9
690 1236 5
510 460 3
28 345 3
320 322 3
703 1422 2
740 1215 9
767 518 10
1472 540 8
1362 637 5
299 1328 5
1412 1015 4
625 636 8
451 154 6
1407 1251 10
335 448 10
549 385 10
1068 283 5
555 1116 10
1393 428 8
845 131 7
1075 557 10
1340 289 4
1402 1201 9
718 209 9
1272 1498 10
61 324 4
126 1199 7
1123 842 3
371 487 7
741 1273 7
957 788 9
1135 207 10
749 984 4
922 326 7
166 1440 6
748 1418 4
682 400 9
289 1445 8
312 1101 10
1230 1013 9
1493 1454 4
585 98 7
106 1079 5
1369 282 6
148 1453 8
448 904 8
40 1079 7
1300 909 9
1428 517 5
25 706 10
1304 804 6
194 138 9
681 238 1
185 1035 8
193 1446 5
1010 1480 6
120 203 5
220 79 5
20 475 10
58 158 10
662 511 8
393 1207 10
454 269 10
1413 674 1
1052 1046 5
216 1396 6
30 644 8
434 467 8
124 7 8
443 917 8
69 1348 9
873 1248 10
495 1423 8
1390 715 10
1343 1046 6
353 349 6
619 28 8
30 1118 6
907 846 8
1254 589 6
1214 1337 7
879 91 9
1248 510 7
323 37 9
743 162 9
165 695 10
1326 136 8
1444 804 3
1331 1259 6
125 273 10
421 46 8
269 286 8
72 990 6
1440 1207 5
402 140 4
1093 1138 2
910 1139 4
31 1249 1
393 425 8
1130 742 9
20 494 6
854 47 2
1063 455 3
604 386 9
1075 1337 9
15 1299 6
9 804 4
66 167 9
1412 848 4
1165 101 10
865 382 6
597 513 4
750 1156 4
649 1156 9
216 1058 8
359 1426 3
793 615 7
915 1079 10
1023 857 10
1433 1235 10
670 557 10
1166 1320 3
1405 582 10
1020 1082 10
307 1285 6
329 310 6
851 1269 10
19 16 8
87 818 7
1342 1319 7
1466 308 3
1430 1408 10
891 1418 10
685 61 10
817 1433 5
1493 612 8
533 1184 4
187 323 10
1204 981 10
1262 532 8
605 1316 4
20 904 9
669 1386 10
1234 465 7
337 608 5
636 893 7
1321 955 6
71 428 8
1037 661 9
453 180 8
1142 43 7
565 1270 6
1430 155 8
787 1435 6
623 1408 9
454 17 6
383 1465 9
238 580 7
183 511 5
283 1321 9
593 1405 6
17 408 6
1442 1302 6
43 555 9
1350 1238 5
618 354 3
1138 26 10
453 1226 3
1298 1117 7
1253 1370 7
962 315 4
595 1239 6
61 553 6
602 1417 8
1092 210 5
10 1335 6
785 1137 4
547 1223 10
874 167 4
793 801 4
189 184 8
379 1252 4
554 1411 7
988 802 10
335 1477 7
214 601 2
105 1331 6
46 1235 10
246 1100 10
1316 1414 3
584 72 8
1469 927 5
594 133 8
594 525 2
1373 411 5
281 1302 10
11 1411 9
144 732 6
392 362 10
399 1341 2
103 1075 9
586 1408 5
1287 693 4
926 99 8
617 1443 10
303 1368 10
26 1059 6
257 1127 2
1087 258 4
703 1201 9
586 1324 6
566 946 4
771 966 7
1284 1456 3
680 94 9
832 221 4
539 11 2
1133 6 4
423 881 7
224 107 10
306 441 10
990 464 7
342 910 8
383 503 6
1014 737 5
236 526 6
211 663 8
1496 611 3
1109 289 8
215 885 9
716 27 10
1272 22 9
1201 191 1
219 1204 8
164 304 5
893 566 7
1304 658 4
1270 915 6
292 826 10
1235 474 5
369 110 10
247 1337 5
162 166 9
679 165 7
771 153 4
1199 451 10
1352 260 7
1259 1466 10
1473 27 9
944 715 9
358 1210 10
1085 219 7
