2001 2000
492 1651 4
1990 167 4
1400 921 4
1030 19 9
999 1358 9
783 1522 8
1738 688 6
19 18 5
321 1494 4
1076 1107 9
851 671 8
832 1696 9
710 740 3
284 1318 10
887 757 7
941 897 6
1031 1029 8
290 1515 8
145 1518 5
377 1364 6
96 1483 10
121 908 10
1069 1095 10
112 1255 9
732 1642 9
344 593 6
1623 1455 9
875 714 9
704 759 10
721 631 7
771 6 8
1002 1303 7
1625 1772 8
1701 1708 7
1505 425 3
991 789 6
66 694 8
1939 1252 10
1508 232 10
1620 1669 6
1812 1656 6
630 1275 7
880 476 10
239 578 8
887 1180 7
889 1593 10
1466 301 8
1867 1340 6
738 1132 9
1933 1278 9
1212 442 3
978 1411 6
1013 57 5
648 1929 6
1468 227 8
45 1177 1
821 1819 8
1122 1556 10
1580 1678 9
324 1061 8
1361 830 7
42 134 9
855 1922 10
855 1502 9
840 594 9
1835 322 8
1969 194 8
1807 1192 7
252 1488 5
1319 887 10
547 1991 3
1787 168 6
1716 1318 5
335 1629 6
412 372 4
344 150 4
1546 191 7
889 1127 3
488 1903 10
505 1043 10
269 427 4
298 529 9
65 1763 8
269 239 10
699 1167 7
1942 999 10
1710 1565 10
1931 1831 3
1986 511 10
302 277 6
1125 509 5
1586 968 10
463 382 3
1226 765 9
1234 741 9
411 1618 5
1917 325 10
1561 1215 10
862 836 7
162 1324 10
1629 1827 7
1718 1472 6
1012 1550 6
15 462 2
677 1303 7
1687 507 6
496 1088 6
1706 149 2
1760 1458 9
253 193 3
1888 973 7
1753 684 7
1155 1421 9
1313 1200 1
1163 595 3
1684 1638 7
1262 1746 10
628 140 8
1017 881 4
1503 1913 3
591 1257 4
1813 812 9
688 869 6
1029 1117 8
1105 147 9
1918 75 8
1239 239 7
1828 1344 1
1342 493 7
1074 485 9
695 773 8
1847 1883 5
1655 1468 7
302 1460 8
737 1260 9
1176 447 10
368 946 9
1571 1755 6
19 956 10
313 812 8
568 280 5
84 605 10
485 746 8
902 1379 3
1598 1300 2
1322 540 10
1334 1280 10
1124 773 10
1479 1737 10
1027 1320 9
1690 92 2
830 623 10
826 1351 8
1367 1351 9
327 1937 7
1795 126 7
330 1153 10
987 168 7
474 1248 9
1096 568 10
1816 1582 5
337 80 8
982 1595 6
109 1754 7
607 586 10
1736 959 3
1594 1290 10
1050 1729 10
1340 1517 6
1198 118 4
172 412 10
616 778 10
60 1347 10
1977 1928 10
182 1218 7
548 812 10
1159 1305 7
1064 1346 9
1855 728 8
1505 299 6
241 1320 9
1759 1516 9
1793 576 6
440 1071 4
1286 1387 8
1102 96 5
1419 268 8
946 466 5
415 734 9
700 1818 5
1991 555 9
17 518 8
684 1005 7
1722 1692 9
688 1490 1
1615 1006 9
971 1325 9
844 1239 3
362 1583 6
663 1038 8
907 1814 4
617 891 4
910 1488 2
1995 1551 10
1128 1467 8
798 677 7
567 1028 8
956 1406 10
1710 1025 7
1213 1367 10
313 324 2
1819 650 10
50 1441 7
774 1851 7
1833 1588 8
1115 119 6
315 1984 7
969 1291 2
97 797 9
1135 109 7
125 648 7
427 1606 9
420 1708 7
234 153 10
428 318 5
1891 1786 7
528 1148 10
591 513 7
591 1068 5
511 1741 6
182 1532 9
674 1040 2
1875 32 10
1062 350 9
285 1854 6
157 1780 8
310 1309 8
1250 1345 10
308 539 7
1819 1871 8
370 586 10
1183 320 2
1453 1309 8
518 1397 8
1966 1914 3
1561 1953 7
1477 1848 10
350 1588 10
1268 1047 5
234 1531 7
673 153 8
1009 148 10
1109 1511 10
1057 1404 8
1801 836 1
32 1036 9
1353 1661 9
1869 144 4
1732 884 6
62 875 6
499 568 8
1042 427 9
1650 1074 9
1694 1342 9
654 1753 6
435 1227 5
116 1101 3
1570 1649 9
1240 762 10
294 1311 9
563 1310 10
1786 722 10
708 1109 6
335 461 5
987 127 6
73 71 9
1077 1639 3
549 861 4
1923 51 2
855 1100 10
1749 1783 7
959 1 7
1527 1326 8
313 1476 8
94 881 3
1804 1937 2
1556 553 10
670 1925 8
1860 723 9
249 868 10
200 1053 4
1471 309 3
1089 240 9
1182 555 3
1370 1897 8
1266 160 9
59 1499 8
320 1549 6
1182 531 6
1691 1169 8
766 903 3
1823 242 7
396 946 6
1577 1318 6
1964 1566 5
876 1220 5
1005 1168 9
549 1690 7
115 1626 2
375 1867 9
314 1030 6
1620 234 4
955 1895 5
591 1489 7
1880 860 5
1796 186 4
1991 1720 10
300 725 10
780 1374 7
623 1601 9
153 866 6
661 1389 3
1324 51 8
1727 404 3
1925 379 4
344 38 7
243 1134 10
1557 780 8
1519 1465 6
192 1588 8
1083 157 3
1035 91 4
354 699 7
416 450 9
1686 1583 10
502 631 2
415 1399 6
745 362 9
113 1838 7
1189 1287 9
1659 161 7
762 725 4
396 742 10
153 1616 7
1323 732 6
1733 139 9
52 1957 10
1206 1136 8
488 1199 9
392 672 6
1253 1906 4
751 196 5
1988 1345 5
613 173 7
498 230 10
1998 1757 7
1479 756 4
1095 1951 9
75 1974 9
921 1531 4
1262 237 3
86 129 10
1546 1878 9
1885 522 7
703 1875 7
1081 1650 5
1687 933 10
1633 890 5
640 878 9
1370 1328 6
290 773 1
1384 1436 7
1216 1709 7
823 544 10
883 1638 8
647 981 6
491 1143 10
244 919 1
1381 1329 6
1410 762 7
1553 46 8
35 1020 5
94 625 5
771 1705 7
443 1036 7
705 1300 1
1112 33 8
890 65 4
1263 860 10
1356 1338 8
1829 628 10
760 1858 9
357 560 8
1192 1599 4
792 428 6
979 1530 7
1693 1102 7
1276 115 3
1756 1989 7
73 1709 5
1194 276 6
1573 15 8
1584 485 8
1740 710 4
649 382 10
147 1254 4
1897 826 9
572 536 9
1966 1430 5
1657 1109 3
322 1363 10
643 816 9
967 748 10
1248 19 7
1781 1920 8
1738 1606 9
1937 828 8
90 30 9
1418 1503 6
12 525 7
855 16 6
1498 1513 10
1672 1168 5
11 1087 7
584 723 7
1562 481 8
1897 381 4
1596 105 10
388 1195 10
371 856 10
978 1870 10
1485 1583 9
1044 1623 7
1445 652 2
714 1788 9
1100 647 8
1268 1233 6
35 1829 8
393 1312 5
204 794 3
1792 780 7
883 250 3
1177 1430 6
1378 954 10
51 1915 7
1180 1077 10
65 601 9
668 681 9
812 919 4
606 1545 10
526 1399 8
318 1721 9
318 1391 4
1455 213 4
549 86 10
846 1707 2
761 1727 7
460 326 4
1623 414 8
720 728 3
700 608 9
453 737 9
99 1276 6
1435 1932 10
160 1526 8
381 1147 9
197 1897 7
1496 581 10
1581 687 3
1307 773 3
1108 1381 6
1888 209 7
56 259 4
928 1040 9
1955 946 6
1866 1614 4
1718 60 8
628 552 8
1906 721 7
111 1495 3
1917 434 10
1734 814 8
288 909 7
1780 1643 8
1073 1206 5
1447 936 5
146 978 9
1889 568 9
1235 609 8
1278 1049 7
1953 1210 10
1249 1820 4
1593 1496 10
1449 232 10
1500 1546 7
1169 303 6
1084 1762 7
14 1382 6
100 216 2
1680 718 7
1856 434 8
269 987 9
776 1202 3
1530 189 6
1850 1984 6
585 1720 10
987 1966 6
1873 690 8
1037 1281 3
20 930 10
1405 53 7
1148 873 9
334 63 1
1756 772 10
1738 446 10
819 351 9
1000 1237 4
1768 1204 8
1209 247 7
395 1631 9
305 745 10
1883 200 5
1180 1699 3
167 1160 6
1688 1585 7
1116 1245 6
1165 1711 6
863 466 5
1387 1699 3
375 1137 5
1623 1326 10
1093 1412 8
1938 470 8
1264 467 8
1568 1245 3
984 278 5
794 1383 9
478 1850 7
793 1052 1
1893 1131 6
963 80 5
680 1978 9
523 1116 8
888 1615 5
723 1608 6
1856 111 9
1984 772 3
614 422 7
1433 571 8
488 803 9
1715 1640 2
1206 912 8
1706 874 10
1156 969 10
587 677 6
1136 1779 9
1371 957 4
295 271 1
409 1698 7
1688 684 7
451 698 8
1362 548 7
378 1143 3
176 1363 7
214 1363 10
1412 731 7
159 1841 6
771 835 4
456 8 4
1910 234 6
1624 51 8
483 1187 8
1829 693 10
1869 834 10
283 1250 7
1223 527 9
1613 50 9
1627 180 10
1096 1628 8
1848 619 6
1080 1317 9
1083 760 8
512 1939 10
1915 1390 10
910 338 4
1899 1809 3
290 1085 8
1769 372 9
1 421 9
42 1732 9
1079 1421 5
1761 37 9
1252 1485 8
141 98 8
172 1887 9
165 1451 7
1099 1857 2
1310 771 9
57 1223 10
552 864 8
1937 987 9
1878 1538 9
826 712 4
784 1313 9
1229 1472 7
1549 1599 5
712 316 3
266 451 10
1161 1382 9
400 1679 4
1014 1153 8
113 214 8
929 34 10
775 322 7
1533 1961 9
1535 268 10
820 1620 5
1730 1711 5
1732 1219 1
1865 632 3
1700 1866 7
1158 1226 8
1356 371 5
1400 1775 5
1021 1054 3
1609 1470 10
72 1754 4
1132 285 7
1939 1052 9
1711 530 8
1579 927 7
1974 1921 8
503 32 4
1694 685 5
1270 1109 10
1372 1276 9
1929 1793 8
1808 948 10
1130 1915 7
3 475 7
1830 1462 10
1957 1777 5
1230 1836 8
965 431 8
1412 1026 9
812 1279 9
1698 828 10
242 232 5
457 380 9
1514 104 10
1266 1464 7
484 192 4
1408 214 6
1143 953 4
1404 1846 7
1514 1461 2
245 295 9
757 56 5
907 1428 9
843 1888 10
43 1356 10
1465 1019 10
271 958 7
110 552 8
163 1267 10
1761 619 8
1039 1727 10
1534 778 10
712 1301 9
1423 584 9
1939 267 5
1323 549 9
1155 1263 10
1537 1603 7
814 666 10
1560 1252 2
319 1926 3
1775 546 3
1173 1213 8
1679 1665 10
1499 1625 10
787 139 9
692 1833 9
1098 1300 8
413 883 8
1023 145 10
95 78 10
296 427 6
1287 1392 8
726 1651 10
826 1268 8
716 1393 9
1315 1543 3
1288 206 7
274 1426 8
800 1783 9
1708 496 9
1917 704 4
256 1980 9
1455 1839 2
600 1843 3
1348 243 4
26 152 5
1959 1162 7
1174 1590 7
401 1326 10
1924 60 2
1107 362 6
1866 440 1
1306 956 7
778 1205 10
225 1538 10
659 589 7
1292 1697 7
292 1664 8
291 1428 10
834 1790 7
977 1665 9
15 1926 6
1430 681 8
656 231 5
1832 1403 7
203 49 2
1919 1467 2
1111 1570 4
569 707 10
831 1120 9
477 1579 4
342 1996 3
1622 1739 8
874 1815 3
1381 485 7
1195 140 8
1038 1455 9
1798 1073 9
841 1743 4
38 1166 6
1352 257 10
8 283 4
1550 126 5
1153 886 10
462 290 6
1959 498 9
1054 1398 5
385 204 8
1694 187 5
89 783 10
104 990 10
940 873 10
822 93 4
710 1772 6
537 1055 2
837 30 9
1014 1594 10
936 376 9
355 507 7
1100 1073 7
1302 11 10
384 1429 8
397 1997 6
674 626 5
93 1420 4
903 470 10
247 1337 5
748 723 9
333 1272 3
286 700 7
987 261 9
1685 665 4
803 494 4
1758 513 9
1841 398 5
694 1612 8
1373 442 9
235 152 7
576 1186 9
1454 1503 9
1359 1215 9
1005 1051 5
796 1848 7
175 1774 10
1968 358 2
476 1155 8
426 1395 6
1978 1493 6
114 988 9
332 221 8
373 1793 10
1801 1326 9
320 1845 5
423 551 4
1779 1597 8
1962 1902 10
1496 1399 7
482 123 10
644 166 8
496 683 6
1438 1611 8
1331 1738 8
571 1050 9
1207 895 3
1609 47 8
264 1121 5
577 954 7
1566 1245 7
496 1295 6
147 1971 6
61 18 6
1425 915 9
104 825 10
750 1480 7
152 156 4
500 879 4
1718 204 10
1469 445 5
406 1026 3
1505 1702 4
437 426 4
709 1998 8
950 262 10
451 1544 10
1875 1380 8
605 1285 8
1621 1371 7
150 1469 4
915 1255 4
1840 1161 5
1696 96 10
243 810 7
1638 1413 7
775 1193 5
1723 131 10
1171 829 9
1263 1983 10
432 859 4
1060 424 9
670 1287 5
677 265 6
1555 1354 9
1699 1091 7
824 1526 8
1353 1304 7
614 1041 8
768 121 10
1335 987 7
1471 1412 10
1446 534 8
420 1481 8
1388 1307 5
1652 422 7
1782 1968 2
960 857 9
1741 132 4
706 1427 8
1182 151 8
542 1711 10
643 462 6
1738 559 8
1731 228 10
908 707 3
1753 1812 4
1621 1877 5
1556 1600 8
1081 328 8
1911 966 8
1059 566 8
1141 1739 8
1819 1338 3
13 1805 10
16 1049 4
866 369 3
1712 354 6
115 1937 4
96 904 10
653 537 9
1266 723 6
1217 1833 8
993 555 1
833 1638 10
870 861 8
69 439 2
137 1794 5
1952 1638 5
974 1801 10
669 1197 7
564 1189 10
1674 1539 6
510 1408 4
360 387 7
313 990 5
1066 701 6
1425 1985 10
1804 1015 10
960 1543 2
444 1172 10
628 1647 10
747 1271 9
926 460 6
1317 269 8
1013 574 7
1467 1226 8
1514 917 4
1416 672 9
473 109 10
1687 1368 7
1107 1053 3
1492 316 10
1103 1910 7
420 217 5
854 1041 9
1794 1976 6
81 1585 4
655 628 7
463 1540 8
1172 1946 10
583 1905 6
1254 760 6
1663 1664 7
1335 1500 8
86 865 5
754 1104 10
1299 1858 4
1591 1189 9
1953 40 5
1970 1094 3
1231 266 7
1396 1993 9
269 557 5
1994 621 9
1638 777 4
55 156 8
1957 1287 10
1584 1110 10
1116 1887 6
1805 1850 9
647 1723 9
1713 1369 10
664 1370 5
1793 928 7
620 42 1
1669 799 8
458 307 8
1718 1276 6
270 107 5
1537 783 10
954 1441 2
1277 1708 7
993 1258 5
1658 1804 8
1444 418 3
520 712 10
810 992 5
979 1529 10
1530 712 5
1040 1664 7
333 751 8
75 789 3
1086 1685 9
1222 1321 5
1363 1569 10
487 1153 5
912 1346 6
560 725 6
65 901 4
1810 46 9
1491 1399 9
810 1432 7
504 280 8
1124 1283 10
170 345 5
1704 170 7
854 1507 3
596 1204 10
1736 642 9
1867 903 7
773 609 8
1504 381 10
1962 437 7
1204 394 7
930 835 6
85 1458 10
1443 1316 8
175 985 9
1949 596 7
204 801 7
527 441 9
669 336 10
416 1136 6
754 1677 10
40 1802 10
1585 1261 8
529 1142 8
1363 1262 10
152 846 7
544 366 9
561 875 10
1383 122 8
632 672 10
941 1474 7
1251 771 8
1226 454 8
1157 1033 10
179 1937 8
1579 618 4
736 1233 5
29 639 10
341 1623 9
1234 1861 7
1708 421 6
1979 1981 10
1164 228 9
11 1628 10
438 932 8
1350 593 5
1048 1836 5
950 1459 3
598 783 4
900 1636 8
1344 1247 3
360 1202 5
158 901 10
194 661 5
521 1125 6
1709 1084 7
1546 1407 6
1695 498 7
1482 1174 4
723 887 7
689 783 10
1177 690 6
1730 1739 6
1268 1335 6
382 1929 10
1442 282 10
956 1242 7
914 258 7
1082 804 4
1228 1331 9
1920 330 9
317 442 6
1032 1621 6
1202 1514 4
395 896 6
743 313 3
1753 1602 10
263 922 5
1056 628 8
419 734 9
628 1325 5
1568 1501 4
1821 240 8
1790 1892 1
638 1090 10
1439 814 7
850 150 9
813 287 10
978 910 7
681 133 9
1194 1233 3
211 108 3
1714 882 8
472 688 10
160 611 6
1046 1118 7
579 402 6
1225 1676 10
1042 1345 8
928 178 7
1512 1619 8
1766 841 7
166 432 8
819 1132 9
1645 1531 8
1708 818 7
54 536 8
1271 204 6
460 964 5
1523 1364 8
1146 1134 9
1869 1008 5
1342 1512 8
281 434 5
1990 930 5
1399 428 9
34 871 10
168 659 4
1332 377 10
254 990 7
362 944 6
1288 1656 10
1864 399 3
996 37 3
1099 316 9
1417 867 8
935 486 10
63 1361 10
352 961 6
1787 279 7
1784 1148 10
1365 900 6
253 1486 7
1930 874 6
12 1152 9
343 1833 7
1134 633 10
423 1726 9
1675 954 8
569 1011 4
1605 1688 10
861 1321 10
1891 1697 10
1444 1330 8
1932 204 6
945 1065 10
17 150 6
271 1183 6
505 220 8
1405 691 10
570 211 7
1201 815 10
1963 1265 9
962 1396 8
1126 373 5
169 1194 8
1163 1092 10
16 1820 3
1767 1324 4
1670 569 5
1462 628 4
495 476 5
1388 430 10
199 803 6
839 1409 8
1945 1213 10
956 987 9
1310 800 4
1909 1900 5
803 332 9
297 1645 10
754 93 7
895 720 10
1667 1430 9
1539 1480 9
469 1274 6
658 821 6
932 361 9
621 152 6
1617 229 9
826 950 1
464 1521 8
1429 1742 4
1376 822 8
1985 1559 8
1583 1191 3
1936 1990 4
390 621 9
255 462 9
1696 1869 6
318 363 10
905 52 5
108 24 5
1515 1484 9
738 465 5
1536 840 10
739 1293 8
1505 1208 10
1705 646 9
855 868 7
516 1289 7
46 893 9
1421 1844 5
48 580 6
1430 1821 10
1850 1268 5
1846 550 10
769 817 6
295 1714 2
58 280 10
1552 769 6
427 1997 8
675 845 7
1318 1327 7
1497 861 8
1090 436 6
184 667 10
1528 1038 8
873 677 6
1154 569 4
1432 831 9
1994 767 8
1548 506 5
1990 1101 10
1546 1831 10
1031 1343 10
1212 1579 9
138 656 7
968 115 9
21 522 8
1121 1450 9
473 952 7
1975 1916 10
1547 1503 6
1564 1967 10
1121 266 9
184 1073 7
1430 1402 10
910 27 10
51 1886 6
1728 86 8
1275 1956 8
677 238 9
1185 1104 6
1016 709 7
1453 1305 10
1311 1461 9
1124 719 8
36 1083 9
1084 1031 10
931 448 10
390 641 2
1453 993 7
1196 1426 10
1324 1705 9
1092 1539 8
1853 120 6
961 210 6
966 1265 8
553 582 7
1082 17 10
1736 282 10
1604 1109 10
743 458 8
1376 195 9
943 232 10
1671 1031 9
714 735 7
723 69 4
174 177 10
1689 596 10
462 156 8
1958 748 5
537 1595 6
487 795 5
613 949 6
1240 391 7
1284 987 4
885 682 10
127 1131 8
664 1894 5
1125 1040 5
548 163 10
1357 1438 6
1634 60 10
434 353 9
678 75 9
1572 691 5
1869 729 2
1466 295 10
1099 1907 5
382 1809 7
674 194 4
497 1440 9
882 10 6
1445 1075 8
1434 26 8
1773 1085 7
1735 700 7
201 1708 8
1838 1724 4
1475 1989 3
412 1580 3
1797 1500 10
832 1874 9
651 1144 1
1718 1725 8
877 1939 6
1984 1811 9
190 500 9
686 100 10
408 883 9
1948 602 10
583 1606 1
1940 1510 10
1134 1984 4
1778 161 9
1360 1078 6
1393 150 3
538 516 4
1479 1008 4
1170 1908 5
557 993 8
1455 773 9
30 1524 8
1996 1109 10
1954 1361 7
1071 269 8
1405 679 7
281 469 5
1421 183 6
471 728 9
1666 1479 10
1497 136 6
700 1897 10
628 1111 9
1179 1638 7
104 1565 7
164 1859 6
407 174 5
753 1804 8
28 950 9
976 1377 9
217 83 9
130 157 9
1960 831 10
1506 1694 9
1095 1953 10
256 1212 9
1770 43 6
646 1054 10
165 996 7
1187 685 7
761 1995 8
1010 191 8
1342 1901 5
1259 1200 8
1766 1212 4
164 420 2
969 532 3
1465 861 7
1375 1497 5
1972 693 6
920 590 8
1687 1455 10
696 704 2
722 1429 10
290 855 6
1906 143 8
902 1254 3
743 544 8
791 161 9
1998 293 9
1233 264 7
738 892 5
1007 1888 4
1921 724 9
1224 1485 4
899 1653 4
4 1415 8
1029 773 9
361 145 4
909 1127 10
1744 1328 4
468 1005 10
600 1545 8
1238 1866 8
76 1105 7
811 1956 4
476 1065 7
93 491 3
858 669 10
1242 783 2
202 127 4
22 1713 7
68 421 9
1646 1281 9
1842 287 9
185 1257 5
315 1256 8
471 1621 6
1696 1318 8
1575 643 5
434 1521 7
1516 243 6
1750 1043 8
1937 1139 4
1056 829 7
1553 1345 7
70 346 4
19 851 9
1527 87 9
170 928 5
539 932 4
1638 602 9
1490 785 10
1211 1402 4
1320 1968 9
191 1940 10
881 874 5
98 1763 8
1676 576 8
1486 692 10
983 1346 10
427 497 3
1316 1566 9
1576 63 9
915 740 7
1973 528 9
1782 1863 9
132 834 5
1314 1736 7
1687 25 9
176 657 9
1834 1336 9
535 353 8
74 1800 10
479 568 6
1097 806 7
359 1952 9
1827 925 7
560 403 8
1785 741 1
231 1708 8
148 1650 5
1113 1456 5
1063 318 9
1243 632 8
993 1833 10
697 1100 8
1696 115 6
269 881 8
1895 1509 7
1651 994 7
938 330 9
1252 845 2
438 29 3
166 1136 6
1282 1153 5
1798 44 8
1791 1490 10
556 1435 5
954 1957 9
1304 1957 9
427 1112 9
1481 1834 10
1536 1250 5
1527 1853 9
1455 1621 7
1367 1654 9
429 938 10
435 1484 8
304 1829 9
803 1687 9
1884 911 9
1796 246 6
333 1605 9
1801 275 9
1864 994 8
485 888 9
1320 4 8
1298 121 8
311 982 8
1162 268 10
1024 1071 4
1403 1054 2
710 714 6
1592 923 7
1606 1322 4
1355 603 7
796 31 9
835 1928 8
386 1956 9
1834 1822 4
374 755 9
376 1992 10
372 617 6
1244 1199 8
645 1791 5
1036 1620 7
1521 12 6
1946 1162 8
1345 770 10
1096 1268 6
1741 1648 3
135 892 6
1583 118 10
394 5 10
1123 1172 7
710 993 10
428 386 10
549 1071 10
1927 438 10
407 1138 7
1801 91 2
1348 637 6
1511 347 2
591 1554 10
1786 619 10
94 1596 9
1183 1828 6
1800 666 7
947 1261 10
1163 383 3
808 1122 9
1060 1406 10
762 1264 7
824 739 5
813 96 7
1212 126 10
67 47 1
1306 1232 6
1150 1141 10
717 1939 9
1769 114 6
372 1365 6
1113 1829 10
675 1941 9
1553 49 4
82 143 8
1934 709 8
873 188 6
934 421 8
1003 1484 6
775 605 10
326 335 9
354 968 8
1440 321 3
555 1841 7
939 206 8
628 710 6
978 802 3
1073 1999 8
417 514 8
1205 204 6
1266 326 5
684 1072 7
777 634 7
1933 273 9
171 1198 7
405 657 10
1431 1031 9
1855 257 8
1594 1722 9
1653 1150 6
92 989 5
1719 1255 5
1730 1059 10
1145 1550 6
223 462 6
732 88 6
130 1058 4
1149 1183 9
970 1974 6
1199 431 5
1630 1929 4
102 67 9
997 2000 5
1241 907 5
1689 1851 6
1109 331 4
442 942 7
876 1100 10
1458 1435 6
700 665 8
402 781 5
802 1817 9
79 1233 7
1214 1891 8
1586 410 4
302 1310 4
1166 1824 5
1070 1606 10
1520 619 10
1765 1763 9
1338 975 6
993 966 8
1806 144 9
870 1144 7
659 340 10
115 591 9
1606 723 8
1703 380 10
1882 1827 8
613 9 9
517 1730 7
554 1878 4
64 544 10
1872 415 6
1040 485 5
827 31 7
1045 1761 7
907 1565 9
1581 980 10
935 107 7
329 1248 6
442 1864 7
1561 1897 6
459 85 6
1926 389 10
417 942 4
1992 1105 6
1065 848 4
671 1184 9
1690 1662 7
1269 1717 9
1333 1212 5
1728 1129 9
1049 1987 6
215 717 8
567 684 8
1881 694 9
1556 1071 2
296 117 5
685 181 10
1909 1867 7
737 853 8
1588 407 4
552 1153 9
1682 750 10
731 664 7
993 1212 10
865 1896 10
1137 1745 9
1105 741 10
1894 377 8
1454 333 7
1422 1244 7
1940 1908 5
506 1435 9
1944 1396 3
1060 1118 4
423 1008 9
543 1509 10
907 489 7
21 1583 10
878 1252 10
1720 452 7
323 2001 7
1602 1505 10
1312 874 10
1763 1850 10
870 1114 10
1651 662 8
1254 1084 4
1620 1968 10
1590 993 5
508 1617 10
1340 99 9
1246 835 10
666 916 8
507 173 5
803 1183 5
617 536 9
1481 1618 10
906 75 6
1673 202 9
1294 1705 2
1799 1248 8
786 108 2
1478 1346 7
515 70 10
847 192 9
972 1136 4
1323 516 7
931 579 9
34 1141 10
1324 684 6
1662 1776 7
730 1805 5
375 1313 5
694 1762 5
684 1487 10
160 1683 9
676 774 4
865 1280 10
77 479 4
1276 573 6
175 516 6
1846 1919 5
600 1312 8
1609 1739 8
1401 1125 5
1848 993 6
435 744 9
1161 966 10
1632 183 8
1187 565 10
763 1468 10
1457 168 8
1221 1412 10
465 1791 8
1789 1841 6
1752 136 4
1578 1244 10
1602 227 3
355 937 9
881 1386 6
711 971 10
70 1669 7
571 500 3
681 108 7
1635 736 5
752 382 8
1393 1950 8
1795 1825 8
1163 674 5
1665 1229 8
1477 1396 5
813 749 4
254 1176 4
1106 1541 2
243 1273 4
449 1276 6
951 1421 8
365 846 8
1888 51 9
758 1469 4
348 1096 5
591 437 4
1617 1561 8
1525 294 5
218 1445 10
1942 2 9
1558 1039 4
496 187 9
1141 1203 10
1151 663 6
1001 1957 3
575 376 7
683 222 9
1714 155 10
208 1633 5
1972 1755 6
1947 1059 7
1020 289 9
855 1218 2
246 873 10
1748 414 9
629 548 9
1819 1449 7
825 1090 10
733 140 9
1696 1324 10
1841 1595 10
872 1747 8
205 1335 5
961 476 10
1338 339 10
423 1385 9
1891 1681 7
1920 672 10
1967 1798 10
480 797 4
1180 984 8
1282 622 3
990 1268 9
423 1409 7
1065 788 6
984 872 8
1658 482 6
674 913 10
198 616 6
364 1395 4
610 900 7
1493 1786 4
427 677 9
1438 3 5
1219 1269 10
628 1943 3
1448 1634 9
826 128 8
481 1997 10
806 718 8
1034 999 7
90 1962 4
1565 1474 9
1547 558 5
232 1904 9
42 1912 9
1351 922 2
485 723 4
1308 1728 3
13 1868 8
1325 312 5
106 952 7
987 1521 7
349 1930 5
281 1384 10
795 1473 7
1145 1890 3
795 22 9
528 1424 6
1004 721 9
1330 1761 10
1691 1938 10
898 261 8
1826 478 6
1073 790 6
1808 924 9
695 101 3
219 619 8
1135 255 3
70 180 8
999 251 8
1201 1259 9
1715 479 8
1174 1646 3
99 822 10
657 533 7
454 1190 6
1515 809 5
290 1574 5
375 57 7
1236 1252 7
214 393 9
1771 1929 10
1268 762 7
918 1514 7
1937 1800 7
811 782 7
529 1583 9
887 1687 10
1242 1957 10
1970 825 6
1836 1937 10
1097 1662 4
1339 479 10
431 97 10
1392 1178 6
124 1305 10
701 385 6
53 17 8
1546 923 10
455 1544 6
1509 113 7
1361 1074 10
1300 1105 6
1266 1644 10
1982 1486 9
212 712 6
440 963 9
218 528 3
541 1318 10
719 505 8
837 599 9
1862 2 7
1876 1947 9
453 1188 9
367 1792 5
937 998 7
591 1851 10
586 1233 10
1381 1452 7
1071 976 9
248 1205 7
986 1150 8
1070 2 7
109 660 6
816 764 10
207 981 5
708 713 7
1319 769 5
686 1833 6
622 636 10
180 1463 7
1563 1355 10
479 562 2
592 725 10
1730 874 9
457 330 8
1780 1884 9
1641 1820 6
1631 1651 9
1135 615 8
434 1611 7
1850 894 10
68 969 9
659 1337 8
624 1084 9
1363 226 6
1417 271 6
1533 1628 7
1550 715 9
1550 224 7
1637 1095 9
1071 139 7
997 91 10
491 1879 3
737 318 1
1792 677 8
1739 1354 9
1175 1395 3
1934 1276 7
1669 740 6
1022 1708 9
1610 1826 10
140 1355 9
1349 229 8
849 81 4
1276 1469 10
1067 1351 10
611 142 4
1366 568 5
1040 258 8
807 35 4
1739 1979 10
633 1849 4
1659 796 3
111 1976 7
604 832 8
485 500 3
1297 1537 7
1826 1751 10
891 1934 9
1877 534 9
1124 1498 10
1394 1183 10
103 726 8
35 1660 9
361 350 9
1252 968 6
323 181 7
960 1932 8
157 948 10
545 91 7
1128 23 10
356 222 7
1414 1595 8
402 1921 8
681 490 10
1050 635 3
243 1338 5
1744 1764 8
1965 1852 9
619 1109 7
990 236 9
1217 233 4
1426 549 8
1000 1994 9
1399 60 8
340 842 4
462 935 9
1042 858 9
1732 1766 9
234 1157 9
1181 1689 5
306 1252 4
682 1521 8
404 1837 8
1226 485 3
1517 588 4
845 228 9
995 529 10
1455 946 4
41 1122 6
519 1401 8
1427 1965 9
188 779 6
1041 452 8
1607 763 2
1650 260 7
920 305 9
1668 563 3
1133 393 9
702 740 8
1326 1298 5
1018 147 9
1437 1620 9
1935 1841 7
627 1720 9
1248 1589 7
39 600 9
684 78 10
1415 852 10
686 1965 8
129 838 5
1803 186 10
970 966 8
1111 1898 4
1916 1239 6
1148 501 8
1109 980 10
27 1351 9
1777 433 7
1360 1715 10
1341 774 6
1500 1638 10
1119 640 4
1708 1848 4
1886 1567 10
1488 1115 9
48 4 8
1155 507 7
1296 1257 9
1587 1120 5
805 1836 3
1582 932 10
612 836 6
727 510 7
1720 1106 6
283 1140 9
1351 143 5
668 1542 4
272 415 3
1617 374 7
154 1889 6
1214 597 5
434 404 4
1096 1162 9
1696 7 8
491 524 10
