2001 2000
485 730 2
1683 1570 2
1552 769 2
1237 1817 1
1239 1822 2
625 646 2
33 703 2
764 382 2
583 686 2
1960 1424 2
1965 1312 2
94 650 1
625 891 2
373 1072 2
1353 1220 2
1523 1809 2
1723 286 1
454 1598 2
427 6 2
859 1007 2
219 1854 2
475 1666 2
748 833 2
174 1021 1
152 97 2
973 1250 2
1634 1895 2
1593 1793 1
1127 1358 2
1405 1169 2
742 1794 2
203 115 1
1711 886 1
89 1244 2
1101 920 2
100 1232 2
1197 1864 2
329 2000 2
1842 234 2
519 1025 1
467 606 2
315 626 2
1141 1991 2
1187 1878 1
843 1475 2
1551 397 1
1244 653 2
1588 247 2
369 1205 2
1936 938 2
1375 933 1
654 1550 1
820 1738 2
1650 771 2
98 1127 2
601 421 2
1973 1511 1
61 635 2
697 596 2
86 1090 1
1854 800 1
790 746 2
868 926 2
1451 127 2
1154 1201 2
1556 46 2
686 1299 2
357 132 2
157 1849 2
142 1722 2
860 1275 2
1318 813 2
1173 1044 1
868 465 2
106 751 2
57 1505 2
1257 111 2
405 942 2
1504 1147 1
1803 1923 1
214 1009 1
81 962 2
1390 1345 1
361 928 2
921 699 2
1595 1587 1
1414 1125 2
314 501 2
897 1197 1
3 1579 1
18 855 2
1756 660 1
57 1744 2
1276 1518 1
181 1670 2
493 688 1
198 745 2
1990 1316 2
932 1623 2
380 577 2
1986 1694 2
106 1131 2
1304 116 2
929 336 2
674 1302 2
784 730 2
383 1380 2
33 1522 2
924 1212 2
222 1318 2
33 411 2
209 1143 2
616 278 2
296 1194 2
1183 352 1
751 1234 2
457 232 2
1481 701 2
859 95 2
1989 1278 2
1702 36 2
1856 686 2
890 639 1
1410 1697 2
867 1487 1
855 988 1
853 1578 2
1427 178 2
1769 1937 2
1856 1503 1
525 1127 1
1950 497 2
1466 219 2
355 484 1
943 501 2
1773 947 2
1655 1817 2
176 854 2
1943 293 2
593 401 2
883 14 1
1769 318 1
1224 1120 2
1499 458 1
473 262 2
123 69 2
1498 1850 2
116 1629 1
467 1428 1
299 1328 2
1506 1950 2
1598 1644 2
601 1664 2
1897 1124 2
1346 176 1
836 292 2
1922 1916 1
623 1553 2
1870 471 1
980 414 2
75 1718 2
1824 176 2
1967 1780 1
639 1183 1
180 1150 1
1253 241 2
560 1684 2
1763 34 2
100 1197 2
1574 1890 2
812 586 2
1857 1565 2
1735 1141 2
1783 1961 1
1543 5 1
1813 1183 2
427 600 2
318 407 1
1852 762 2
1699 1827 2
165 1618 2
649 809 2
808 257 2
453 1529 2
194 242 2
320 1266 1
1077 766 2
1690 1860 2
722 675 2
878 1565 2
1517 1705 2
1901 1140 2
427 424 2
1235 332 2
1002 1623 1
1354 1492 1
1862 1075 1
997 312 2
661 159 2
21 486 2
1413 176 2
985 1024 1
1361 112 2
1260 1137 2
1988 1071 2
1652 1475 2
149 1474 2
713 604 2
1016 363 1
10 1336 2
1089 434 2
161 604 2
1799 1724 2
193 392 2
1861 489 2
1192 508 2
249 901 2
1639 1407 2
163 1932 2
310 1212 2
1095 1112 2
394 1658 2
742 777 2
133 342 2
1142 1520 2
10 915 2
1145 764 1
1666 173 1
1342 573 1
1699 1271 1
901 881 2
763 1798 2
7 1199 2
1507 642 1
933 594 1
675 1548 1
120 1764 1
180 1366 1
1959 924 2
230 396 1
602 982 1
1558 1523 2
104 452 2
930 1366 2
1162 1110 1
741 981 2
1668 1101 1
1350 1607 2
724 1891 2
1765 1682 2
1843 971 1
1212 836 1
654 1964 2
14 1269 2
1116 1617 2
1553 1391 1
147 319 2
1987 204 2
488 897 1
465 1106 2
1893 1935 2
1584 445 2
796 884 2
735 712 2
207 1227 2
631 673 2
1865 1088 2
94 180 2
459 710 2
32 1094 1
989 900 2
198 638 2
1408 1200 1
1490 1677 2
1940 1138 2
447 313 2
1578 219 1
726 717 2
823 1223 2
167 734 2
798 681 1
300 161 2
137 1661 1
91 27 2
952 866 2
374 1092 2
151 1670 2
227 921 2
1086 1451 2
842 1003 2
1486 1093 2
979 1933 2
174 974 1
923 726 2
1615 239 2
1269 388 2
7 616 1
1024 1380 2
562 1901 2
170 1139 2
703 1748 2
196 793 2
713 172 2
167 592 1
1902 217 1
571 259 2
447 12 2
551 750 2
1655 597 2
1397 1385 1
376 1960 2
1205 1834 2
659 1881 2
99 263 1
254 1692 1
1512 1477 2
1743 183 2
758 1520 2
1124 1829 2
1511 141 2
243 1051 2
1894 617 2
248 1598 2
1316 100 2
175 1312 2
1910 1347 2
481 1355 2
1524 967 1
602 1330 1
7 316 2
505 632 1
1639 741 1
1367 92 2
791 670 2
1139 261 2
1098 1963 2
137 879 1
225 1247 2
472 1069 2
1911 843 2
1 1026 2
1908 1046 2
820 699 2
30 1901 2
190 1007 2
1694 395 2
1041 684 2
714 648 2
747 1184 2
1160 1528 2
1705 1220 1
645 1122 2
744 329 2
407 1422 1
1625 1461 2
1699 659 2
1957 1592 2
195 291 2
283 785 2
1236 929 2
987 1064 2
1211 206 2
1572 1644 2
1830 442 2
912 549 2
1158 253 2
296 356 2
1268 1312 2
1254 975 2
1786 906 2
1438 1927 1
280 835 2
130 359 2
1679 345 2
1960 916 1
829 1983 1
176 986 2
1587 1142 1
1885 735 2
165 633 2
366 1198 2
1037 179 2
1158 1024 2
787 1150 1
1980 719 2
976 1107 2
1188 1252 2
1500 1068 2
959 497 2
1916 690 1
1419 1095 2
1743 96 2
1951 1238 2
1267 1212 2
717 275 2
434 1074 1
173 426 2
311 898 2
868 1483 1
774 58 2
78 1032 1
1486 641 2
281 921 1
1651 1364 2
64 1556 1
1699 1841 2
362 1179 2
1455 769 2
201 505 2
255 1043 2
820 199 1
1624 1620 2
1095 519 1
1245 219 1
1205 645 2
168 440 2
716 1600 1
1207 1864 2
1934 1973 2
214 1540 2
677 1716 2
739 694 1
228 711 2
914 107 2
657 237 2
482 971 2
1413 215 2
1917 1314 1
1633 676 2
644 725 2
1643 1882 2
1618 779 1
207 911 2
1381 128 2
1201 809 2
613 1503 2
212 62 2
1679 1892 2
425 778 1
1168 1829 2
514 137 2
93 971 2
611 796 2
1467 1166 2
495 1755 2
658 1772 1
776 812 2
139 381 2
1962 65 2
571 1898 2
178 817 2
1595 1340 2
1820 1191 2
1903 1861 2
467 1662 1
292 1030 1
1960 34 2
394 1740 2
831 1588 2
1916 1435 2
1235 1724 2
39 1337 2
1179 176 2
1774 457 2
545 1876 2
1286 451 2
1052 1180 2
1146 1386 1
1939 462 1
1436 1913 2
654 1838 1
736 1084 2
1947 596 2
1641 1718 1
245 1454 2
1404 1654 2
788 1750 2
1454 1153 2
534 231 2
1526 1484 2
23 377 2
1070 966 1
1475 994 2
1208 488 1
1068 1413 2
229 1918 2
437 597 2
248 1919 2
1422 1810 2
1548 1162 2
1962 1150 2
1332 1557 1
29 335 2
1515 698 2
1043 1471 1
1219 1400 2
178 1123 2
1231 1490 2
460 1651 2
1150 1142 2
522 1339 2
1389 1456 2
545 12 1
593 1396 2
1300 1259 1
371 257 1
416 1717 1
1155 107 2
1211 351 2
137 1160 2
927 856 2
1651 1458 1
758 63 2
343 1972 2
1706 1671 2
1495 843 2
1988 1775 1
245 176 2
778 387 2
1275 584 2
522 1182 2
1836 745 2
223 912 2
1780 1987 2
1487 836 2
458 518 2
451 1762 2
1472 713 1
1569 14 2
1434 357 2
971 577 1
1497 1546 2
1520 147 1
1694 1001 2
981 268 2
538 1277 2
1938 1158 1
474 1286 2
93 1513 2
1659 4 2
1927 1157 2
1734 526 2
438 401 1
630 90 2
1629 1142 2
615 7 2
1465 1421 2
819 574 2
1848 1862 1
1628 81 2
270 865 2
853 579 2
265 842 2
448 1645 2
1854 1475 2
328 874 2
1931 201 2
1715 217 1
1870 1876 2
1355 222 2
720 1580 2
636 1229 1
1430 1413 2
1791 1377 2
536 1809 2
334 1242 2
656 1871 1
489 1225 2
1733 1148 1
931 761 2
1474 799 2
1894 1264 2
1304 191 2
1589 1270 2
1262 9 2
1958 1145 1
1429 1998 2
127 838 2
742 1465 2
245 492 1
193 1979 2
991 1627 2
20 1766 2
258 1843 1
1217 788 2
1056 1073 1
1737 1039 2
1568 820 2
1380 1076 2
203 1624 2
1024 833 2
344 1127 1
1166 1672 1
242 279 2
384 1864 2
1576 1209 1
1696 76 2
9 1423 2
709 1950 2
587 1202 1
1086 1835 2
775 1780 2
1909 609 2
89 157 2
180 967 2
290 1065 2
81 561 2
616 874 2
19 1037 1
833 832 1
658 1287 1
1639 1701 2
1699 1048 2
386 735 2
875 1329 2
409 1801 1
56 807 2
1303 28 2
993 149 2
1817 74 2
189 879 2
616 1992 1
1987 1626 2
1315 1908 2
1145 1650 2
1920 1409 2
1450 1085 2
9 1413 1
532 1369 2
1636 1576 2
687 679 2
294 1607 2
754 659 2
1112 1820 1
958 806 2
355 663 2
768 1910 2
1322 1561 1
1780 469 1
1258 1814 2
1120 1580 2
1493 1556 1
19 544 2
851 519 1
1014 1410 2
904 1058 2
547 1896 2
1782 1077 1
666 963 1
1308 379 2
1222 831 2
1376 1099 2
1460 1390 2
1160 979 2
197 145 2
1553 1623 2
1109 1827 2
1410 677 2
104 830 2
74 972 1
1493 104 1
1662 875 2
1389 1017 2
1409 1993 2
1206 908 2
1101 1197 2
446 1516 2
783 1816 2
1258 1145 2
1777 1830 1
734 1745 2
1349 1228 2
73 1987 2
44 1744 2
1327 608 2
1352 1392 2
1392 1076 2
1944 1812 2
661 1319 2
555 979 2
1624 1570 1
769 1726 2
1100 16 2
1175 761 2
1114 710 2
563 1897 2
1812 732 2
1110 1482 2
1380 1421 2
256 432 2
682 680 1
1198 1638 1
696 483 2
1605 854 1
60 1130 2
1163 100 2
854 819 2
1676 1837 2
1007 761 2
41 1600 2
476 1004 1
1516 1492 2
447 1656 1
889 1962 2
1367 1613 2
739 284 2
1258 1132 1
856 991 2
4 647 2
1380 1196 2
927 942 2
533 1987 2
1952 1930 2
734 1040 2
1105 188 2
1425 1160 2
429 103 2
66 1398 2
1400 433 2
1748 1754 1
269 489 1
219 1684 2
1410 455 2
1921 1952 2
1007 208 2
1622 643 2
1461 1374 2
1755 159 1
403 482 2
918 1201 2
307 251 2
594 1531 1
1982 16 2
1963 629 2
1200 1833 1
415 910 1
695 1293 2
1819 1469 2
507 1240 2
1730 33 2
684 1117 2
1808 801 1
616 1343 2
111 1454 2
1416 506 2
809 1254 2
100 1773 2
741 553 2
255 1133 2
906 1960 2
1845 1884 2
704 488 2
877 175 2
589 7 2
1951 185 2
1380 24 1
1671 1570 2
1320 1967 2
171 1953 1
863 1190 2
524 735 2
834 1960 2
24 1677 2
1706 1185 2
185 1149 2
805 1068 2
1836 176 2
1562 780 1
69 717 1
338 1087 1
1694 1475 2
1565 6 2
323 984 2
333 207 2
809 128 1
1186 1410 2
186 1566 2
864 1423 2
1939 915 2
528 1235 2
579 1247 2
917 1 2
1558 914 2
93 230 2
1059 207 1
1583 705 1
1316 564 1
412 683 2
14 498 2
689 1126 2
883 910 1
806 735 2
1590 635 2
1948 1975 2
1556 426 2
345 1554 2
1396 1804 2
172 1018 1
948 1474 2
1055 1120 2
1369 1051 1
618 1769 2
939 1030 1
1739 1141 1
1622 820 2
1229 500 2
888 195 1
431 1371 1
80 1073 2
1656 1584 2
137 1432 2
706 1108 2
1030 757 1
1079 440 1
1023 118 1
1389 767 1
252 265 2
570 654 2
1468 559 2
707 1468 2
1019 1094 1
186 1673 2
502 128 2
1114 855 2
24 523 2
1101 416 2
540 1851 2
79 812 2
820 23 2
905 413 2
1999 1364 2
568 696 2
1456 1639 2
1717 593 2
1201 1066 2
224 1618 2
1961 536 2
1150 217 1
1371 894 2
557 395 2
590 17 1
1602 974 2
616 1376 2
1964 503 2
1317 655 2
1356 561 2
1807 441 2
1062 322 2
1736 1691 2
1573 1610 2
1661 818 2
244 1167 1
55 1326 2
26 713 1
616 770 2
1985 523 2
1438 1553 2
848 794 2
1229 892 2
1516 1406 1
1982 837 2
28 774 2
1643 741 2
77 64 2
76 1614 2
1220 1357 1
810 226 1
771 153 1
762 1073 1
1486 694 1
103 435 2
1044 642 1
578 1286 1
38 1610 1
120 40 1
627 1244 2
1508 635 2
1480 1449 2
1749 1633 2
1520 598 2
104 628 2
206 1487 2
295 729 2
28 1896 2
1223 735 2
92 591 2
833 1418 2
1051 1789 2
150 1205 2
1639 326 1
840 979 2
1836 836 1
1582 1986 2
740 505 2
482 764 2
563 1305 2
287 1954 2
581 816 2
1061 1574 1
1501 1449 2
703 517 2
1148 522 2
449 1682 2
72 1245 1
1550 1813 2
1475 419 1
13 1074 1
1323 566 2
1324 1813 1
1254 1253 2
969 450 2
1778 819 2
1899 1232 2
41 995 1
980 1935 2
146 887 2
1651 1588 2
64 364 2
1107 1353 1
1889 790 2
792 1669 2
990 715 2
1404 293 1
844 1312 1
1237 1928 1
1570 667 2
559 1172 2
1621 900 2
1440 439 2
1594 54 1
1606 1542 2
631 1362 2
516 1010 2
589 1914 2
696 1604 2
521 979 1
21 1204 1
1905 1454 2
1674 1331 2
795 838 2
407 814 1
605 441 2
341 273 2
1550 1898 1
1460 248 2
155 465 2
952 846 2
336 1806 1
1167 1443 2
1240 776 2
1503 735 2
875 675 1
378 199 2
880 1113 2
850 979 1
1038 443 2
1279 1844 2
1603 415 2
680 1480 2
1194 1263 2
545 788 1
1452 1462 1
1611 1879 2
1657 228 2
522 1373 2
1289 243 2
1118 836 1
1862 166 2
743 1874 2
735 1995 2
559 1081 2
7 1836 2
627 1689 2
1916 76 2
1455 282 2
16 5 2
924 1241 2
1714 1855 2
666 1717 1
1588 214 2
1034 1420 2
1000 411 2
404 282 2
1698 656 1
1366 1034 1
92 1530 1
725 669 2
1836 344 1
956 425 2
789 681 1
1283 1267 1
136 628 2
1609 484 2
484 1063 1
779 1695 2
943 1150 1
83 318 1
1262 998 1
847 1008 2
655 469 2
612 1414 2
176 752 1
408 674 2
974 1523 1
947 1105 2
122 306 2
868 652 2
1690 447 2
409 1889 2
774 1771 2
68 1596 2
426 1874 2
1591 290 2
68 660 1
715 45 2
895 727 1
192 828 1
1459 1556 1
219 1607 1
1207 472 2
1477 473 2
1639 113 2
251 1727 2
129 907 2
1988 1558 2
530 661 2
1344 729 1
1214 419 1
185 1550 1
725 1440 2
1078 1710 2
303 1303 2
839 1365 2
1276 1394 2
506 408 2
717 1845 1
1310 1348 2
1864 1567 2
1966 1577 2
19 1355 1
1799 505 2
1938 468 2
1150 1063 2
1104 1804 2
694 432 2
141 1766 2
1629 552 2
540 1962 2
1428 581 2
1640 455 2
277 1487 2
323 1179 2
353 1870 2
35 1327 1
1851 1597 2
230 738 2
840 1119 1
1178 279 2
1028 869 1
845 73 2
965 832 2
1942 1685 2
370 1269 2
1067 1886 1
1285 1847 2
1799 1987 1
83 940 2
1063 1250 2
21 1243 2
1660 317 2
129 1203 2
1980 1670 2
1940 292 2
433 1828 2
1545 480 2
1325 1527 2
251 24 2
469 1635 1
1398 1151 1
1510 99 1
952 1809 2
1721 854 2
1351 309 2
1284 336 2
129 409 2
1977 1581 1
657 1516 2
1193 1222 2
827 447 2
456 721 2
862 1627 2
1924 764 2
585 811 2
1403 1513 2
1915 487 2
1987 537 1
1796 1932 1
1821 1406 2
144 1980 2
176 1197 2
810 832 1
273 859 2
745 1080 2
1382 1259 2
734 1536 1
1888 449 1
134 1484 1
618 960 2
1752 892 2
400 278 2
25 927 2
824 132 1
489 799 1
142 992 2
968 1309 2
1923 910 2
1705 1823 1
162 735 2
442 1037 2
1399 1452 2
674 1415 1
1174 1400 2
274 451 2
260 1130 1
1177 1078 1
1474 1050 2
350 427 2
1994 1682 1
614 156 2
1288 1173 2
1160 1081 2
1019 488 2
903 1024 2
1307 1011 2
719 1474 2
1089 1591 2
85 28 1
1846 602 2
6 772 2
1496 1845 2
279 1272 2
848 769 2
1836 167 2
1246 1347 2
1759 77 1
1402 885 2
610 297 1
1708 891 2
710 872 2
473 1587 2
668 1681 2
1859 274 2
1904 343 2
1405 1976 2
1143 1623 2
123 1393 2
1592 547 1
783 1699 2
1205 178 2
222 1070 2
1342 788 1
1901 1922 2
1233 1622 2
1668 82 2
457 619 1
385 1376 1
215 417 2
620 498 1
1720 342 1
267 229 2
296 1101 2
593 826 2
1742 848 1
593 1831 2
203 51 1
1883 294 2
1599 864 2
241 1535 1
1099 229 2
529 23 1
77 1152 2
1015 616 2
1868 1787 1
374 858 2
1498 1126 1
1969 156 1
836 219 2
1158 389 2
494 374 2
1485 1625 2
1302 59 2
1951 1672 1
1725 1673 1
1072 1278 2
1167 1834 2
1771 841 2
280 741 2
1725 478 2
1465 1161 2
830 634 2
640 1752 2
895 1817 1
216 560 2
1455 1037 2
416 870 2
1866 897 2
1148 1772 2
926 1473 2
1788 1182 1
965 1414 1
1815 1701 2
1757 382 1
1871 1405 2
1182 1502 1
202 1940 2
1083 713 2
393 1555 1
367 193 2
1503 804 2
1095 1057 2
1150 176 2
107 950 2
167 182 2
755 143 2
946 913 2
1272 1842 1
809 496 2
623 1453 1
276 1799 2
1388 70 1
1034 1120 2
1044 1031 2
1503 1855 2
961 1747 2
1028 343 2
705 759 2
701 19 2
1303 1723 2
49 778 2
775 1006 2
1353 1035 1
1886 1855 1
675 902 2
1277 527 2
361 1997 1
1369 1462 1
1097 946 2
1034 1303 2
107 893 2
186 1809 2
661 1095 2
1540 565 2
1731 1890 2
138 924 2
168 1290 2
1362 1725 1
84 824 2
1100 989 2
207 462 1
1278 869 2
1649 1098 1
359 1034 1
1787 1371 1
1787 1749 2
693 1810 2
646 1623 2
558 410 1
461 1221 2
213 989 2
1817 735 2
1464 1825 2
809 1546 2
863 903 2
174 1900 2
1024 651 2
108 1442 2
829 1578 2
400 312 1
1560 1903 1
177 630 2
1027 199 2
1925 1464 2
1690 432 1
1980 1494 2
337 1826 2
936 500 2
487 1940 2
1212 1130 2
1121 1541 2
1363 1455 2
1132 464 2
1409 910 2
838 1890 2
1160 1438 2
15 1063 1
840 456 2
379 809 2
412 947 2
480 470 2
796 167 2
876 636 2
1732 1128 2
955 926 2
110 1454 1
86 504 1
1158 1348 2
1295 1941 2
42 443 2
1526 1826 2
958 1084 2
1738 1530 1
735 387 2
1853 1847 1
1648 1599 2
1544 983 2
1963 395 1
406 1625 1
1566 190 2
594 1986 1
887 1365 1
1782 1100 2
1366 1618 1
873 1711 2
1210 1587 2
231 1130 2
1103 1682 2
1488 535 1
1491 635 2
410 919 1
3 394 1
1887 1844 2
1351 1102 2
1728 897 2
1811 1435 2
236 1780 2
302 712 2
1872 868 2
453 1436 2
1548 782 1
1340 1873 2
1923 792 1
897 1135 2
324 1622 2
1532 1906 2
1167 1216 2
1250 1360 2
703 1201 2
1476 818 2
1761 925 2
770 1282 2
1646 621 1
100 801 2
1216 1115 1
1180 1095 2
1395 573 2
360 566 1
595 766 2
1444 1294 1
1807 1114 1
1353 135 2
1600 1971 2
542 1842 1
1445 839 2
724 18 2
384 166 2
1420 486 2
895 1321 2
790 86 2
1949 109 2
786 1248 2
1437 1743 2
1867 1479 2
797 619 2
1139 882 2
1546 211 2
1537 139 2
1291 431 2
232 1548 1
1640 1751 1
222 360 2
602 1202 2
1591 1955 2
857 919 2
164 1352 1
1622 1956 2
1720 978 1
105 1458 2
1229 710 2
1258 1022 2
948 1412 2
128 1134 2
583 1970 2
240 1796 1
1459 1967 2
1550 427 2
1359 501 2
118 500 2
549 1420 2
1660 1534 2
937 1227 1
1916 1462 1
279 154 1
126 783 2
53 1438 2
1856 1294 2
1013 856 2
788 1743 2
500 336 2
254 123 2
293 1799 2
1520 1615 2
896 1970 2
1795 874 2
575 377 2
1182 765 2
1113 1042 2
1832 1517 2
200 433 1
1609 1004 2
1332 190 2
77 608 1
1571 483 2
1281 185 2
99 811 1
1656 1691 2
1255 473 2
1760 1573 1
207 1103 2
295 11 1
148 515 2
135 688 2
289 801 2
1361 453 2
1504 994 2
312 1936 2
789 627 2
1707 1256 1
825 441 2
491 978 2
470 219 2
88 730 2
603 512 2
1629 1772 2
604 399 1
847 50 2
1570 1417 2
886 964 2
735 1870 2
680 492 2
702 1623 1
1029 1748 1
847 29 2
1839 115 2
284 218 2
431 316 1
609 245 1
1589 596 2
1048 648 2
1487 1309 2
315 89 1
1338 977 2
1790 928 1
821 914 2
391 62 2
2 522 2
1703 1567 1
1890 1338 1
1768 370 2
1027 541 2
1392 402 2
1096 301 2
181 516 2
262 430 2
148 628 2
482 847 2
1977 1415 2
602 1907 2
614 1594 2
1691 297 2
1322 1005 2
449 1515 2
220 604 2
1351 65 1
1312 1575 1
769 1937 1
1780 233 2
668 571 1
1497 860 2
892 509 2
802 1440 1
1601 244 2
996 1791 2
114 730 1
1798 312 2
703 1335 2
909 1984 2
447 285 1
43 557 2
1840 1443 1
1869 539 2
961 1008 1
1949 1088 1
601 1817 2
1909 1631 2
146 1370 2
934 547 2
1758 790 2
991 684 2
124 1411 2
1539 61 1
1455 1171 1
708 1970 2
866 327 2
1566 1165 2
248 498 2
1909 1729 2
652 895 2
85 1189 2
1316 1805 1
246 120 1
692 330 1
423 101 2
549 423 2
1779 939 2
871 756 2
928 1544 2
1618 1880 2
1956 1170 2
1606 1148 2
561 1136 1
751 953 2
1452 580 2
1142 839 2
4 1058 2
1962 1073 1
1064 510 2
1741 1764 2
1952 1316 1
599 1202 2
171 806 1
882 828 1
1546 917 2
1262 899 2
583 71 2
710 4 1
569 1595 2
1547 1160 2
371 445 2
914 1111 1
524 1521 2
684 737 1
169 1009 2
1112 700 1
1636 365 2
1058 1538 2
1826 1792 2
1147 210 2
1988 1719 1
444 1237 2
1226 1159 2
1439 712 2
147 1344 1
1426 1702 2
1594 550 2
596 694 2
1108 1456 1
268 485 2
33 1054 1
146 1401 2
1632 1094 2
931 47 2
776 519 1
374 482 2
168 1847 2
1800 1437 2
1761 851 2
1686 831 2
311 702 1
1544 849 2
1265 1912 2
635 980 1
203 1553 2
685 972 1
287 1431 1
827 44 2
670 470 1
1718 1791 2
539 1851 2
1189 418 2
77 888 2
1998 294 2
411 1700 2
776 393 1
678 408 1
1561 190 2
176 1916 2
184 1995 1
409 653 2
1988 1591 2
492 298 2
1392 954 2
1672 1457 2
74 1514 2
1845 1586 1
1624 490 2
1693 1058 2
452 1674 1
1637 1910 2
436 1832 1
1385 180 2
1292 830 1
1587 737 2
1688 1933 1
999 1709 2
1224 55 2
1002 1819 2
1230 1896 1
1296 1915 2
941 1637 2
1003 1411 2
1012 576 2
1060 1933 2
339 1200 1
2001 100 1
735 691 2
832 723 1
1341 1805 2
932 836 2
1197 114 2
1564 1300 2
1967 928 2
1398 1486 2
1033 829 2
492 1945 2
1477 1372 2
1749 753 1
852 1488 2
1274 1379 2
368 1319 1
1201 1433 2
1438 1498 2
836 1103 1
287 803 2
910 317 2
1809 1286 1
143 292 2
1428 1680 2
1687 554 2
945 1347 2
1588 1784 1
1665 500 1
1368 403 2
144 717 2
287 1355 2
710 1709 2
836 1286 2
308 1445 2
1238 815 2
646 1641 1
1772 1082 2
735 212 2
694 52 2
353 499 2
442 168 1
1563 165 2
622 34 2
1834 1916 2
1382 1653 2
1441 310 2
1973 207 1
463 854 2
517 949 2
1751 1611 1
1958 665 2
756 694 2
1024 1215 2
809 644 2
94 567 1
1506 1083 2
1493 657 2
1541 848 2
203 809 1
94 1461 1
1890 1355 2
270 1693 2
181 1298 2
250 1657 2
1695 321 2
1085 324 2
1588 1438 2
1959 1948 1
176 847 1
886 195 2
272 1447 1
1205 1307 2
1424 662 2
221 1 1
1260 356 1
1310 935 2
8 818 1
746 687 2
1793 1608 1
1355 37 2
822 1704 2
262 1144 2
1112 330 2
193 1206 2
1977 733 2
764 117 2
602 1562 2
795 91 2
253 420 1
728 424 2
1917 1585 2
1378 1160 2
1412 1478 1
615 349 1
1630 1460 1
7 820 1
1667 1070 2
1785 1024 2
397 209 2
1084 1619 2
1818 1409 1
87 882 2
773 42 2
334 333 2
740 1064 2
1087 193 1
498 1274 1
1786 2000 1
359 992 1
475 1642 2
1951 1877 1
114 1259 2
1446 1780 2
1753 303 2
443 1550 2
180 1929 2
116 1488 1
1764 533 2
366 46 2
375 1232 1
729 624 2
390 890 2
882 1942 2
24 713 1
944 1989 1
451 1906 1
919 1371 2
916 304 2
1573 1580 1
576 400 2
1576 782 2
1647 1896 2
455 1594 2
1641 980 2
1096 1321 1
971 1177 2
1494 710 1
903 458 2
1967 1463 1
1987 1448 2
453 1232 2
293 68 2
1978 243 2
1900 428 2
160 1160 2
94 1509 2
1037 847 2
1218 1008 1
271 750 2
692 811 2
1797 743 2
700 1311 1
604 1228 1
1812 423 2
1942 325 2
867 572 2
466 262 2
14 1866 2
382 1176 2
1200 470 2
1112 455 1
588 1751 2
450 991 2
264 536 2
1564 1770 2
1870 1699 2
1390 1971 1
1572 1533 1
568 408 2
1553 545 1
187 654 2
1951 1221 1
788 108 2
1098 695 1
1799 1464 1
783 131 1
119 1526 1
469 885 2
792 121 1
589 1129 2
265 1130 1
1712 901 2
232 409 2
1940 621 2
1355 546 2
311 1645 2
756 1707 2
1910 1101 2
1725 1164 1
1553 1039 2
512 1001 2
1339 348 1
1609 1265 1
205 275 2
1313 43 2
1612 1197 1
272 1103 2
1897 132 1
176 1739 2
342 1053 1
1413 1676 1
1355 1159 2
1202 253 2
781 93 1
109 749 2
1669 582 2
1974 1587 1
764 1493 1
1146 450 1
1348 299 2
540 3 2
266 596 2
1062 1692 2
1932 537 2
905 1699 2
1287 1702 2
271 441 2
1127 283 1
1120 1387 1
1624 1049 2
957 1044 1
1113 675 2
1334 1372 2
1456 513 1
1979 288 1
1863 1036 2
1063 1887 1
1470 1129 1
140 1782 1
65 1400 2
909 1420 2
1776 1008 2
477 1628 2
703 543 1
97 971 2
1617 853 2
1353 646 2
463 1261 2
1176 139 2
1076 1713 2
1301 657 1
1139 1212 2
435 1772 1
358 672 2
1629 1634 2
67 26 2
798 1181 1
100 102 2
1195 635 2
1016 1357 2
590 597 2
279 1254 1
520 768 1
422 1504 2
806 664 2
1640 1863 1
287 238 2
1072 1045 1
1237 1295 2
511 947 2
1704 1288 2
847 656 2
1898 1802 2
1951 1549 2
1773 1960 1
1179 1276 2
1124 703 1
1273 1000 2
1968 1981 2
917 1213 2
16 731 1
48 828 1
1753 372 2
797 1559 2
1608 67 2
538 1939 2
258 1767 2
1142 1489 2
468 1878 1
746 1383 2
1188 968 2
1926 1166 2
1266 1763 1
538 109 1
1894 1030 1
526 1201 2
1616 489 2
120 1173 2
143 637 2
1908 1200 2
922 165 1
331 1452 2
211 1946 2
398 1019 2
316 306 2
1197 1550 2
1024 1438 2
1415 1519 1
479 985 2
125 1576 1
1290 556 2
228 1652 1
1165 1781 2
644 409 1
1097 675 2
760 1120 2
814 1239 2
1080 1047 2
863 354 1
292 1325 2
531 652 2
55 1249 1
1623 630 1
1286 1746 2
508 81 2
881 1452 1
1184 1746 2
197 1163 2
1100 214 2
78 1540 2
1578 1043 1
1966 821 1
1942 346 2
672 952 2
1682 1028 1
1100 342 2
1525 407 2
568 427 1
1916 106 1
790 1663 2
1484 1228 2
1150 81 2
12 1679 2
1220 340 2
938 31 1
1280 522 2
861 315 1
127 759 1
230 1091 2
1206 81 2
527 548 1
1384 897 2
1297 474 1
196 24 2
347 1881 2
305 1573 1
26 1251 1
1587 1968 2
1750 1858 2
847 1980 2
1020 1388 2
404 718 2
1996 1098 2
807 484 2
273 1678 2
271 235 2
158 1736 2
1933 1388 1
492 45 1
970 220 2
1917 1076 2
1306 1548 1
951 209 2
22 1084 2
1931 1337 2
1494 455 2
1743 1128 2
1883 1875 2
607 1744 1
1867 1556 2
1884 1687 2
786 461 2
1333 74 2
1556 175 1
1527 671 2
854 1156 2
1675 1177 2
