600 2000
505 61 10
355 228 10
111 107 10
255 277 10
235 499 10
144 3 10
53 173 10
201 462 10
345 402 10
269 422 10
460 588 10
450 289 10
225 271 10
394 129 10
537 581 10
213 540 10
222 542 10
536 246 10
266 183 10
390 139 10
375 265 10
158 459 10
585 121 10
436 417 10
93 272 10
156 571 10
418 233 10
299 50 10
597 168 10
189 322 10
491 138 10
558 303 10
575 94 10
100 27 10
563 435 10
381 493 10
539 418 10
347 294 10
9 285 10
455 271 10
7 583 10
344 217 10
266 398 10
535 178 10
74 69 10
122 162 10
358 163 10
400 270 10
436 514 10
135 69 10
107 443 10
217 569 10
83 586 10
324 307 10
438 232 10
71 212 10
239 456 10
389 387 10
313 250 10
73 302 10
109 7 10
402 28 10
41 568 10
23 559 10
360 119 10
35 246 10
217 64 10
471 475 10
399 14 10
412 201 10
184 522 10
312 252 10
51 55 10
563 579 10
19 422 10
195 282 10
305 333 10
317 288 10
597 120 10
245 279 10
420 6 10
397 588 10
351 49 10
286 52 10
336 189 10
522 263 10
285 116 10
544 396 10
185 384 10
53 486 10
436 569 10
550 183 10
498 234 10
136 560 10
347 12 10
65 257 10
391 310 10
405 311 10
362 355 10
54 478 10
563 128 10
391 123 10
479 445 10
28 331 10
190 113 10
30 546 10
127 382 10
90 168 10
526 159 10
20 363 10
99 126 10
404 24 10
147 596 10
169 202 10
407 492 10
131 252 10
15 385 10
236 407 10
518 180 10
103 551 10
204 503 10
429 208 10
220 573 10
448 173 10
564 216 10
505 212 10
29 502 10
284 183 10
329 547 10
103 497 10
441 148 10
457 21 10
250 501 10
343 283 10
98 324 10
194 418 10
557 483 10
319 266 10
143 443 10
243 369 10
433 562 10
394 443 10
373 143 10
293 508 10
116 145 10
5 323 10
156 182 10
439 489 10
582 205 10
96 590 10
235 572 10
506 269 10
26 229 10
211 517 10
260 119 10
224 489 10
42 263 10
484 47 10
63 7 10
136 222 10
315 195 10
177 572 10
149 41 10
37 503 10
114 593 10
266 593 10
435 588 10
362 54 10
559 551 10
515 201 10
272 496 10
296 20 10
511 112 10
71 491 10
225 518 10
232 360 10
411 110 10
8 60 10
417 372 10
214 92 10
367 298 10
252 450 10
209 596 10
313 396 10
494 198 10
312 95 10
382 142 10
10 94 10
251 566 10
200 193 10
172 62 10
231 519 10
410 466 10
99 317 10
418 526 10
45 386 10
25 310 10
401 160 10
523 278 10
592 393 10
321 4 10
508 326 10
47 111 10
152 287 10
525 513 10
544 287 10
43 475 10
405 467 10
377 573 10
490 293 10
236 107 10
345 123 10
528 272 10
448 294 10
597 465 10
282 494 10
529 527 10
428 122 10
249 166 10
132 169 10
276 475 10
455 2 10
301 438 10
148 433 10
336 54 10
380 103 10
26 5 10
437 201 10
320 369 10
187 380 10
221 127 10
348 254 10
252 163 10
307 85 10
384 232 10
138 518 10
390 489 10
453 36 10
365 93 10
455 411 10
158 526 10
533 433 10
529 507 10
409 440 10
520 507 10
168 582 10
5 542 10
197 500 10
331 552 10
38 260 10
142 296 10
348 455 10
364 367 10
295 36 10
529 557 10
63 419 10
589 559 10
207 202 10
586 124 10
161 40 10
280 221 10
357 178 10
252 197 10
463 96 10
358 497 10
467 482 10
454 552 10
119 398 10
214 195 10
152 272 10
526 586 10
410 565 10
388 112 10
495 336 10
191 141 10
158 100 10
449 246 10
398 501 10
594 262 10
591 269 10
361 417 10
455 287 10
448 99 10
117 431 10
136 66 10
246 128 10
57 245 10
380 146 10
299 140 10
116 507 10
597 240 10
185 18 10
292 165 10
301 127 10
358 160 10
160 449 10
455 243 10
424 107 10
14 112 10
396 279 10
222 438 10
64 508 10
597 435 10
428 435 10
417 481 10
208 14 10
452 439 10
320 42 10
525 264 10
594 92 10
496 250 10
205 391 10
505 194 10
110 456 10
294 145 10
565 569 10
223 513 10
99 561 10
544 424 10
274 318 10
87 496 10
450 34 10
563 567 10
591 500 10
544 47 10
74 528 10
200 431 10
183 525 10
153 349 10
31 244 10
504 418 10
253 200 10
545 102 10
375 233 10
59 27 10
192 410 10
326 503 10
494 166 10
105 28 10
274 124 10
214 240 10
77 87 10
93 173 10
278 498 10
484 486 10
102 348 10
9 353 10
346 359 10
483 101 10
378 257 10
576 34 10
344 320 10
467 508 10
536 332 10
455 35 10
182 480 10
262 364 10
69 376 10
482 38 10
150 344 10
104 195 10
205 109 10
347 586 10
407 119 10
85 469 10
247 324 10
171 251 10
272 496 10
322 410 10
185 545 10
360 152 10
466 456 10
325 502 10
600 391 10
182 578 10
89 244 10
457 407 10
529 545 10
430 551 10
44 171 10
222 242 10
230 33 10
376 427 10
598 315 10
90 306 10
186 263 10
545 13 10
370 290 10
493 207 10
61 565 10
122 117 10
350 412 10
96 320 10
239 80 10
298 447 10
445 176 10
530 145 10
327 476 10
139 237 10
344 576 10
369 271 10
159 278 10
356 105 10
118 222 10
575 143 10
531 292 10
160 161 10
497 563 10
129 375 10
324 200 10
544 541 10
296 166 10
468 217 10
560 195 10
396 400 10
155 450 10
413 369 10
362 113 10
432 184 10
588 182 10
313 33 10
210 573 10
237 542 10
58 272 10
114 165 10
358 350 10
233 64 10
497 185 10
3 301 10
273 68 10
470 561 10
519 513 10
241 409 10
389 210 10
5 542 10
523 374 10
65 51 10
298 428 10
12 516 10
249 135 10
279 449 10
360 50 10
340 134 10
375 491 10
376 476 10
530 137 10
331 116 10
175 88 10
60 253 10
377 301 10
260 261 10
358 106 10
411 59 10
320 276 10
71 209 10
37 294 10
474 124 10
244 251 10
309 502 10
365 592 10
328 498 10
291 457 10
139 293 10
182 14 10
345 357 10
576 51 10
38 182 10
258 401 10
184 310 10
510 484 10
7 274 10
392 516 10
530 425 10
425 547 10
50 214 10
489 253 10
425 84 10
328 419 10
195 254 10
128 141 10
9 404 10
281 430 10
433 513 10
45 451 10
202 458 10
535 296 10
304 33 10
307 63 10
265 152 10
404 491 10
30 225 10
340 81 10
430 518 10
232 463 10
375 322 10
107 111 10
447 375 10
304 376 10
360 594 10
408 34 10
113 119 10
119 182 10
179 334 10
405 500 10
332 42 10
506 577 10
554 82 10
107 57 10
466 56 10
66 578 10
344 224 10
586 28 10
152 327 10
29 451 10
230 383 10
507 267 10
545 232 10
114 581 10
230 234 10
58 340 10
298 454 10
118 442 10
104 79 10
465 353 10
4 222 10
271 158 10
31 451 10
503 212 10
513 117 10
120 400 10
69 424 10
333 195 10
414 473 10
255 486 10
512 206 10
131 416 10
303 443 10
253 299 10
404 463 10
584 517 10
383 156 10
150 103 10
290 573 10
311 191 10
283 18 10
256 547 10
144 101 10
570 11 10
110 501 10
223 512 10
88 244 10
486 480 10
433 325 10
468 301 10
554 8 10
575 407 10
330 336 10
20 235 10
572 123 10
193 498 10
185 372 10
597 472 10
17 160 10
504 107 10
353 128 10
213 519 10
256 377 10
515 151 10
397 376 10
572 422 10
171 209 10
301 112 10
487 282 10
347 396 10
491 170 10
129 477 10
290 416 10
586 485 10
91 520 10
342 350 10
240 522 10
441 153 10
378 438 10
187 16 10
133 545 10
381 190 10
203 285 10
327 221 10
30 359 10
571 178 10
362 581 10
121 164 10
404 340 10
191 68 10
453 448 10
305 64 10
502 527 10
192 111 10
296 61 10
83 197 10
563 75 10
552 385 10
432 207 10
478 406 10
138 274 10
261 236 10
449 555 10
496 228 10
62 364 10
190 254 10
204 119 10
489 481 10
530 581 10
262 250 10
540 496 10
576 16 10
392 306 10
64 68 10
229 145 10
438 93 10
380 140 10
78 551 10
163 502 10
229 61 10
59 564 10
19 327 10
408 148 10
128 204 10
455 294 10
546 120 10
2 489 10
335 554 10
247 484 10
214 216 10
550 285 10
458 117 10
473 433 10
522 398 10
369 322 10
591 91 10
509 141 10
93 523 10
227 23 10
261 106 10
68 599 10
414 211 10
414 233 10
315 63 10
292 264 10
101 359 10
404 594 10
572 70 10
377 307 10
59 487 10
135 26 10
326 258 10
571 594 10
134 19 10
554 543 10
134 30 10
556 511 10
566 519 10
135 382 10
554 555 10
361 486 10
166 244 10
514 210 10
18 212 10
585 225 10
448 406 10
535 314 10
268 380 10
395 221 10
401 543 10
345 328 10
313 497 10
221 549 10
7 524 10
367 538 10
489 114 10
407 503 10
169 357 10
102 292 10
1 136 10
349 380 10
489 600 10
572 298 10
161 27 10
436 216 10
32 551 10
192 418 10
398 565 10
262 392 10
287 313 10
45 499 10
382 199 10
381 483 10
399 18 10
55 230 10
569 135 10
551 512 10
219 583 10
23 353 10
424 442 10
561 443 10
117 164 10
388 430 10
448 220 10
500 20 10
521 446 10
153 453 10
479 413 10
139 554 10
138 520 10
294 591 10
140 24 10
117 68 10
132 22 10
351 566 10
525 302 10
27 375 10
254 272 10
32 37 10
511 512 10
221 538 10
296 564 10
550 534 10
250 307 10
299 58 10
358 533 10
449 269 10
465 441 10
282 182 10
351 7 10
450 399 10
183 172 10
50 591 10
318 537 10
412 9 10
496 598 10
148 132 10
75 244 10
495 598 10
31 385 10
434 132 10
600 13 10
171 302 10
449 318 10
214 311 10
302 237 10
509 198 10
62 31 10
398 198 10
281 564 10
8 344 10
94 236 10
152 212 10
290 19 10
532 7 10
487 574 10
51 337 10
365 217 10
43 57 10
449 511 10
405 57 10
39 506 10
171 378 10
287 546 10
333 553 10
520 478 10
107 94 10
106 385 10
162 383 10
295 330 10
157 28 10
570 431 10
548 555 10
480 485 10
103 590 10
160 255 10
411 374 10
341 70 10
344 374 10
78 376 10
166 108 10
154 286 10
236 587 10
192 235 10
96 344 10
353 388 10
181 5 10
328 349 10
302 237 10
205 418 10
239 492 10
102 191 10
251 204 10
182 98 10
580 330 10
338 568 10
489 40 10
210 462 10
375 278 10
381 206 10
241 532 10
380 76 10
320 26 10
69 47 10
230 278 10
34 222 10
518 191 10
84 242 10
314 159 10
335 23 10
17 559 10
580 420 10
49 256 10
254 578 10
73 487 10
417 94 10
12 272 10
116 506 10
81 446 10
430 138 10
473 58 10
582 100 10
40 482 10
470 411 10
264 170 10
52 216 10
591 223 10
412 178 10
513 586 10
352 464 10
550 467 10
381 321 10
442 187 10
455 309 10
76 340 10
337 266 10
356 418 10
56 445 10
167 207 10
539 186 10
255 276 10
534 549 10
455 59 10
332 528 10
45 530 10
347 446 10
51 335 10
98 321 10
23 396 10
550 37 10
329 301 10
464 439 10
174 37 10
200 188 10
378 562 10
214 197 10
525 301 10
581 313 10
3 191 10
111 297 10
479 224 10
591 48 10
279 534 10
166 245 10
224 102 10
335 250 10
553 431 10
97 285 10
393 296 10
471 127 10
239 245 10
444 86 10
407 305 10
450 8 10
360 241 10
403 505 10
213 80 10
66 129 10
517 371 10
317 590 10
271 372 10
427 365 10
469 284 10
123 403 10
271 383 10
582 25 10
117 214 10
468 382 10
484 44 10
428 365 10
215 259 10
23 12 10
363 153 10
456 580 10
341 542 10
86 434 10
208 552 10
138 518 10
421 267 10
108 363 10
227 67 10
335 225 10
517 257 10
187 46 10
481 124 10
25 468 10
84 527 10
183 383 10
569 596 10
566 317 10
229 508 10
29 66 10
466 531 10
136 335 10
538 392 10
228 526 10
187 190 10
530 599 10
518 545 10
510 142 10
95 261 10
310 406 10
49 328 10
452 536 10
288 540 10
197 303 10
45 155 10
190 103 10
232 174 10
506 515 10
145 584 10
542 596 10
134 247 10
42 308 10
409 250 10
332 324 10
416 540 10
529 587 10
334 56 10
346 237 10
12 556 10
385 379 10
309 385 10
158 406 10
345 341 10
26 242 10
548 164 10
270 548 10
366 235 10
137 303 10
395 56 10
259 208 10
546 357 10
165 153 10
427 408 10
535 295 10
368 250 10
260 189 10
15 399 10
308 244 10
434 394 10
330 296 10
85 384 10
192 411 10
263 229 10
367 43 10
266 379 10
229 39 10
358 326 10
432 288 10
208 537 10
278 470 10
568 577 10
359 345 10
155 350 10
225 486 10
431 597 10
81 353 10
380 450 10
261 131 10
501 301 10
414 335 10
321 13 10
92 65 10
214 341 10
111 26 10
34 29 10
229 284 10
71 234 10
98 64 10
236 290 10
447 409 10
584 210 10
595 562 10
30 8 10
402 45 10
455 299 10
563 366 10
260 330 10
66 305 10
319 375 10
417 519 10
17 527 10
52 133 10
188 18 10
379 413 10
51 144 10
325 484 10
335 95 10
248 254 10
568 324 10
104 141 10
277 12 10
417 570 10
562 181 10
30 274 10
536 507 10
312 334 10
487 154 10
576 573 10
498 170 10
482 345 10
598 540 10
425 227 10
573 318 10
212 567 10
404 448 10
157 268 10
589 408 10
349 502 10
44 295 10
65 130 10
412 421 10
513 214 10
22 183 10
327 17 10
247 215 10
7 163 10
206 499 10
474 388 10
500 343 10
46 501 10
14 513 10
1 288 10
387 13 10
138 145 10
441 107 10
406 214 10
9 417 10
86 141 10
418 241 10
587 583 10
243 291 10
418 504 10
524 418 10
247 348 10
35 213 10
525 273 10
460 448 10
415 133 10
202 60 10
118 202 10
179 265 10
494 374 10
131 42 10
79 371 10
106 108 10
454 331 10
315 38 10
466 10 10
438 242 10
212 559 10
283 433 10
50 349 10
203 361 10
150 341 10
523 497 10
280 166 10
142 527 10
313 192 10
119 283 10
112 405 10
39 512 10
383 564 10
223 446 10
97 272 10
502 89 10
410 309 10
334 536 10
496 88 10
371 499 10
55 387 10
227 464 10
315 519 10
407 286 10
582 184 10
105 68 10
392 235 10
205 197 10
597 184 10
461 82 10
129 499 10
435 476 10
285 112 10
33 147 10
520 313 10
494 229 10
61 260 10
99 35 10
338 385 10
389 189 10
377 365 10
553 3 10
36 157 10
513 35 10
321 290 10
372 322 10
515 73 10
200 443 10
586 78 10
258 463 10
484 290 10
472 345 10
388 292 10
495 20 10
62 568 10
349 563 10
382 518 10
84 291 10
83 591 10
398 146 10
274 512 10
399 305 10
100 18 10
567 8 10
417 500 10
112 12 10
83 397 10
129 117 10
499 460 10
120 496 10
142 573 10
206 42 10
223 79 10
154 49 10
407 529 10
432 181 10
4 368 10
204 51 10
296 494 10
137 546 10
575 167 10
61 600 10
503 534 10
500 33 10
478 470 10
593 283 10
185 264 10
25 256 10
330 486 10
113 351 10
197 65 10
140 480 10
267 550 10
382 304 10
80 421 10
237 535 10
16 237 10
600 85 10
373 396 10
347 282 10
144 38 10
1 153 10
318 135 10
493 209 10
434 371 10
27 112 10
389 464 10
405 47 10
599 290 10
436 374 10
48 192 10
353 132 10
356 65 10
514 4 10
16 475 10
349 339 10
221 141 10
181 99 10
398 230 10
371 141 10
583 294 10
13 306 10
543 247 10
494 164 10
414 267 10
382 199 10
573 384 10
400 402 10
279 79 10
229 248 10
503 274 10
169 164 10
41 214 10
4 8 10
28 326 10
504 252 10
515 514 10
96 561 10
301 324 10
111 332 10
390 580 10
444 190 10
184 148 10
264 12 10
352 511 10
166 579 10
321 458 10
331 429 10
447 551 10
209 390 10
21 258 10
346 43 10
391 485 10
10 553 10
360 25 10
227 563 10
149 34 10
116 43 10
391 32 10
218 364 10
456 53 10
197 167 10
467 115 10
158 582 10
521 489 10
393 264 10
289 380 10
325 202 10
21 336 10
217 594 10
432 103 10
370 12 10
44 423 10
417 314 10
385 355 10
235 389 10
458 175 10
228 516 10
420 240 10
400 323 10
130 505 10
354 114 10
372 416 10
348 297 10
484 478 10
352 94 10
342 2 10
413 488 10
205 453 10
292 114 10
71 125 10
43 480 10
511 571 10
113 288 10
533 485 10
180 91 10
286 462 10
218 175 10
56 290 10
134 407 10
78 190 10
495 347 10
346 226 10
43 281 10
280 512 10
378 55 10
453 178 10
174 386 10
433 239 10
443 45 10
348 596 10
311 357 10
234 37 10
419 40 10
230 377 10
17 586 10
327 74 10
190 207 10
305 123 10
483 192 10
64 258 10
343 99 10
73 575 10
466 563 10
551 477 10
103 48 10
368 206 10
288 128 10
263 499 10
41 482 10
348 93 10
238 448 10
110 203 10
549 42 10
267 16 10
270 417 10
124 386 10
371 146 10
250 454 10
202 577 10
496 179 10
485 488 10
477 358 10
367 204 10
282 366 10
248 85 10
583 14 10
430 234 10
259 461 10
329 335 10
20 477 10
48 172 10
567 551 10
26 221 10
330 265 10
105 91 10
576 134 10
262 480 10
305 128 10
482 126 10
4 447 10
408 406 10
465 591 10
78 214 10
31 395 10
479 453 10
32 87 10
32 335 10
14 407 10
302 322 10
140 510 10
63 359 10
319 562 10
510 37 10
443 595 10
411 84 10
141 437 10
480 407 10
8 448 10
125 282 10
177 117 10
555 490 10
293 258 10
545 145 10
513 596 10
185 417 10
489 186 10
202 384 10
465 228 10
176 317 10
530 60 10
208 204 10
468 259 10
399 510 10
408 538 10
186 31 10
480 561 10
116 40 10
178 309 10
179 571 10
265 37 10
495 462 10
166 481 10
229 482 10
413 48 10
588 308 10
481 222 10
532 456 10
169 218 10
462 341 10
370 90 10
342 135 10
157 376 10
395 186 10
581 106 10
599 455 10
258 552 10
255 461 10
324 536 10
489 68 10
242 519 10
30 378 10
268 464 10
255 73 10
353 339 10
502 469 10
265 170 10
191 173 10
478 70 10
505 578 10
286 124 10
543 240 10
91 362 10
572 95 10
518 60 10
314 192 10
114 222 10
419 537 10
94 354 10
96 229 10
480 151 10
109 444 10
417 451 10
140 556 10
71 581 10
280 189 10
585 396 10
138 32 10
387 102 10
256 82 10
440 219 10
92 43 10
117 232 10
211 414 10
597 511 10
119 497 10
569 426 10
177 125 10
490 279 10
243 216 10
241 339 10
496 2 10
455 161 10
126 444 10
560 57 10
433 86 10
402 533 10
373 238 10
545 429 10
82 31 10
25 147 10
451 140 10
509 189 10
553 488 10
572 21 10
185 87 10
299 147 10
173 17 10
397 17 10
223 48 10
86 290 10
273 147 10
365 184 10
182 401 10
343 214 10
292 366 10
131 171 10
272 423 10
190 480 10
48 409 10
19 57 10
561 323 10
410 361 10
154 416 10
471 185 10
368 326 10
283 410 10
113 254 10
298 186 10
302 27 10
592 75 10
482 396 10
479 289 10
395 222 10
348 330 10
56 28 10
476 399 10
528 572 10
20 394 10
490 280 10
385 166 10
321 247 10
117 204 10
214 146 10
104 405 10
236 222 10
192 104 10
433 452 10
527 162 10
309 189 10
142 418 10
192 193 10
293 89 10
422 557 10
70 583 10
379 14 10
538 279 10
287 2 10
93 208 10
205 36 10
534 459 10
42 12 10
159 516 10
35 57 10
50 330 10
78 399 10
461 37 10
435 66 10
143 443 10
545 506 10
421 484 10
335 372 10
267 273 10
418 566 10
146 510 10
290 315 10
324 234 10
173 128 10
416 136 10
586 32 10
13 37 10
64 396 10
357 292 10
387 488 10
71 341 10
481 386 10
74 332 10
48 95 10
328 152 10
58 3 10
175 32 10
37 46 10
370 541 10
138 36 10
151 541 10
59 44 10
348 237 10
187 308 10
210 513 10
156 531 10
555 131 10
251 270 10
211 491 10
495 430 10
48 581 10
106 345 10
198 486 10
251 395 10
476 581 10
463 118 10
431 260 10
520 453 10
443 253 10
131 398 10
393 92 10
200 384 10
566 492 10
219 204 10
455 531 10
171 514 10
306 34 10
133 385 10
285 558 10
66 402 10
281 313 10
20 351 10
203 507 10
48 88 10
179 318 10
530 73 10
1 333 10
333 81 10
587 296 10
136 279 10
259 420 10
232 66 10
191 380 10
81 178 10
256 81 10
313 10 10
302 23 10
386 299 10
62 335 10
161 139 10
93 587 10
164 7 10
280 25 10
535 530 10
454 73 10
127 287 10
255 586 10
306 592 10
96 294 10
51 117 10
548 241 10
94 187 10
396 98 10
576 44 10
289 352 10
503 547 10
75 461 10
403 418 10
226 272 10
23 385 10
493 438 10
145 68 10
282 364 10
292 363 10
545 266 10
326 356 10
215 457 10
108 12 10
243 338 10
394 60 10
477 425 10
115 42 10
398 156 10
111 275 10
82 515 10
237 389 10
590 51 10
105 490 10
227 225 10
87 493 10
423 114 10
577 556 10
256 2 10
282 123 10
157 62 10
334 94 10
139 218 10
221 146 10
103 242 10
575 331 10
368 595 10
323 580 10
197 5 10
144 265 10
56 200 10
218 327 10
488 197 10
100 427 10
27 230 10
575 455 10
34 3 10
97 439 10
291 596 10
131 151 10
496 560 10
318 70 10
333 197 10
95 285 10
444 35 10
86 564 10
481 457 10
596 80 10
112 75 10
80 88 10
249 354 10
510 562 10
145 178 10
218 359 10
228 388 10
155 345 10
556 538 10
226 485 10
592 465 10
285 543 10
120 311 10
92 567 10
179 513 10
440 30 10
584 316 10
109 509 10
498 13 10
131 407 10
389 121 10
243 426 10
254 590 10
177 65 10
229 375 10
260 451 10
4 483 10
429 216 10
313 482 10
444 239 10
391 326 10
37 551 10
210 228 10
20 355 10
499 264 10
239 97 10
461 415 10
516 420 10
560 480 10
530 277 10
332 528 10
442 84 10
43 324 10
284 222 10
180 163 10
18 311 10
429 273 10
340 201 10
529 381 10
110 13 10
349 286 10
305 395 10
67 43 10
524 459 10
151 44 10
17 599 10
157 544 10
517 91 10
289 305 10
153 35 10
490 182 10
318 288 10
98 355 10
87 600 10
353 156 10
297 411 10
22 445 10
195 67 10
46 563 10
485 71 10
383 105 10
562 278 10
214 532 10
461 249 10
277 500 10
476 173 10
309 279 10
412 351 10
510 190 10
581 159 10
77 280 10
304 227 10
380 113 10
35 196 10
4 306 10
89 338 10
123 258 10
517 442 10
292 19 10
590 360 10
424 82 10
54 381 10
317 496 10
207 256 10
213 470 10
290 397 10
377 232 10
515 452 10
439 349 10
304 175 10
557 194 10
325 151 10
62 316 10
122 481 10
263 491 10
364 395 10
236 355 10
22 467 10
480 465 10
27 76 10
190 524 10
106 207 10
386 282 10
11 290 10
100 282 10
404 532 10
193 533 10
573 270 10
532 514 10
94 20 10
261 312 10
61 231 10
280 21 10
497 258 10
198 191 10
390 250 10
519 489 10
279 340 10
61 387 10
274 95 10
109 54 10
429 530 10
590 242 10
328 352 10
140 408 10
281 42 10
27 248 10
298 295 10
427 557 10
479 18 10
110 377 10
148 380 10
50 531 10
313 400 10
73 169 10
44 120 10
514 234 10
417 419 10
335 304 10
4 64 10
415 426 10
22 583 10
173 451 10
204 74 10
591 572 10
517 459 10
530 10 10
60 545 10
381 584 10
223 98 10
5 296 10
332 577 10
13 179 10
416 478 10
4 237 10
46 386 10
143 106 10
337 510 10
470 449 10
22 344 10
536 305 10
566 269 10
97 243 10
4 546 10
54 437 10
194 133 10
555 478 10
429 220 10
159 288 10
329 477 10
300 507 10
238 202 10
123 267 10
305 21 10
588 303 10
491 199 10
23 282 10
184 503 10
93 91 10
314 121 10
188 599 10
480 534 10
131 492 10
332 365 10
190 586 10
497 147 10
88 316 10
177 292 10
287 544 10
437 211 10
152 42 10
386 473 10
315 402 10
22 140 10
228 457 10
282 573 10
204 296 10
559 456 10
259 437 10
255 591 10
368 498 10
274 593 10
433 348 10
529 49 10
53 182 10
238 90 10
377 18 10
208 358 10
391 67 10
195 61 10
35 364 10
77 123 10
400 390 10
108 274 10
111 273 10
395 293 10
563 72 10
262 289 10
568 353 10
199 71 10
460 537 10
524 496 10
412 220 10
413 90 10
408 63 10
582 123 10
396 418 10
311 134 10
392 443 10
50 544 10
115 88 10
239 575 10
37 346 10
147 19 10
410 284 10
325 199 10
25 224 10
136 238 10
28 148 10
10 3 10
554 317 10
149 99 10
185 484 10
335 204 10
572 352 10
125 306 10
48 475 10
423 220 10
209 367 10
508 229 10
149 589 10
569 499 10
352 42 10
39 375 10
167 125 10
367 383 10
497 419 10
155 2 10
392 14 10
378 180 10
396 415 10
250 370 10
5 433 10
355 247 10
542 393 10
160 483 10
527 82 10
105 139 10
297 311 10
526 413 10
313 312 10
135 97 10
537 258 10
287 409 10
513 292 10
217 544 10
411 388 10
362 91 10
156 30 10
94 176 10
87 229 10
544 244 10
108 162 10
145 461 10
59 71 10
534 455 10
508 544 10
375 305 10
519 29 10
454 562 10
579 547 10
440 230 10
393 234 10
179 476 10
22 512 10
516 209 10
583 245 10
240 596 10
591 268 10
552 391 10
551 323 10
211 359 10
261 294 10
279 128 10
32 534 10
268 256 10
238 166 10
234 541 10
399 392 10
456 133 10
598 95 10
494 511 10
469 324 10
86 188 10
217 534 10
343 306 10
162 241 10
349 450 10
11 230 10
359 428 10
111 210 10
474 338 10
166 339 10
112 463 10
588 397 10
316 343 10
498 373 10
248 411 10
73 532 10
