600 2000
220 365 1
189 535 1
248 126 1
87 509 1
582 373 1
542 340 1
302 132 1
570 352 1
29 224 1
340 209 1
113 426 1
457 297 1
344 309 1
230 2 1
266 545 1
356 558 1
394 596 1
175 29 1
128 455 1
41 257 1
562 565 1
31 240 1
94 52 1
177 320 1
364 132 1
348 266 1
7 360 1
101 582 1
502 173 1
157 257 1
265 94 1
203 26 1
158 80 1
534 555 1
25 66 1
249 159 1
124 497 1
173 133 1
8 584 1
13 58 1
398 57 1
542 133 1
387 493 1
40 576 1
324 462 1
87 496 1
596 264 1
47 342 1
523 14 1
57 444 1
346 311 1
50 304 1
174 84 1
395 297 1
293 387 1
265 578 1
352 140 1
13 141 1
253 415 1
330 463 1
475 119 1
18 305 1
294 512 1
129 46 1
490 152 1
188 108 1
187 361 1
72 325 1
533 417 1
318 239 1
205 363 1
487 485 1
226 236 1
312 201 1
259 229 1
473 144 1
326 484 1
375 275 1
156 493 1
50 123 1
582 475 1
249 11 1
63 40 1
367 565 1
567 302 1
264 553 1
202 520 1
238 187 1
567 268 1
338 231 1
208 489 1
545 478 1
292 280 1
15 469 1
570 575 1
356 289 1
149 165 1
580 561 1
40 544 1
407 91 1
518 26 1
583 396 1
399 545 1
484 57 1
313 349 1
505 421 1
553 431 1
482 547 1
401 61 1
461 403 1
47 524 1
370 263 1
208 427 1
198 409 1
25 166 1
439 181 1
565 288 1
270 391 1
213 41 1
27 94 1
308 281 1
438 103 1
166 411 1
459 191 1
331 215 1
412 271 1
188 557 1
55 43 1
308 247 1
24 185 1
47 201 1
595 452 1
113 62 1
273 173 1
59 583 1
139 374 1
350 456 1
509 428 1
294 150 1
13 74 1
277 272 1
410 7 1
107 577 1
236 156 1
34 177 1
471 167 1
191 70 1
322 506 1
298 163 1
251 160 1
318 278 1
262 27 1
161 100 1
257 555 1
261 130 1
402 453 1
149 327 1
506 526 1
468 426 1
96 286 1
350 95 1
217 172 1
553 561 1
462 281 1
371 458 1
305 107 1
463 75 1
554 576 1
27 488 1
413 561 1
432 413 1
383 449 1
80 132 1
409 563 1
292 470 1
586 450 1
261 499 1
417 228 1
469 569 1
160 153 1
186 578 1
484 75 1
194 50 1
520 92 1
402 89 1
315 431 1
418 537 1
101 354 1
568 529 1
13 46 1
377 216 1
35 12 1
439 446 1
281 558 1
260 537 1
431 230 1
80 147 1
38 95 1
89 208 1
388 28 1
371 583 1
470 363 1
386 417 1
455 78 1
131 314 1
316 372 1
293 18 1
99 301 1
263 340 1
467 166 1
41 371 1
422 200 1
194 395 1
462 188 1
109 266 1
425 196 1
491 458 1
109 300 1
87 455 1
293 239 1
184 577 1
247 29 1
386 405 1
580 69 1
14 309 1
559 471 1
551 258 1
420 203 1
54 197 1
133 411 1
68 333 1
254 428 1
169 243 1
255 249 1
402 181 1
552 34 1
597 176 1
453 517 1
525 413 1
298 410 1
120 279 1
458 74 1
258 323 1
145 334 1
351 480 1
191 480 1
571 159 1
63 516 1
358 59 1
247 308 1
248 593 1
207 129 1
376 108 1
576 198 1
38 92 1
545 376 1
109 318 1
136 233 1
355 320 1
114 382 1
352 155 1
458 175 1
352 83 1
68 435 1
287 258 1
456 177 1
393 132 1
522 537 1
456 139 1
517 249 1
391 212 1
259 19 1
116 169 1
259 575 1
114 125 1
452 531 1
454 163 1
320 393 1
85 244 1
127 62 1
489 49 1
128 26 1
472 58 1
240 5 1
251 291 1
102 426 1
568 320 1
523 454 1
126 446 1
284 458 1
579 41 1
459 514 1
76 329 1
427 76 1
502 555 1
10 424 1
197 243 1
174 222 1
390 171 1
327 275 1
218 463 1
427 502 1
408 568 1
512 207 1
107 136 1
576 90 1
138 488 1
12 154 1
540 95 1
516 275 1
595 325 1
163 63 1
471 308 1
197 499 1
263 307 1
110 171 1
290 569 1
567 37 1
434 23 1
31 312 1
343 124 1
181 454 1
432 292 1
324 268 1
229 451 1
208 19 1
480 337 1
208 288 1
390 172 1
552 441 1
234 531 1
127 526 1
119 16 1
250 450 1
365 159 1
502 413 1
441 416 1
236 394 1
327 518 1
210 133 1
535 231 1
549 531 1
32 252 1
508 431 1
89 175 1
416 332 1
15 132 1
357 5 1
328 290 1
426 425 1
242 262 1
276 494 1
399 577 1
340 289 1
462 409 1
553 578 1
460 203 1
306 157 1
477 238 1
466 185 1
440 471 1
523 347 1
441 450 1
282 555 1
225 464 1
181 398 1
344 376 1
200 395 1
172 75 1
434 534 1
66 286 1
100 393 1
96 344 1
353 211 1
300 26 1
351 525 1
498 360 1
187 85 1
367 459 1
336 475 1
492 280 1
439 485 1
557 534 1
172 584 1
103 214 1
337 77 1
364 574 1
260 252 1
118 341 1
185 41 1
156 444 1
43 226 1
233 354 1
446 562 1
172 182 1
29 60 1
468 319 1
497 158 1
374 59 1
517 551 1
500 153 1
479 197 1
17 508 1
75 295 1
185 286 1
78 563 1
301 533 1
257 299 1
188 76 1
292 36 1
369 461 1
63 5 1
423 204 1
263 559 1
241 494 1
94 165 1
368 468 1
248 299 1
283 356 1
242 256 1
47 416 1
39 296 1
516 86 1
163 89 1
591 583 1
597 250 1
361 187 1
481 334 1
291 301 1
464 183 1
143 64 1
219 348 1
259 253 1
431 221 1
381 235 1
270 39 1
523 346 1
353 375 1
207 510 1
309 525 1
254 138 1
368 188 1
270 371 1
2 487 1
498 434 1
19 224 1
388 97 1
172 198 1
83 3 1
80 157 1
591 404 1
522 589 1
111 127 1
477 396 1
336 257 1
124 65 1
99 536 1
591 114 1
311 213 1
36 396 1
114 123 1
115 357 1
523 579 1
23 140 1
504 25 1
239 551 1
588 255 1
581 306 1
321 506 1
522 68 1
487 229 1
103 119 1
78 459 1
400 371 1
138 452 1
374 184 1
600 567 1
142 461 1
384 315 1
570 239 1
247 420 1
530 293 1
326 239 1
491 202 1
375 356 1
488 43 1
292 481 1
558 424 1
472 172 1
481 581 1
192 460 1
397 563 1
428 241 1
424 415 1
257 230 1
95 279 1
428 409 1
32 468 1
66 404 1
182 273 1
14 201 1
153 435 1
119 32 1
254 56 1
143 206 1
146 7 1
228 200 1
572 245 1
576 63 1
39 117 1
488 523 1
583 181 1
219 491 1
176 286 1
210 301 1
138 208 1
268 368 1
447 455 1
220 102 1
385 63 1
152 434 1
52 313 1
412 158 1
509 485 1
422 599 1
598 407 1
424 396 1
517 111 1
157 326 1
208 540 1
71 315 1
3 514 1
262 490 1
204 306 1
132 158 1
538 445 1
127 174 1
350 575 1
509 308 1
515 590 1
292 105 1
343 434 1
130 227 1
202 303 1
235 505 1
515 155 1
50 327 1
374 186 1
444 543 1
519 386 1
372 395 1
409 120 1
569 144 1
42 536 1
201 304 1
69 525 1
196 29 1
405 19 1
397 38 1
241 201 1
284 60 1
171 435 1
79 178 1
445 26 1
66 256 1
168 235 1
500 233 1
468 320 1
528 213 1
447 140 1
47 383 1
327 118 1
254 456 1
587 70 1
417 425 1
293 598 1
239 148 1
46 488 1
404 500 1
196 598 1
437 403 1
24 354 1
51 41 1
153 102 1
11 318 1
98 308 1
362 415 1
329 286 1
341 103 1
43 80 1
491 514 1
467 364 1
91 135 1
511 528 1
171 552 1
328 308 1
367 410 1
133 204 1
519 437 1
176 62 1
353 572 1
351 9 1
129 65 1
559 89 1
167 246 1
136 540 1
118 559 1
291 466 1
38 550 1
525 595 1
310 173 1
478 222 1
171 262 1
367 37 1
392 330 1
326 355 1
474 536 1
449 386 1
63 123 1
155 177 1
470 327 1
119 555 1
438 307 1
195 286 1
568 480 1
262 344 1
512 114 1
385 244 1
193 289 1
163 279 1
362 224 1
10 65 1
178 140 1
206 13 1
77 436 1
534 374 1
511 209 1
224 410 1
30 277 1
440 576 1
148 571 1
574 19 1
12 457 1
81 52 1
216 529 1
144 46 1
594 205 1
8 442 1
209 100 1
359 189 1
462 294 1
579 99 1
540 470 1
296 534 1
458 251 1
296 286 1
220 332 1
501 355 1
135 140 1
192 576 1
35 9 1
212 400 1
45 290 1
61 93 1
573 41 1
35 127 1
552 58 1
338 423 1
145 193 1
187 297 1
483 515 1
498 370 1
91 572 1
93 290 1
337 455 1
296 512 1
266 238 1
440 337 1
444 463 1
566 278 1
400 347 1
594 189 1
362 200 1
475 228 1
413 258 1
516 281 1
95 596 1
289 432 1
90 551 1
52 367 1
168 306 1
439 463 1
64 155 1
111 104 1
444 357 1
341 110 1
452 8 1
425 567 1
265 460 1
33 360 1
312 217 1
490 454 1
346 248 1
437 185 1
549 370 1
454 207 1
11 569 1
135 485 1
3 468 1
87 40 1
298 283 1
187 471 1
77 180 1
68 347 1
95 265 1
142 490 1
498 311 1
278 124 1
577 171 1
339 159 1
8 509 1
91 215 1
129 580 1
218 550 1
569 236 1
116 516 1
469 546 1
28 426 1
277 376 1
388 211 1
196 112 1
6 291 1
129 14 1
586 548 1
193 94 1
59 504 1
237 196 1
109 224 1
354 179 1
70 54 1
48 530 1
412 211 1
276 532 1
247 17 1
244 18 1
277 384 1
516 189 1
506 514 1
343 307 1
145 396 1
398 583 1
320 280 1
162 468 1
53 559 1
111 246 1
329 208 1
55 508 1
443 399 1
70 126 1
67 165 1
530 308 1
201 368 1
555 364 1
130 370 1
555 519 1
265 310 1
206 583 1
546 211 1
598 124 1
412 249 1
441 182 1
16 25 1
496 71 1
113 68 1
157 149 1
27 174 1
336 329 1
4 282 1
114 588 1
81 229 1
477 250 1
302 582 1
110 565 1
483 24 1
393 481 1
381 36 1
207 233 1
579 446 1
83 300 1
203 41 1
454 359 1
264 550 1
416 265 1
328 276 1
229 401 1
252 571 1
67 79 1
435 61 1
466 183 1
57 114 1
30 481 1
392 357 1
591 306 1
594 349 1
8 556 1
100 548 1
221 322 1
442 487 1
321 233 1
491 596 1
513 503 1
278 371 1
204 184 1
76 356 1
120 231 1
600 51 1
34 460 1
564 592 1
433 461 1
448 479 1
494 228 1
450 131 1
279 475 1
366 314 1
117 182 1
591 72 1
519 376 1
524 288 1
342 279 1
113 215 1
500 22 1
264 24 1
224 536 1
548 25 1
512 203 1
75 12 1
267 585 1
275 186 1
266 433 1
19 153 1
424 164 1
231 253 1
265 140 1
596 371 1
156 97 1
155 585 1
5 568 1
393 381 1
491 276 1
156 40 1
93 230 1
140 59 1
276 160 1
351 445 1
405 331 1
274 223 1
580 113 1
587 425 1
311 216 1
236 597 1
372 65 1
354 587 1
413 361 1
294 527 1
4 336 1
455 110 1
181 217 1
471 249 1
26 164 1
487 507 1
490 375 1
332 162 1
355 491 1
438 34 1
271 222 1
416 185 1
139 10 1
173 345 1
479 222 1
274 132 1
580 86 1
461 413 1
75 226 1
115 336 1
524 476 1
221 554 1
206 323 1
323 130 1
109 174 1
138 571 1
192 43 1
410 62 1
141 75 1
366 374 1
263 104 1
195 367 1
146 77 1
407 137 1
31 318 1
576 372 1
58 596 1
219 568 1
232 286 1
486 441 1
149 346 1
240 124 1
447 437 1
559 32 1
322 134 1
286 566 1
339 550 1
57 505 1
595 321 1
352 15 1
316 100 1
313 353 1
85 500 1
566 6 1
487 424 1
194 351 1
132 447 1
433 265 1
136 371 1
443 95 1
125 19 1
598 361 1
156 405 1
401 379 1
310 459 1
302 563 1
131 175 1
327 571 1
110 50 1
387 172 1
148 21 1
297 339 1
155 589 1
211 457 1
225 416 1
428 487 1
44 219 1
5 461 1
449 125 1
226 525 1
529 45 1
230 475 1
348 427 1
134 96 1
556 525 1
78 197 1
38 194 1
54 507 1
276 207 1
57 357 1
175 203 1
595 415 1
305 210 1
343 320 1
236 274 1
595 562 1
195 472 1
494 129 1
280 210 1
399 26 1
399 253 1
73 336 1
249 499 1
248 336 1
5 549 1
235 92 1
56 212 1
468 78 1
554 577 1
521 44 1
320 355 1
41 540 1
5 17 1
152 36 1
134 217 1
374 192 1
275 321 1
563 585 1
130 24 1
493 473 1
438 42 1
368 175 1
530 519 1
161 121 1
81 596 1
560 345 1
570 481 1
349 182 1
525 247 1
308 454 1
319 509 1
356 164 1
52 182 1
307 135 1
510 49 1
22 233 1
87 184 1
19 159 1
10 336 1
63 374 1
205 408 1
393 85 1
225 535 1
165 427 1
227 425 1
191 171 1
240 334 1
576 472 1
583 358 1
348 386 1
49 538 1
330 107 1
275 196 1
224 203 1
10 39 1
483 244 1
372 284 1
238 284 1
412 327 1
40 563 1
14 140 1
380 9 1
522 129 1
255 400 1
209 459 1
281 410 1
382 24 1
544 113 1
130 4 1
395 100 1
395 469 1
476 230 1
515 326 1
565 519 1
519 493 1
478 598 1
305 414 1
199 37 1
89 539 1
337 69 1
222 341 1
160 221 1
294 48 1
161 302 1
315 159 1
415 391 1
368 371 1
409 197 1
423 469 1
346 199 1
172 83 1
187 77 1
537 524 1
319 429 1
347 73 1
316 283 1
316 282 1
36 19 1
362 185 1
506 380 1
454 556 1
600 41 1
269 341 1
392 377 1
116 6 1
559 90 1
151 532 1
326 590 1
220 104 1
32 103 1
35 93 1
94 274 1
297 320 1
43 320 1
372 84 1
549 129 1
449 471 1
340 538 1
147 27 1
67 248 1
586 116 1
286 306 1
111 162 1
590 205 1
457 177 1
478 177 1
592 369 1
94 95 1
359 288 1
184 350 1
31 86 1
324 457 1
358 407 1
564 294 1
366 232 1
451 499 1
60 117 1
494 83 1
292 127 1
347 483 1
584 335 1
15 490 1
73 161 1
432 389 1
270 398 1
242 367 1
303 113 1
453 411 1
145 271 1
446 367 1
353 374 1
595 243 1
73 368 1
244 516 1
427 416 1
48 240 1
212 286 1
206 149 1
249 59 1
100 122 1
599 496 1
46 176 1
258 63 1
195 116 1
575 382 1
230 600 1
299 354 1
234 274 1
528 135 1
92 45 1
443 552 1
407 217 1
42 296 1
128 376 1
272 395 1
121 14 1
294 316 1
568 145 1
139 540 1
122 73 1
312 594 1
147 33 1
531 91 1
494 47 1
141 297 1
581 236 1
347 393 1
149 206 1
4 440 1
533 7 1
287 433 1
325 502 1
152 351 1
50 510 1
536 302 1
392 583 1
29 70 1
503 488 1
72 260 1
587 572 1
542 281 1
241 305 1
364 1 1
305 141 1
548 527 1
511 216 1
97 108 1
202 89 1
354 539 1
497 441 1
513 98 1
154 125 1
49 506 1
577 116 1
466 418 1
597 535 1
116 596 1
367 196 1
407 554 1
541 167 1
231 329 1
342 172 1
106 196 1
315 534 1
75 330 1
381 165 1
269 476 1
416 478 1
464 455 1
337 301 1
240 386 1
434 334 1
371 320 1
558 188 1
323 273 1
160 74 1
317 377 1
568 440 1
308 21 1
392 519 1
498 479 1
480 202 1
567 414 1
26 391 1
422 335 1
307 595 1
86 565 1
156 22 1
258 397 1
364 248 1
587 543 1
204 421 1
306 216 1
71 493 1
377 230 1
426 207 1
288 127 1
295 86 1
519 234 1
312 476 1
136 43 1
395 212 1
583 135 1
472 553 1
461 368 1
171 195 1
210 552 1
289 113 1
255 58 1
562 57 1
520 299 1
129 404 1
218 43 1
541 447 1
40 81 1
2 494 1
240 33 1
509 360 1
297 370 1
240 579 1
245 226 1
485 11 1
13 461 1
351 260 1
1 411 1
233 327 1
50 413 1
56 600 1
437 317 1
229 467 1
545 295 1
580 263 1
84 193 1
399 369 1
73 277 1
91 216 1
383 477 1
313 96 1
246 255 1
539 391 1
378 345 1
39 101 1
288 357 1
336 594 1
376 436 1
313 480 1
388 359 1
385 340 1
33 380 1
293 559 1
400 525 1
443 31 1
57 83 1
292 278 1
458 594 1
119 412 1
488 181 1
247 187 1
569 238 1
594 100 1
230 455 1
161 484 1
472 497 1
391 85 1
292 391 1
415 73 1
287 596 1
277 565 1
77 164 1
490 396 1
99 312 1
408 9 1
224 533 1
135 50 1
63 294 1
95 65 1
372 31 1
485 413 1
189 273 1
80 287 1
483 143 1
198 418 1
525 126 1
127 31 1
414 204 1
223 87 1
297 524 1
226 374 1
444 447 1
47 58 1
30 517 1
527 387 1
593 557 1
130 450 1
100 67 1
23 425 1
568 454 1
36 298 1
38 77 1
39 419 1
63 121 1
597 516 1
286 467 1
429 174 1
377 475 1
247 178 1
481 405 1
197 345 1
591 205 1
481 61 1
445 247 1
325 118 1
17 158 1
8 547 1
38 335 1
479 463 1
429 254 1
425 513 1
578 346 1
284 441 1
324 518 1
169 222 1
12 189 1
198 257 1
557 504 1
527 583 1
171 151 1
495 141 1
438 426 1
185 468 1
177 37 1
21 248 1
347 329 1
590 94 1
450 30 1
127 293 1
481 229 1
253 319 1
13 487 1
450 257 1
258 439 1
401 141 1
201 523 1
202 591 1
471 264 1
291 437 1
101 99 1
5 503 1
395 499 1
12 588 1
371 18 1
336 417 1
119 317 1
359 145 1
208 537 1
340 266 1
307 589 1
150 34 1
366 182 1
91 292 1
250 54 1
314 133 1
369 256 1
109 312 1
411 76 1
346 18 1
309 338 1
514 278 1
565 14 1
523 169 1
525 166 1
195 165 1
288 130 1
101 110 1
31 515 1
197 502 1
572 145 1
465 543 1
513 21 1
135 344 1
438 540 1
486 441 1
402 454 1
245 318 1
210 120 1
25 197 1
469 129 1
243 497 1
337 498 1
251 116 1
321 82 1
414 295 1
42 81 1
46 5 1
272 57 1
233 574 1
478 377 1
218 78 1
580 486 1
13 31 1
298 567 1
586 596 1
248 55 1
532 570 1
70 45 1
501 143 1
544 336 1
556 582 1
208 492 1
294 97 1
497 97 1
162 391 1
157 493 1
129 170 1
34 518 1
73 401 1
23 351 1
307 260 1
389 308 1
448 310 1
196 338 1
209 6 1
285 473 1
183 198 1
99 482 1
143 283 1
599 364 1
71 407 1
404 36 1
264 490 1
85 337 1
408 46 1
455 165 1
208 127 1
497 292 1
518 320 1
457 205 1
32 519 1
393 16 1
403 186 1
21 206 1
44 419 1
532 36 1
150 354 1
501 250 1
475 398 1
579 192 1
338 527 1
337 520 1
261 52 1
20 138 1
548 190 1
318 518 1
329 281 1
420 337 1
317 320 1
446 472 1
454 575 1
176 85 1
20 233 1
458 133 1
433 427 1
579 485 1
25 430 1
461 526 1
179 29 1
463 183 1
334 259 1
135 294 1
152 462 1
282 208 1
212 502 1
385 473 1
277 179 1
22 466 1
362 131 1
406 455 1
59 328 1
513 279 1
283 258 1
531 24 1
490 232 1
345 198 1
344 443 1
335 381 1
439 90 1
350 154 1
203 473 1
23 229 1
511 75 1
35 145 1
70 271 1
368 64 1
21 329 1
489 282 1
234 529 1
597 293 1
165 244 1
367 47 1
299 573 1
139 238 1
164 513 1
396 290 1
285 597 1
88 561 1
322 221 1
597 63 1
258 119 1
458 267 1
200 68 1
148 45 1
538 389 1
537 98 1
364 361 1
508 543 1
472 291 1
583 508 1
40 58 1
495 12 1
502 356 1
357 93 1
464 44 1
514 154 1
378 69 1
532 148 1
302 190 1
303 345 1
487 436 1
34 172 1
61 200 1
518 489 1
385 407 1
375 464 1
485 170 1
202 564 1
302 572 1
242 289 1
472 103 1
445 336 1
252 413 1
316 170 1
276 169 1
584 510 1
39 385 1
214 85 1
455 38 1
237 350 1
459 36 1
173 45 1
429 110 1
214 523 1
429 471 1
402 444 1
158 10 1
103 537 1
179 213 1
418 562 1
251 541 1
266 276 1
259 125 1
290 164 1
44 249 1
317 17 1
115 380 1
426 507 1
383 403 1
337 456 1
179 380 1
455 66 1
344 573 1
138 416 1
290 209 1
521 316 1
596 21 1
508 146 1
203 188 1
310 232 1
260 120 1
433 54 1
255 124 1
64 81 1
348 586 1
371 49 1
150 247 1
286 173 1
185 598 1
8 63 1
221 162 1
346 518 1
484 316 1
486 590 1
357 403 1
599 271 1
172 451 1
183 55 1
128 2 1
185 327 1
84 33 1
598 551 1
434 362 1
8 285 1
272 565 1
191 511 1
292 303 1
418 144 1
428 211 1
480 271 1
244 25 1
520 405 1
595 359 1
25 489 1
292 338 1
90 237 1
527 363 1
389 597 1
235 516 1
594 441 1
292 125 1
274 195 1
497 276 1
597 98 1
38 448 1
103 123 1
569 512 1
396 520 1
201 215 1
167 124 1
178 351 1
537 464 1
254 43 1
30 435 1
149 104 1
315 298 1
230 240 1
453 470 1
278 532 1
101 27 1
172 590 1
373 313 1
131 281 1
599 499 1
272 579 1
253 143 1
518 98 1
541 176 1
538 352 1
545 516 1
141 94 1
391 520 1
36 408 1
89 332 1
38 546 1
115 375 1
504 233 1
60 587 1
468 32 1
241 334 1
109 530 1
288 383 1
509 47 1
241 357 1
388 302 1
185 181 1
379 177 1
396 90 1
142 506 1
14 93 1
190 234 1
460 103 1
238 385 1
302 45 1
15 128 1
368 48 1
141 373 1
96 408 1
555 532 1
130 484 1
136 381 1
37 538 1
521 131 1
477 217 1
330 387 1
119 363 1
41 332 1
592 1 1
397 416 1
318 424 1
235 392 1
322 418 1
244 31 1
388 548 1
500 194 1
2 359 1
369 179 1
372 37 1
320 413 1
177 455 1
265 229 1
575 47 1
422 517 1
478 482 1
278 369 1
3 595 1
3 190 1
10 466 1
159 3 1
4 580 1
367 228 1
379 307 1
553 100 1
501 70 1
545 401 1
80 545 1
357 87 1
562 512 1
106 360 1
84 17 1
550 420 1
348 156 1
196 596 1
528 366 1
291 27 1
216 194 1
7 19 1
156 367 1
373 405 1
9 246 1
448 566 1
323 551 1
87 38 1
155 145 1
389 69 1
441 170 1
231 409 1
456 402 1
339 88 1
572 433 1
159 71 1
326 313 1
428 503 1
46 371 1
50 552 1
4 171 1
374 6 1
421 434 1
519 492 1
475 48 1
160 571 1
324 524 1
421 286 1
315 150 1
70 243 1
47 88 1
61 237 1
436 97 1
270 418 1
205 229 1
444 523 1
318 531 1
142 304 1
189 327 1
476 169 1
204 545 1
319 505 1
554 99 1
239 589 1
104 541 1
95 10 1
98 176 1
55 399 1
241 52 1
556 565 1
185 168 1
509 162 1
535 488 1
124 459 1
129 249 1
94 4 1
285 374 1
517 594 1
177 546 1
536 521 1
538 293 1
271 400 1
565 245 1
386 226 1
84 250 1
318 500 1
220 530 1
431 82 1
590 418 1
49 537 1
413 408 1
236 485 1
232 544 1
264 37 1
281 453 1
223 533 1
190 72 1
405 537 1
406 79 1
370 106 1
160 552 1
371 375 1
526 465 1
250 25 1
82 600 1
218 471 1
484 309 1
554 184 1
183 296 1
222 371 1
578 480 1
520 283 1
480 243 1
244 18 1
326 68 1
568 269 1
271 228 1
109 318 1
15 163 1
293 198 1
256 93 1
193 472 1
575 52 1
109 65 1
267 310 1
44 27 1
459 1 1
497 187 1
380 378 1
198 501 1
44 141 1
101 226 1
256 299 1
468 121 1
443 525 1
293 80 1
321 84 1
362 498 1
164 600 1
564 457 1
423 112 1
180 62 1
142 276 1
328 187 1
283 419 1
388 222 1
119 124 1
530 528 1
399 352 1
312 1 1
129 131 1
75 368 1
236 165 1
561 38 1
124 477 1
236 46 1
277 223 1
557 361 1
112 452 1
41 267 1
380 166 1
9 52 1
399 173 1
363 96 1
292 445 1
376 587 1
352 100 1
560 312 1
236 552 1
127 14 1
16 20 1
30 568 1
106 419 1
274 385 1
508 333 1
55 147 1
285 73 1
64 172 1
423 421 1
451 367 1
271 422 1
415 505 1
373 363 1
170 9 1
74 332 1
399 137 1
37 260 1
395 364 1
283 372 1
475 465 1
355 214 1
565 79 1
117 10 1
14 359 1
513 556 1
429 362 1
305 300 1
331 96 1
122 177 1
398 141 1
3 479 1
435 145 1
195 442 1
185 7 1
320 243 1
597 123 1
84 102 1
31 121 1
321 519 1
468 180 1
341 220 1
109 531 1
164 576 1
251 260 1
290 305 1
93 18 1
110 528 1
381 3 1
590 566 1
412 183 1
28 557 1
350 320 1
325 100 1
177 559 1
44 66 1
303 543 1
232 266 1
68 7 1
526 474 1
417 213 1
80 316 1
571 543 1
177 150 1
67 271 1
486 488 1
88 189 1
570 75 1
72 519 1
232 562 1
433 566 1
351 28 1
587 493 1
58 245 1
70 117 1
302 543 1
203 429 1
9 413 1
129 359 1
181 32 1
325 215 1
516 513 1
134 286 1
574 570 1
505 134 1
356 557 1
472 218 1
539 540 1
346 215 1
36 487 1
89 500 1
563 555 1
43 333 1
44 171 1
420 216 1
209 223 1
28 329 1
191 349 1
569 83 1
567 173 1
138 209 1
545 54 1
227 321 1
502 40 1
378 347 1
