1000
7 -932841180
3 -432246989
10 -403305655
2 -201382176
10 289160647
1 496724854
-2 -266860069
-8 -516746537
-5 211250596
5 742306383
-9 -639144073
1 -654566027
3 -754673960
-3 679049753
-6 -393212730
-6 256409399
3 -409665689
10 -947534742
3 236483433
-3 -485206134
-4 -609727885
-10 606294652
-2 -691766646
-2 -509439685
1 72048375
1 -877346014
-7 -466535038
-1 671224683
-9 -984109837
9 625580600
-5 -80465210
4 590917887
8 51865046
-3 395421975
1 -288561962
4 512410991
-5 -784732129
-4 427800881
9 595675585
9 309217475
-5 -630608194
9 -522265901
5 -682543350
10 396434023
0 412510763
6 668912473
4 975677791
-6 -693463893
-3 388559302
-10 -205456256
5 771392311
2 -574706529
-8 345046561
9 -956879639
7 198070624
10 887127234
-7 708325219
7 -500643485
-2 -628147334
10 -836926497
2 181737932
6 155475218
9 265002913
-5 201492099
3 213729755
6 244461146
4 -130689179
10 -616197020
-2 310780826
9 245086233
-7 399946941
5 -645308116
5 606789107
-4 461150077
-7 489948460
4 -106480123
5 584468893
-2 897409163
7 -178198996
2 69803305
3 -70654677
-7 601811785
0 601273408
8 179474484
1 -768110231
10 -123973565
4 57448788
-5 -482447080
8 -304703707
0 538359664
-8 395699343
7 397459117
9 53572862
7 -459754620
5 581406452
-9 265242385
4 -524825433
1 251949115
-7 381325141
0 280542225
-5 -438811854
7 410959980
9 -421093493
7 -524094461
4 -435057216
3 -634087551
-10 -532585890
-3 562394011
7 -317179357
9 -82476791
5 694482503
-10 -39019589
-9 -879968513
-2 8965943
-8 -296705923
6 -750693556
6 760140696
-7 -796428101
-5 760948261
-10 859552413
5 -329585441
-4 -307985508
1 623300488
-8 -676117708
9 600733675
-3 624278442
-10 -90500653
-8 -503598364
8 -45216062
-8 -912988428
-10 929037260
0 966871458
1 -479450124
8 187760164
2 294082229
9 896115910
-9 -385997417
-5 -241950104
-7 915465009
-7 -798813049
-1 -360465555
0 -336624383
10 -411200376
2 -483457669
5 -959914746
-8 -216835737
-9 -845211307
-2 -374148680
-7 -23834790
2 -326837531
-7 49559781
-8 300949154
6 -936794764
5 388181564
-8 -211757998
-7 -580105650
-9 70435962
4 74126237
-1 -649687627
4 773061154
-2 991946198
-7 231597342
0 88564716
-6 977642496
-2 -843730668
-2 -491505580
6 -595063141
-8 486385116
-4 916392689
9 957482865
-1 905642228
6 398939553
2 640421117
6 922213329
6 108006847
-8 -853122212
1 -293644032
0 817423112
6 -623247193
6 -374796939
1 403095261
4 -455172828
-6 364113167
2 -409169188
-5 863923496
-6 -711375982
-1 -864301278
3 639775680
6 835948209
2 -455817002
-3 10275844
10 894636870
0 -236717098
-9 865936271
10 -413025957
-1 639704758
-5 -510240876
9 -228563585
2 356027942
5 -849889039
1 -626211840
-3 -979571859
-6 -4660791
9 -426710769
1 -209963451
-8 320217956
-1 734670782
5 906649104
7 511185470
-2 -201227609
1 -160719769
5 -161283444
-4 -10644264
-9 -835242886
-9 612384571
2 -755087184
7 225236535
3 285856147
-2 -389353083
3 886524049
-2 -619301551
-5 315649287
-5 554428346
2 -215322514
2 -143309925
-8 -737440342
-2 -595110297
-2 803281092
7 903155934
-10 670302079
-6 -929746991
0 -24188712
3 831625146
2 -640919274
8 877957173
1 -43721299
1 227184194
5 835028489
-3 -838378383
1 -953701156
10 848326838
-1 667350300
-2 980898628
-4 -613857175
4 -673628476
2 476277742
5 -689613927
-5 471530634
9 987791477
-8 247716049
-3 -601820535
-1 871222114
4 -842206590
1 629185527
-6 -232435576
3 283910473
6 -138322835
7 -532347700
-6 -187521758
-6 -940476811
4 562683854
-3 -648011438
-1 669033941
4 402801885
9 -933388305
9 -97662863
2 -527379499
10 -841243822
-7 519087134
5 -832621230
1 -171135855
-7 790348554
8 713076027
-1 -333016872
7 69639096
5 953315255
9 -198799779
-6 958734674
-9 -32951640
7 -254167341
1 254256610
9 -35809572
10 896269399
6 126486979
-3 408699982
-2 -197883422
6 -265491870
-1 575307490
6 893384508
-5 -867220841
-4 -976992136
2 661549260
9 325096427
-1 -179612663
-10 -196731592
10 -215953744
-2 -780116222
0 253534369
8 -125745953
-9 -498521523
-6 -258689215
9 969996027
-9 131492128
-6 710586666
-2 -448001671
2 768700236
-6 700963245
1 24452290
0 -571589554
0 389494718
-3 -137632191
0 654400431
5 -456192169
3 659937290
0 894493002
2 270948515
-9 -221875869
-3 95738185
-2 336489649
-3 90374790
-10 797093541
9 396939096
-7 52367577
-2 550787153
-9 73582702
-6 337212944
-7 11922160
-5 258416678
10 -137819296
1 903050703
10 451237464
-2 -921415649
-8 576967667
-8 -934843729
4 -341772132
9 839868917
7 -255442266
-5 -215465541
6 -151505384
-3 -851813814
-2 -381260469
-5 -970674346
4 177656252
-7 -833464726
-1 792533009
-8 237931753
0 674785028
-9 692151840
10 -249732209
3 576538202
3 -129324469
-2 255276320
3 -159229673
-3 -881132441
-4 767944898
9 290905593
-4 -502231961
6 -528967657
10 143841919
-8 825813941
-6 -111055944
0 -255767427
-10 -228754157
5 -728029076
0 85375099
-7 586125556
6 820745110
-8 -507194824
-1 208203155
0 -889758948
-10 554708495
0 -10003482
10 -577412316
1 552923312
-2 673337226
-10 130483284
3 337538638
-3 -159537913
-10 614974493
-1 517618780
-10 -994129296
-3 -925635502
9 -135801156
-5 410017677
3 161115122
-7 413795960
0 835602285
1 528459381
4 424665560
-1 -32024464
8 -474864631
10 -717350978
1 -260424819
7 -211527320
-8 368356974
6 -908113830
5 -2573134
-5 679344517
4 598090059
-2 -646530530
-9 139385299
-6 416139133
10 -337540632
10 418369760
2 -881193488
3 947263012
-7 162636366
-8 -995188845
-5 -904327049
-8 -393404060
6 -543484489
-7 229575142
9 -899993333
-3 -316395455
-6 -844367679
0 -421194113
-6 -774090343
-8 563146232
8 31346519
-6 416404377
6 770607178
8 136266589
-7 134490106
10 -202413590
-5 752623309
8 -92071070
0 561732811
4 -676675241
-5 -94340567
-2 825738796
-9 -493959233
-1 -922766310
-10 -447981884
-9 -441643320
-9 440899678
0 -736184056
-2 944372761
2 -220517960
10 -476671105
-3 11190540
9 706669235
1 555784502
4 -479659379
-4 216457359
10 -613626271
-4 556231424
1 -380292500
0 865923548
-1 447042331
10 295306867
6 977390963
7 -567069391
3 804019829
4 -976755337
10 363892373
3 873116169
5 -460874890
2 -600075356
-8 -606893487
-10 211914893
-4 45803201
5 -520317024
3 165063136
-7 688192183
-2 -313601850
-1 961811131
1 -542107492
-10 559110305
-4 -240708991
-3 518190070
6 427413373
6 -481070928
-5 -330519175
-9 -144255016
-1 -342758621
-3 348655820
8 797295000
-4 -995738886
8 -622917174
10 263218827
1 347888196
-8 -818492946
-1 325833267
9 -747827106
0 -208953906
7 -300455794
0 691468705
6 817542253
-4 660400941
-8 959863739
3 59635172
-5 183951019
4 -177649595
-2 43466205
4 26580505
5 270003188
5 675657660
7 -946786253
2 910963045
-1 -139396314
-4 252957605
0 -46420028
0 148753329
-4 -778008598
-9 882596291
0 693171231
-6 77892946
-5 -740709110
-9 -732918010
4 190593940
-1 -622125714
6 456045029
-9 459958330
-6 -516158928
-7 -819531729
3 -12143361
3 157969589
6 63180785
-6 622073845
2 990178756
3 858655452
0 -910001576
9 -124376480
-9 -256805161
8 525335304
-1 776986754
7 41280504
-6 799469235
7 -865446856
-4 -4150390
-9 948760621
-2 297251903
-4 -122059740
0 414983227
3 292751015
-6 -667682070
-6 -151450352
-6 928995381
0 969283442
-9 613645835
9 870223329
8 409790596
8 -915290463
-6 502758912
-2 -897099359
-3 907779902
8 -189835968
-2 -205171728
-5 428398716
7 -825941658
1 810732186
-6 41591549
6 -855160756
10 112878777
-10 489927701
-4 -493292177
5 -43747073
-7 -216439246
-3 169935673
3 707533180
-7 -47640295
5 221382390
4 501083315
5 545081356
-5 -112184077
-3 -714753644
10 385135924
4 346780426
-4 -534735719
9 80792432
-4 825665388
8 -73550519
7 -369423159
-1 38301095
-8 187654377
3 820529427
2 -423883468
6 -664902501
5 -885386731
-8 315256457
-1 656422678
2 -415230998
5 -897973912
4 529875993
-9 -137726141
8 -240010389
0 269087502
-10 -575739657
-1 -504911776
-9 60501991
-3 -693856772
10 625401320
2 974071448
9 -78455453
8 627980832
3 454809853
2 79738083
-7 -55848453
1 -461582085
-2 470697000
-7 425179612
-4 992789185
-8 -280309293
-6 795729360
-4 967419122
-8 659608298
6 283862709
-9 326778960
-3 736206299
2 769145140
3 747774810
7 -844424994
5 965072935
-1 -671744470
-7 -753123930
9 -388501625
5 431072799
4 374861899
-10 -344384649
1 493409784
10 518724796
5 767004371
3 -622919733
-6 752776702
-3 984508144
6 850672728
-4 -523779670
2 -808262585
-4 -987856175
10 80237670
-6 757051557
5 26599813
-6 765055674
2 101892982
8 -535163889
-8 809102095
10 567858227
-7 -782987741
0 579609459
-8 -140705856
-2 789863500
-2 719382450
3 -444015800
0 -450316504
0 -171198687
-2 -480658239
4 -558997733
0 -805919732
6 113395057
4 566480703
-8 -11165200
7 208802631
-6 -778519906
10 660550462
8 24704182
-6 255283711
-7 -945986052
-6 559560890
-6 -679774826
-8 490431912
-5 -918727632
7 -684983052
3 221464677
-10 -726931813
3 378647454
-4 -409523925
5 -332315029
8 -494654523
10 179728040
-1 -190222881
-2 471140139
-2 293430432
-3 -128679646
1 214826975
9 48239947
9 563609120
-3 -723560217
3 -43433684
-3 348015030
-4 -332225644
-8 451555739
4 -981371102
-10 -420454660
-7 -130959107
-2 -703694170
-2 158834397
0 512194698
-7 -248796332
1 308665544
6 865898188
9 -555719688
10 -702902845
10 249288376
9 331522640
6 912426663
9 -606058500
-3 731631365
-3 913645598
-4 201617722
-4 -292948011
6 176140123
-1 -270733102
-8 935438755
-6 -423605828
9 846585223
5 -185900413
-10 105044754
9 531915222
1 -340141852
-5 -803000938
1 -605213411
-4 -84690162
-4 227896041
6 292422571
2 -137041603
-4 -220509765
7 700041499
-1 -646788559
3 340079939
9 54193768
2 426648758
-3 136595436
2 642009779
4 599749140
1 96563824
-6 988109442
10 767085338
10 -710488527
-3 389026871
-4 -153580799
7 -896538777
9 -747995367
-4 541140804
0 561402787
-6 -581061786
5 -717846580
8 879544896
7 -854411984
9 -476744509
-7 -60244967
4 626727588
0 -506423490
-5 -177817510
-10 735507409
-1 372775734
8 522107058
-2 296897143
3 -452196716
6 269843736
3 -224346396
-5 -62770483
0 299981048
-6 627319830
-8 416332798
4 -796112482
9 634428332
0 -923484719
-10 869960150
1 -811762850
-8 76151315
-9 -871154750
9 627020012
-3 -466641252
10 66442958
-4 740573438
-1 287570005
7 923831550
9 964923978
4 981769165
0 -123042128
9 -440500745
-5 911157701
5 -801107080
-5 805147216
-6 785816802
2 -747953041
-8 849879416
3 -678652650
-8 128903746
-6 -236582044
-5 -714115557
-6 -459809121
0 418169103
8 588730486
-10 -62614206
-4 309613511
-5 -521614936
8 -193762649
3 -663860892
6 864828974
-1 263584660
-9 817691556
1 542221232
10 465995180
-6 877378914
-9 -64577176
6 -958313260
2 -202859499
-6 -568564748
8 701186655
-2 573658508
7 -550067369
-3 936966251
2 334171814
10 -230627188
-3 -357054274
-8 983824585
4 -483148267
6 822046059
-4 911775779
-5 -232274791
-6 441904941
5 817049511
7 -364969612
6 -523674364
-4 -108664599
2 -179772606
2 83221187
-8 757277798
-3 -555046536
5 201044963
-7 443817572
7 263663613
0 331359604
10 523401109
-1 62142741
1 657058608
9 720371826
10 -141166485
-5 -522036445
-8 272124671
-8 97878948
4 859334090
0 409543011
-6 -497626472
-4 -355881266
4 961878919
-10 698213410
9 861372103
3 -121678361
10 -81000152
2 149335133
-4 -204939149
10 221690608
3 975776099
-10 -138557784
1 -971902493
-7 999646406
-3 853695319
10 447922698
-7 569466165
2 -424611635
2 -735132093
-6 455971493
4 167410839
6 -299697551
9 868020656
-7 173300343
6 -319514743
-8 -554751143
-3 535021899
-6 -31425884
-9 -182122468
8 -206122085
-2 989063149
-1 942740059
-6 -853148978
9 91475067
9 -806485989
8 -813804908
-8 8233057
-1 278406997
-4 -352180039
4 482446567
3 68171247
-10 704649489
-10 -196641111
1 931262103
-7 863009966
3 293427016
-9 561988519
1 -390952032
-6 -307276830
7 823678573
1 645959400
-4 -423968179
9 339960498
3 -202547511
-3 132624263
7 825961698
1 814358688
0 595471591
3 -826206323
8 -865487863
-8 -608183137
4 523473525
1 -812344959
8 -994910880
-9 175876946
-9 -606269841
-10 -83284299
-7 -51403643
-10 796050440
10 492850183
-9 929851585
10 -86418339
-10 63723228
0 -298699479
0 356261299
-6 519324952
5 41291354
-2 -194319281
9 774246487
3 673707234
-6 692155826
3 -285640827
9 164256685
3 -939952319
-9 212294050
-6 -470826675
-7 416216190
-9 926599695
9 864342771
10 -452483325
4 -2183439
-5 -971959076
-2 163309919
7 523585912
3 -386019614
-6 -498804974
9 -933407630
-5 147557959
2 -289477744
-1 326147880
9 -541740761
-3 400618537
10 -401367016
0 140703665
8 -800748060
-6 -78351513
5 914029864
0 135725895
-9 -862632735
1 -767303618
4 -566258667
2 179611470
8 -338777981
5 -794427238
-9 547646727
3 706948300
7 -334380359
5 551888322
7 462869501
5 -943737158
3 -782718112
4 -95022561
10 -164531858
7 -215051856
8 -747872446
-2 344659543
-10 986889805
2 385608946
-10 542769325
-9 -611737378
5 -542558013
-4 871829819
4 -862586289
5 -349490862
3 -611043242
-8 -738997509
-10 -887765212
3 -230219538
-6 -268345789
-10 -941798922
-5 904763239
-3 728644694
-9 656548180
-2 -935416595
2 57012980
9 177355478
4 -878894431
-10 -68190979
7 885936646
-9 53783487
5 965036677
-10 22081919
-3 -83830970
1 -630725502
9 234787944
-8 -439972509
5 237714414
-4 844410906
1 238773497
-7 -134363482
-6 -424784829
-1 -61270238
6 739479035
9 -888257805
8 -652465337
2 902940886
