1000
582 414
-619 157
10 952
-685 849
-322 443
561 -10
11 -900
95 -782
765 237
576 -825
568 348
-707 870
-684 183
977 104
-150 825
720 828
-24 -868
-652 757
297 -231
-213 -123
318 366
816 209
820 625
190 626
-795 -214
-475 177
-687 -906
995 -145
-286 -104
-257 929
-939 -882
-903 702
-914 -440
-225 425
-247 54
-782 -954
-633 357
-313 853
222 179
671 -655
-430 -125
-331 62
-114 -180
-755 -435
-286 -563
-854 149
-524 67
860 -215
624 -407
447 338
673 -709
-150 -565
269 931
851 618
244 595
45 -500
-582 154
61 -439
587 -529
-319 -388
-286 -287
986 841
315 -438
763 250
574 -732
301 330
-673 693
-493 -909
-728 328
126 995
278 -517
27 -11
-388 512
11 434
829 803
126 386
606 55
-828 823
-676 -688
319 96
933 168
-607 -163
-217 928
-975 783
-810 746
-49 -96
-521 -874
-851 184
-163 836
-309 754
-363 135
405 273
11 -938
716 -400
-942 491
814 4
787 702
73 781
265 -637
-965 258
-6 -621
215 21
678 376
606 157
632 -859
-306 -231
-944 -480
683 -154
166 845
108 957
-3 -647
832 929
-639 -212
989 -556
-42 688
-856 111
494 353
645 507
-534 303
-292 509
-381 329
146 155
694 390
222 -367
26 -809
-939 -332
-939 -517
153 687
292 -480
120 976
-523 -100
200 770
-382 -300
850 -404
-794 -60
292 864
-590 197
-711 437
-853 -616
761 -273
959 -702
451 235
-674 393
772 -315
81 -583
-447 867
76 -430
-96 694
415 514
-376 -177
641 975
993 -939
-304 -957
-266 -623
156 717
509 -155
190 -250
635 -708
142 712
-890 110
-486 238
-650 -1
-653 -910
365 670
513 -89
-215 -928
597 773
437 -878
-240 998
-978 -779
-425 287
406 685
471 676
-604 793
108 411
-201 906
-199 486
653 497
-512 237
492 -51
993 364
-90 138
-771 68
256 -328
-170 -608
-853 -583
631 -411
-702 -931
-387 -820
-30 210
-371 913
-584 417
-830 -689
605 -717
-262 -280
891 395
-817 0
309 931
-407 -903
693 784
809 792
971 229
-881 -744
153 -275
-191 -672
542 -682
6 -278
188 -283
-463 923
987 380
-329 -230
83 -664
89 336
372 525
878 -332
37 -455
-982 -702
910 538
-143 -399
386 -579
-968 843
-306 358
510 -711
-595 -544
-225 -98
-871 298
407 115
-996 -325
765 848
-800 -431
-447 -381
705 339
-302 -755
-997 922
64 844
-971 99
-43 919
-871 -180
-159 723
-459 -897
-14 -209
-95 205
-964 690
216 571
-864 -366
-614 926
-403 -519
323 69
118 -161
557 880
295 794
-699 -389
-567 718
331 -40
107 -102
-156 142
374 566
-719 -149
904 51
150 -801
83 51
-960 -827
218 -622
-433 -417
-518 329
76 727
743 -901
443 840
524 541
247 -583
-603 -864
-576 105
-84 187
574 -956
544 -466
695 -76
856 340
-848 -912
125 979
-113 85
959 -96
638 -386
-438 943
242 -244
302 134
-941 -945
616 -680
886 -622
-493 -497
-309 170
926 234
-523 -91
341 176
44 -272
-399 235
-338 -519
-473 -350
-415 -408
-921 662
870 -982
-660 658
163 -56
394 473
103 182
215 -580
595 -907
-263 492
-455 -178
254 828
-506 444
-35 759
92 -213
998 627
-637 587
-895 142
-6 -62
862 418
-362 27
402 885
929 -757
-324 -652
397 539
459 -83
-187 419
-336 -982
349 616
-617 -143
701 -735
-418 -535
-734 679
-395 -49
473 943
805 -231
-167 -531
-902 884
-152 -483
547 -936
266 -757
657 731
928 -344
-908 530
502 335
473 937
393 399
-968 -499
305 656
-186 503
-385 179
-996 374
582 900
-417 149
-743 997
-321 921
-149 219
-67 -661
-104 -950
-340 -495
16 -464
881 -24
967 315
-227 -844
-501 399
-253 -551
425 482
239 -170
-906 -764
-399 -848
-740 79
914 -838
721 19
184 -979
402 924
-532 806
767 221
424 -282
617 804
420 870
586 441
-580 585
-285 522
-814 956
-964 -48
-14 499
-35 -664
858 -823
-627 98
-702 -74
-336 -502
-342 473
-640 814
512 -396
859 -841
-812 884
590 570
740 10
340 -808
308 380
689 781
716 -330
993 187
-973 889
757 -942
275 442
-718 -635
-219 447
212 59
-626 957
-527 386
788 450
328 673
990 847
-863 173
-537 483
399 -693
419 724
-156 415
-639 880
-442 -396
180 523
302 478
815 757
-479 419
-747 -662
-493 -861
224 -405
-71 -443
-750 499
606 459
239 793
-633 377
287 930
-587 3
-337 -923
-847 -470
-647 -273
853 299
-956 458
-148 336
-468 858
303 654
691 -928
-72 201
-15 -86
-615 -928
292 -74
-621 -71
-608 -219
350 339
740 168
3 171
302 326
-873 928
-902 -560
-78 841
-412 515
-911 197
908 403
-871 -701
-190 -982
-290 -613
950 270
-82 -29
337 -327
-916 219
-632 314
-395 -75
942 -463
141 756
-491 197
911 -285
-576 519
-71 -455
-395 -624
297 -344
-64 506
-216 629
78 -320
942 505
-596 988
-686 -106
-602 -161
285 788
-494 596
-949 803
214 -245
-245 -257
597 -916
-24 327
90 -556
-273 -125
177 -662
-257 -179
341 -5
242 3
89 -773
-710 -321
915 -933
967 -560
-601 458
116 58
246 499
-701 -536
-363 -232
60 -142
-678 -251
311 -299
129 -523
916 436
-914 777
-561 -320
-165 -717
-633 478
909 422
113 180
-295 415
375 -239
-519 -554
-247 803
-763 -862
-370 -345
320 -645
-893 528
675 -116
55 -649
352 -359
630 -47
737 493
613 -419
967 -305
-591 -602
-49 -573
-826 -982
69 -736
542 702
685 -357
327 41
-646 465
-730 -938
-18 -145
646 926
-22 451
-651 694
-641 -275
-949 223
-978 66
-196 -251
-69 -56
149 429
-151 605
551 248
-587 -883
-153 202
660 -607
875 -957
745 -512
-180 674
44 -539
830 174
-597 804
-410 -761
-994 901
261 -441
-996 406
-600 244
-454 365
-221 -359
583 572
128 -846
-150 -416
-149 -927
-660 -649
-597 -824
107 -607
-363 -931
-340 -490
-319 587
-540 991
-607 608
240 619
-464 984
-564 866
425 271
669 -711
114 260
646 792
-23 972
918 -740
342 716
719 828
-881 194
-350 -522
-634 -717
-886 614
74 -714
178 -318
-344 61
543 814
-776 656
683 851
951 -313
-189 -664
137 -674
-679 -536
364 -787
123 255
-974 -688
-884 659
317 -610
510 -837
69 -7
105 70
-388 483
-111 -707
-679 -963
730 -94
702 -914
998 -11
-561 -125
450 -58
950 -946
-780 330
94 -586
-508 251
73 356
-932 895
-587 -505
-117 -921
-501 284
794 360
652 50
408 -839
66 795
994 189
184 -134
-767 310
426 -90
-721 509
-128 20
122 651
332 -550
-814 25
-787 785
-819 875
142 621
-136 -843
-936 965
191 -849
-791 428
527 621
737 650
546 835
-906 471
472 -674
127 683
-546 86
-474 122
-693 223
-802 655
-336 713
627 -119
776 253
922 -86
-700 -672
150 961
-708 -779
-425 220
984 782
508 559
453 -484
803 -424
-390 359
325 -371
-728 284
749 701
201 -743
-383 394
548 -954
-906 -141
200 -959
975 231
-902 548
127 819
316 -419
-241 776
169 325
336 -537
203 491
599 594
-744 555
-225 546
862 -818
-48 351
497 126
-155 912
-431 -414
-177 -755
203 589
443 69
872 522
518 607
-884 -710
-463 441
-465 -491
647 140
-316 -257
-27 -116
-512 903
-17 82
201 -253
138 774
-64 904
-792 -864
454 -871
-152 943
709 -565
-991 -503
-805 -810
628 796
-668 257
723 -252
106 468
-520 -612
616 -553
145 -726
-753 -195
863 299
-263 -100
96 -63
801 -130
585 779
-241 -931
252 -764
-682 447
43 -574
530 311
-773 278
-343 -544
-128 -772
-977 229
-760 12
-921 390
-761 618
359 401
957 -246
-474 797
-499 -120
61 848
602 83
-442 232
-947 70
953 -712
-399 852
-108 562
140 -118
-109 852
-871 450
711 213
-502 -259
-962 626
-162 -625
-574 -647
675 488
894 -296
-338 7
125 765
173 -148
-218 927
260 -763
510 721
939 -474
-316 -597
251 416
-328 -401
-972 200
-867 -165
196 11
797 -616
-153 854
521 194
798 337
714 357
199 26
-232 -193
-208 677
-598 313
51 166
-480 -774
884 -86
525 239
-311 -324
202 564
777 -819
519 318
256 -500
-507 775
319 -199
636 -60
834 -481
-336 -761
-212 -934
-746 -951
97 238
953 -925
-779 605
854 -549
-320 -923
616 95
-613 253
-528 -129
900 700
45 -393
-239 -420
-254 -422
783 205
380 -360
410 691
-115 713
406 348
-287 -718
96 -55
-125 967
655 363
130 609
344 -918
436 377
448 -268
522 141
-189 966
-678 -15
582 -166
105 970
-486 -669
237 927
709 156
-744 433
-790 360
465 -136
-622 516
-350 -398
822 938
-665 -262
-102 727
468 950
-658 662
-818 775
860 701
581 -581
435 275
971 350
912 310
-898 -92
215 -372
253 743
-80 -895
525 654
-668 -385
53 829
-206 -418
605 615
800 288
450 960
-708 -908
-299 -792
-591 926
218 -983
538 -828
-450 -113
-74 162
-955 993
-736 -356
655 -520
-857 471
-20 75
-390 906
-449 -33
965 763
-100 -245
-601 -119
842 341
338 -369
-926 11
-574 18
350 782
207 -216
-807 -556
338 -995
-971 -873
-2 81
513 924
806 -741
252 -591
-574 285
-507 428
-193 -425
957 477
937 55
454 -555
-1 -447
-3 799
-890 572
-506 -205
-888 137
473 526
767 97
-590 191
148 459
626 -995
-937 565
-777 81
264 953
513 -499
-445 -605
781 719
726 -539
-590 -185
539 -363
170 331
-338 -403
-224 170
-56 -468
281 -774
-183 -818
-903 389
669 -395
-233 640
937 -624
-789 195
255 581
-733 -374
207 775
236 787
922 748
-402 -321
-735 48
809 960
581 -369
397 -507
50 -669
-328 426
-77 744
592 376
277 -251
498 674
45 618
-421 386
-482 643
-33 -15
-479 264
-386 -721
211 -99
142 -300
798 -232
-531 589
613 427
706 -303
-458 361
446 -29
365 -560
487 771
933 -788
-104 441
-165 453
-682 -962
-936 -884
-428 580
-420 -602
36 -101
-639 -320
92 27
-702 -340
4 606
-740 -147
93 -274
155 -494
248 -92
-264 -650
-620 -836
-371 -101
-970 -703
503 -330
-473 209
946 252
-698 519
859 169
-139 -849
-341 226
488 1000
-547 -900
610 697
251 977
927 948
975 388
-23 -307
-186 343
-993 -841
-349 -92
-926 207
543 5
-619 -777
-535 -685
