1000
-996 307
-619 993
477 133
-197 1
823 982
18 743
649 485
-528 620
-540 959
276 590
325 462
-557 758
853 175
-366 815
823 483
-634 281
869 814
416 821
952 640
402 841
-568 814
-171 169
200 777
513 751
-643 493
481 109
-882 907
-531 161
-1 905
-457 367
-510 934
-154 554
-884 709
-196 756
1000 48
-223 726
644 605
-315 698
-77 116
592 398
-656 990
-908 533
-189 631
-264 855
547 766
-887 585
-468 23
-986 180
-952 195
-878 633
-685 81
-493 390
-203 50
432 516
-120 528
253 913
-136 434
771 245
-951 48
-572 122
939 513
-393 512
217 73
-447 998
648 787
-130 349
893 255
-555 51
-463 954
154 745
-666 942
-100 402
-483 992
814 779
-742 666
245 60
478 520
767 88
737 165
-346 397
-169 718
62 236
757 506
-269 56
-451 831
917 189
-970 220
121 204
336 123
-808 805
256 632
125 588
-995 71
592 614
638 453
157 66
13 768
-239 679
149 31
573 837
67 743
770 919
745 325
915 200
986 603
-271 44
-347 923
-153 670
-667 999
-525 85
98 64
-819 547
-257 964
-200 925
-430 337
679 738
34 71
-83 389
437 974
-743 457
814 970
60 235
-306 47
533 641
563 278
-736 21
-979 148
-445 61
491 351
-79 491
638 998
60 758
176 913
-670 514
-75 865
-646 419
578 771
13 750
-405 86
234 20
-433 311
-389 365
174 627
929 894
271 466
147 700
643 402
942 720
-534 792
-952 771
581 922
-132 900
-241 637
475 530
168 27
-372 253
61 363
-457 385
538 571
-953 745
-262 749
-254 870
-134 80
737 311
20 98
-628 854
933 164
543 138
406 867
-211 917
376 197
-879 452
-486 488
265 716
-304 385
320 986
462 646
28 39
260 2
405 932
857 133
-514 27
-706 595
-396 246
337 871
-376 287
-212 983
740 575
-150 336
-239 96
-761 731
-632 510
531 334
973 621
283 714
-999 445
-469 523
716 11
872 553
-168 668
83 460
-368 64
-463 426
-227 156
912 443
-743 513
-90 10
-315 830
77 275
646 801
-605 465
277 72
-953 614
80 686
-850 925
-22 35
-700 777
704 901
323 207
955 608
-619 548
-385 788
491 658
244 495
-631 876
119 356
898 48
327 719
-187 641
531 298
-70 514
922 396
-760 597
269 727
540 979
752 764
332 387
140 755
948 745
-648 869
-527 25
586 993
-531 794
306 404
108 920
410 920
-235 584
640 702
-576 91
928 104
971 828
-638 162
-665 902
-798 971
-384 131
-757 499
659 478
1 900
-88 525
-770 943
704 78
-471 680
5 459
-644 352
309 174
-308 99
283 307
-206 647
-527 831
16 589
270 365
-371 550
590 110
536 648
-950 38
450 25
945 920
15 146
-719 264
-804 660
172 607
992 975
364 411
-71 300
-81 53
-952 931
310 2
37 0
867 188
442 821
-841 3
619 82
-464 335
-255 0
-775 483
584 609
249 14
-501 297
295 461
321 880
571 536
711 332
-323 993
-677 36
883 97
-245 600
-644 451
-156 231
-997 419
-49 627
-936 198
-40 392
571 403
214 259
303 266
554 584
-433 528
-145 133
-630 669
805 667
-893 795
-172 697
865 505
426 750
-507 485
-608 207
534 631
892 19
-542 291
-588 635
926 50
-490 495
686 812
769 495
198 874
-242 663
-3 803
-585 781
-701 280
-54 556
189 801
-692 751
-561 951
121 781
215 630
-442 521
112 49
-443 721
-288 607
-873 738
-807 114
522 392
887 441
441 843
732 645
-309 288
35 19
-663 252
-94 827
599 487
-171 644
741 888
114 159
-201 487
-913 502
-691 388
-722 599
-111 159
319 234
-312 341
591 853
882 193
628 348
938 59
-651 746
380 571
-691 269
616 706
-511 963
-114 95
16 508
794 370
-646 537
-164 526
588 560
794 168
684 997
459 798
-353 565
-823 18
-492 331
-977 765
871 241
-36 953
593 368
808 715
-448 73
-681 189
440 529
648 700
-792 314
289 155
690 679
926 719
885 317
105 983
-77 605
299 665
227 188
72 604
-566 940
557 160
-749 117
831 127
-637 40
-840 345
-677 352
19 488
710 890
-856 922
261 790
55 910
906 464
145 581
969 140
-600 231
806 524
50 572
498 539
-97 929
-607 88
-891 514
40 796
-773 880
-161 883
-433 758
-50 640
-922 200
-660 458
881 400
-228 473
276 776
-839 16
-533 676
471 877
670 132
-827 566
916 234
-203 705
-970 608
116 390
-438 132
-458 689
-175 51
-255 665
-263 646
-739 76
600 407
64 601
938 435
757 210
694 678
-245 218
915 948
-603 309
715 922
-881 790
242 378
-108 878
65 384
-34 448
-58 922
-848 640
-690 211
-795 636
264 36
-614 874
57 752
709 771
-718 493
-858 217
-673 256
-5 373
-334 823
310 92
-889 627
246 65
-84 95
830 472
-769 63
549 782
780 282
889 227
-895 770
345 360
31 196
787 779
-987 767
375 918
612 493
625 582
-199 620
724 475
-391 966
191 228
885 435
999 625
365 126
98 140
552 791
392 72
-773 274
-975 183
916 93
-120 359
513 11
692 937
-299 705
-488 636
-602 309
-154 458
327 485
-570 922
-247 382
-657 198
1000 336
-130 127
-517 612
605 723
-473 97
928 749
-567 219
715 344
-807 480
-622 614
899 636
564 240
-577 417
531 640
839 322
-706 508
154 107
162 257
-167 889
-558 38
-367 366
788 708
827 274
-539 528
238 218
-591 441
486 744
-27 390
-908 32
-520 374
264 90
-251 479
373 968
-57 152
489 416
-178 140
676 910
638 995
-480 959
935 140
-797 261
-783 995
432 23
335 462
-330 248
885 608
-98 826
-97 419
-151 375
-91 25
-813 34
19 460
-334 920
-757 620
-202 52
-711 183
712 636
312 771
-915 678
-409 881
-149 310
-600 919
-363 769
55 403
-60 77
548 563
391 35
-655 468
637 694
-590 256
272 488
-775 547
-783 84
992 895
819 629
-730 469
-256 221
207 945
740 484
-404 670
-295 656
0 235
199 139
539 409
-43 464
52 259
804 686
692 904
145 215
-592 675
-807 620
94 296
928 422
667 768
174 254
997 760
396 834
-486 794
847 77
-543 951
2 85
-850 260
-7 376
-369 936
-332 975
672 272
-765 490
-740 153
295 161
-140 926
-313 990
292 186
-286 454
-604 238
704 516
-113 11
969 86
562 65
802 686
-879 601
489 136
2 750
185 552
152 307
954 83
282 1000
233 806
-606 462
-513 749
444 155
390 347
-700 456
-352 203
531 705
890 241
78 292
-425 540
427 628
299 198
-633 835
342 680
164 963
157 127
-533 300
195 464
-716 406
580 276
652 111
-839 930
-960 89
3 666
-956 427
394 795
-833 253
-951 717
797 146
975 719
535 894
597 959
463 769
-111 547
-504 590
48 296
-164 917
-288 883
-533 160
965 310
-892 339
-565 728
336 99
260 565
-794 361
470 531
597 322
-346 171
-35 274
509 389
464 46
332 461
-858 981
362 51
863 728
-781 12
-969 966
-452 449
283 752
-90 399
371 462
604 382
789 998
-874 573
675 386
818 552
-436 559
-436 76
-843 439
71 231
-40 322
740 870
-494 601
-906 702
-205 746
-355 625
134 731
-384 177
739 608
463 25
-901 157
-665 349
472 770
711 676
562 793
890 187
988 16
648 171
-689 568
376 580
406 406
-984 284
-879 281
252 127
-803 845
388 75
-247 759
221 72
875 556
-90 41
932 731
-804 316
-858 845
379 605
476 178
-264 793
169 317
652 521
795 687
340 288
200 955
-29 624
-546 487
-3 805
-829 150
777 241
-339 162
-855 206
-978 843
103 391
344 71
184 346
737 738
688 647
-376 742
190 320
-790 182
-960 1
-580 583
-537 599
307 302
744 800
242 330
-437 587
757 893
40 441
-85 304
625 79
-567 163
538 172
-396 169
-621 399
-874 861
988 818
552 388
-934 815
709 762
-924 103
-161 538
-968 158
-845 309
636 135
-586 492
-321 268
598 18
315 444
38 735
-155 693
-562 387
-984 132
761 321
-985 623
433 575
-631 259
386 312
602 449
773 1000
975 96
639 761
368 194
419 452
-495 389
-613 709
-621 24
-787 480
296 811
981 635
-490 791
424 388
-965 204
402 604
-647 285
-451 281
945 478
-712 645
180 815
885 30
377 536
-560 188
-169 402
-335 223
998 259
100 594
924 976
-904 253
-744 819
810 230
403 101
-67 535
-329 81
-479 764
803 974
-207 25
771 947
-775 157
-654 337
771 792
-358 75
16 224
50 763
580 760
-518 294
-875 141
827 414
-626 862
-978 475
-619 299
713 672
605 622
626 734
-954 434
402 452
244 245
-344 727
-496 362
880 667
-163 337
94 200
699 956
-177 514
703 723
-462 118
358 311
706 156
-562 940
925 274
663 561
498 677
509 368
294 11
-189 985
369 915
106 218
-651 856
-526 618
-578 468
-391 983
517 592
-692 523
-373 352
-840 162
269 401
-800 405
596 440
-949 418
-491 136
297 230
-307 74
501 130
510 127
130 146
-432 829
-567 560
999 257
330 755
89 785
261 213
-289 49
669 91
-416 63
-406 318
-442 222
-345 144
844 133
-360 465
905 252
-357 736
784 409
521 925
263 67
292 287
-910 604
381 762
646 794
973 93
-750 758
-911 678
378 605
-81 483
719 921
61 924
846 717
-315 808
331 652
-753 457
543 660
-945 352
563 968
-340 517
149 47
-736 437
-629 452
-420 680
-649 104
135 545
-15 91
114 983
-186 277
604 183
467 279
-217 755
-22 952
171 539
-217 689
-604 969
-810 1
235 743
190 11
-531 532
802 291
-875 194
-887 469
156 851
493 872
-128 157
482 49
-561 477
105 727
916 911
833 981
-826 980
-347 561
-149 276
893 193
-507 816
747 221
596 347
774 415
-606 772
-336 588
-543 670
-474 485
133 813
623 765
220 409
-930 150
605 616
-548 681
