1000
-308318252 -307937442
-681741658 -770616673
-464962268 641562277
-822037799 187020642
297174802 -844528079
-892582016 -96046646
-865020953 523882047
-528375498 510906177
353936249 -709418755
-955639624 915452134
656922295 -291588321
-956903494 459339374
913685430 317614853
365721521 934107832
-530149160 893565799
-144797956 256642486
-753905231 19386917
-646818109 -833558049
-936968740 -300565821
950425954 24013236
-823124636 884472273
816013806 662399757
-663139179 -200510713
609063939 -8518212
-139544711 989707401
209665781 897771665
873449321 -397846224
-516986624 343067846
-261693837 -258739073
506136524 24945556
282932366 -964886726
705926665 572163206
-750425253 118087481
949990044 770983651
-528670660 512831003
-202573983 83821474
785839246 -718303407
4144128 930570351
-106803933 -394451240
281300694 -510489100
-134873038 -330092005
-280633677 899150751
-991607937 9040935
-261829291 -919865063
875859551 -576070665
304860595 -886691101
-688351939 155355538
-503989434 480063983
422543012 -998066077
-776658545 -921715093
72205939 -853840066
782620405 159766671
269236549 -879390866
15624121 943793942
-988820146 -462811666
440138036 618000415
-821758195 -1115257
-238478069 643699527
-244915646 -184459096
603815808 -46613968
-843300258 -1156123
-502670640 750214412
-467508538 176451088
-223842240 142359275
543908123 840429625
649061814 -561096084
-523751980 -654393402
508827540 -868014464
-91839566 278838751
-931094622 250389384
-911902246 -47165110
-889622674 247752248
924002279 -652893223
930366249 -167589584
907233304 -292278751
832348803 -88570781
-401172834 -331654076
-698528682 296114371
877381036 -532201344
58500645 -474099470
157496 834986363
114431560 709592556
911806949 448175472
-563955184 -671159424
-435777952 -553212074
689046523 -652670591
-875698836 532415717
-373973896 -692559639
-897121731 291420491
-290586961 816912568
815918817 -592196985
-427105116 -969233148
927114233 76141936
24660065 -441518620
-450967225 209689204
448193269 902598353
77049340 -538336752
-731586938 311396177
-692117290 -290827959
562627221 13355370
-454311924 -218905785
-647834026 -392095038
-416907461 -603562679
-843347060 -17875643
-609621835 -787360745
352999172 25619263
942730006 -619269662
-732001072 -398278144
625767607 967220462
641609323 -543251936
406076002 -528082619
678699042 266856269
123027186 -599078993
271864804 -388070500
88563426 989137572
-759019773 -524403574
734573783 506231739
220167163 -388769746
-84756976 834414969
-348119247 -588726418
-676783344 -137777765
-541449610 73486520
-462680100 433714978
222891481 780079498
-90144202 -413034730
-127090885 376115847
-415111991 -715831694
27159820 -870941891
-19905031 -926373881
-17504982 198773720
537831667 351910249
-510944243 58867630
833503059 969947446
-790147658 379470028
511441219 641102534
173276854 631145735
498510179 76664304
658614083 -195966160
-438528312 985251323
-779738717 -349520902
-363265436 212929038
119406623 155254417
836084883 210449645
-524026786 -773733011
729378834 -351378643
-524968726 753038235
-598910402 959221597
535466087 521120638
-609251452 -127920938
-348314727 -39924557
200872062 -93559425
594054386 489962014
542793681 637440074
-975552639 -741934061
-813064103 395632383
-461581022 -390972733
-609029465 -624220614
-966421375 271432803
-265411351 51649447
334896454 -400511493
-317406110 257823882
-607001900 -628617271
441329227 -336348630
-61934563 -582364845
-552483933 240624662
-425797641 -374270533
-399314192 -4699644
806223217 117151336
539710223 166965071
691576688 458008070
-50458780 -610104777
668122559 230371080
-335204841 146280693
-306250371 -606234887
363114536 509127593
-109494633 -721569027
-65308348 -496979441
-326855949 734394557
928811949 817468777
67545351 -355999407
-95276713 919796484
-632118432 677137973
627622111 -608988497
468916360 825480284
-563417655 89042240
728581386 454444000
105994834 373741312
-3058528 898507346
-645204179 597627843
-965572564 93656785
-286701234 -680126374
588889917 -127562613
882192398 -301544751
767525570 879362262
386749002 -635187859
992567517 -12525961
366602686 -249652017
-191536019 409526366
-217443703 438253109
-179928907 988660663
-913575436 -974401653
532608674 -683740735
-748361781 589003857
668669378 735374319
-18797902 -659375929
111231091 -487003197
-745760652 -894926373
343374627 -772243530
-133457578 -111807988
295072418 -146869533
-137720463 -633245690
412256869 -654348288
-97049998 -339392562
-292222483 659295690
855037827 -66149439
-270636297 945181526
-677734413 -356265555
245855300 -375473574
85610814 -403304585
304970118 -844604844
-368075848 893451189
197426834 -923693971
-102380303 -50788842
329683297 968299233
497981585 -215905925
-21654730 475232364
33591498 -339117681
-712946854 21691946
378755140 459274178
491564926 -498509278
-200526767 229556637
730445811 287684222
678254756 958348302
241792378 -522756044
-754243132 -105733503
440129429 -205778727
-549132473 831170323
50558138 -293372462
-586130556 44376641
486573797 -142208943
-443414013 -14409200
-755074279 167361247
993018029 -245808264
-523914949 -387408798
707736444 417738013
-457704976 694403150
525419790 -345829367
-887288583 -659720344
757249476 -778578665
196504306 -736406845
821058275 998228806
221716762 178222273
-327318647 82630487
916418135 -228876295
473553876 -48133563
-34139925 -941393825
765033242 -711110242
-438805897 -834599274
-18625190 -322868859
-97173619 239484359
613021162 292920059
786631719 864921328
827348034 -600831581
297125509 -524284195
595435840 146824797
396746516 -281147543
-74548168 -654810346
623231349 499298878
214979787 -1251084
-35642653 708734041
432914119 -691989249
-893818671 443744336
240747428 64078285
983544069 -840613942
-559914996 -839727709
464902888 215365520
-963839408 -798693055
757873588 502382021
9661888 -149888241
918350066 822739575
939206237 888766067
-333156648 -283345853
-927370629 -507174153
-406338258 -880900677
-136383522 -656739138
-491592843 -168668757
775680965 -632305194
-450775578 -455751384
819766652 714861812
-214574383 977118296
528365557 817199599
342335718 277090386
-727552191 875240391
185124983 -855928203
-340873393 846612349
-943868364 430884334
-275273542 -336384950
-256781037 -745978638
505063146 464861216
-277566235 432991657
-480236707 618685354
-212269745 246497965
-936111408 261289037
407957865 519443550
-69855125 391318750
149596553 147859813
125176717 248318643
-468839432 -630102739
530459076 408808099
-317047931 359437743
-444784849 -770658260
525088998 -576371392
-465165877 49256526
611512235 -882664780
-98944889 -33363868
114986903 986749306
451657922 -187716871
-615937358 738049562
-41568496 591749839
-2822876 436602094
-926845931 -193875355
900622598 343010305
-13481657 -277029573
-63626200 -174170156
-368632596 987571008
390729343 -837770717
351826331 -336008780
-86813649 203566362
-153292531 775594239
135388945 651771221
117080254 846885245
-477082314 -40199126
-114725124 349238842
997057831 -927062479
-499726314 279782277
666085292 33522104
-971064793 -448162708
629728841 -240218508
-139224529 344758433
315465373 -466064669
186211026 -827640374
942667327 35394927
-334201731 278991537
-308499827 -238650167
657441475 918446169
563884839 -909937392
-275392268 888645945
384829625 -756916587
218791230 -684842456
273496346 -260815098
721091777 -263720217
-466055368 166871008
284120825 -428021832
748205906 -41106662
571602523 210201418
924017679 298708027
486267611 387613577
843085156 894326372
489598006 669493594
727680518 -85262478
-820936073 305921953
682128793 -175434284
100991077 528721533
-468184457 -823426520
-475901751 -924552702
-375133607 714581032
313565489 -187056057
946469541 344717685
-362089601 -615796422
-681003815 391139345
877133885 421680491
200002600 765495578
-178640401 -219483126
959899714 -849412451
-551487333 637141103
-105057353 30854964
591951586 -94767467
-614840970 620773575
-393600661 133067181
-24423312 -769879816
514924819 700219416
910581886 -153419322
-276905885 -270067668
-454722309 827880701
-372009173 287312157
-210806044 463273651
371296865 396921459
-833861077 -952028884
-297522421 -611568566
-461542207 -979698547
33318243 602414609
-425966419 458157082
-822295876 410638835
752380473 861892057
-722312918 322637053
790521715 -372419779
-410341318 -40141216
565126041 197888144
-178357242 -218313578
-491014320 186848496
-69196125 -995877554
513619136 -421451628
-169096065 -695250784
-780353524 -754823826
951591471 203840276
503661300 74210403
906095743 91673317
863653071 668395408
274964064 -770162971
490136755 -211707760
645435530 -138760562
697628311 384136742
-534329733 169630552
936126699 -293271909
832331574 -271775589
-393789187 83772019
430980829 747443537
767689048 794237377
-972193683 622766138
288261224 -290897171
781686584 430940393
-509751237 549315394
533324353 -83949644
-648551316 383972111
-996072614 109189086
-864138662 -306538421
672614434 931208451
-669331154 -605920619
348423516 -313974332
-821948844 561772548
40563866 794234350
-405998668 -567635301
-33247338 -760859646
-970395534 498879472
-269156486 247245814
467609429 343035134
463464202 130879513
692618673 -78529051
16709479 -829387057
-751829023 977592646
235208660 752279087
-484754842 -134763560
-224119289 509140831
-281980927 531192105
-918677792 -593775137
350444215 -90817008
811178860 715224248
65030280 116826103
-973398868 602471992
-967946306 -976969086
-125517274 182055644
-425757043 -553979340
-592920280 933635203
843081839 -563970765
-416311405 223747437
-585196436 -483151081
-598342705 -170729562
-183306019 -127536913
559982825 -578987562
-412283923 235758018
-942864632 828440020
707092791 -551907435
-640755392 890545633
573593024 276177774
659942496 -754925267
-380262445 44075901
-233423697 609718264
102369050 -616004528
595394463 -107536288
603297615 -100863603
-157079664 766494929
446542859 79667183
-54385049 -561872399
918802305 -863149168
646145045 -304619531
-484532615 898723032
148838821 11618983
-849250207 -951511214
-806274459 -213970517
536380696 807889573
139900896 532598905
571028872 185787599
-689419252 -831433360
-850330829 909243783
-371568034 119513266
-498159761 -112529378
-571279231 -929035173
-544863714 -343696113
-193578424 538634354
184439047 190290111
-94303388 963642660
459753507 -360238681
135012652 -390151812
616412708 -771654878
-419737124 116352694
412057308 -346082399
473567699 606769200
-481433562 474864497
-610069172 550671121
54673175 610967719
30340199 -335338779
45263392 -52098190
703899763 396156289
-963938184 450197929
958382624 801146342
610054360 -981788528
-338760451 902398873
373482039 242541265
-996533684 -947387329
38165802 761862672
163009265 -215970974
-785497636 -687882150
871860514 200058395
425771787 527173504
591033786 -425262968
-653033535 -45624675
-503748393 854457984
166234433 -382280569
366915397 -158587370
-561603002 39202388
938961130 -860741901
156120319 751357377
536151160 -431212399
-199391255 -475572408
259835900 462398494
805320363 796711745
646413968 -617318391
-988256421 652553898
-929727686 93857693
-490854767 432351513
422369918 -703849931
-912105214 258115938
622355948 -300619783
-522813729 175394474
52657408 81087755
-493940252 892037369
652369295 265290392
536547749 793540592
-626170261 831656084
-11433122 847086262
-551639736 -756683914
-343604745 -205477295
-686849148 33980968
390574513 120898067
-416206 667526050
-852617349 -859098179
-578386548 423466171
452942444 102747573
258217412 -255106907
26464091 772349620
475956598 -524314005
-591730948 351354639
-610953601 120904314
-358309559 678689521
-300333747 502639322
653565963 946427429
501164337 -266921703
-18673268 494197124
349417741 -405751845
-146565639 50559745
981873321 95470928
-413479524 -727470120
384374152 650562548
-352223960 963029590
272275609 759075159
730144316 713990963
162062043 322051035
598785557 -965059281
9972880 72698634
788002810 -457801122
348575277 -171151270
154539646 266593695
680292144 161003114
-390008094 790880087
-664624781 621086526
-321504622 -976578874
-943913416 -100549846
-726286481 -328082582
-319469713 711687127
90198321 694206324
379150798 -258984825
-344953057 -486338066
475204021 779530334
-150569842 676194208
56858056 663729946
-923878583 -991131628
-380742536 816865524
862974717 289127840
184675529 747338992
347867320 -983226768
-995403577 401817784
340627683 901593872
-10928862 -316138614
-66386909 946479210
469925038 47409180
368428376 752532266
-41275553 347347394
-204302773 427956291
193287070 21515290
340568788 -190895312
-509039352 308334788
-357775294 -839926004
527093216 -721917910
-653500020 -544806420
745474032 564169259
-313263833 13021431
225791675 -992580606
439813547 -866975172
-162001044 -942576639
607025874 -785251718
-509716581 924591469
384223180 861576508
-273890109 -877245965
806235733 -309307152
-409967494 -580708909
-678152548 -686388876
56007328 687163966
-664529869 -114648297
-461301292 651920163
-718121391 -659187121
886047166 -307148187
58424763 913154761
747662632 692193740
-135573224 -754956033
266009310 793126416
-877238183 208431812
-673511736 -565409971
-805642402 271580220
-844736893 206872230
-3615225 819734318
380904583 150413548
483048681 265854306
235714724 2596346
392161219 489678711
849207867 -974766569
-338868393 864412966
646988054 -284455853
441603119 430272507
358794021 566983038
-488014657 -629474700
-12168875 85567046
460603228 287971146
-931196607 676295291
-39168449 -472185967
456965861 -230946025
-513834195 -664560456
-888588224 -178032727
875916155 420466266
629753160 -290573497
-77875950 -698807836
-218824926 -428600937
984901818 228614881
794369849 592271383
-458890677 306685543
-250692012 -312578165
916075772 945692308
-332426870 167735104
644409544 278973312
954933146 -806259808
-38972279 -461125141
-613436852 -513221076
-697631668 -238676427
-780166851 104881261
-374800741 728573566
91289481 -485856476
581172235 -630819759
-960677442 480560945
308258452 -117011372
-264159986 533173797
-504747398 422933232
-47322079 715960460
-314816334 4380536
-794842093 -493170175
680425375 254322296
580898269 220659834
-436142528 -515773583
-842976362 -164026686
-951210197 -733755924
989515470 -685049396
-851302459 -925632020
577635623 -717764694
725234239 814115397
-493536685 805534084
594380032 213110896
-551504914 20015892
-199446850 594118960
-50302618 702105024
205580627 -636275311
-672046724 -653365070
-252945344 576418469
-320822280 873307714
-327481444 780443139
387713992 -644324128
-293964847 622824948
904864787 154159596
-14894546 -859893777
902114333 -996410338
-210446854 -958832041
997473277 307843101
-699881915 -371940644
-194807990 -39643987
273629735 -654872560
573938920 371657325
490371835 -363500870
750916746 128424644
916017649 -717730354
-10603557 912088328
-193901884 567493805
-172050910 -256108068
212597313 -607193938
696207080 687173220
-284163005 -946478743
174793965 336504461
-996594341 778822724
-957830970 -495520053
-318944888 -684056476
-833230420 65541253
-794015873 397397320
-873085522 884420265
-397988691 774841242
-426541190 793501532
507398625 -887314674
110879258 994341497
978334555 -185831404
328300938 567752897
522342191 -103341653
387767347 581885034
-975534504 534744121
630316737 -104151494
925086007 -615043919
-976593337 -894420937
644546380 611770721
750596246 -583355439
-746972941 -552608999
-842755386 -21003282
974483881 136171511
-636375131 974057922
-895931912 25511060
-578036383 -538086286
200477425 366808129
-999846934 -223907547
273198111 -576678155
-161649133 -53577765
826209905 81923967
174090609 450075230
-86616491 -411216769
52523003 -554698237
631667278 958784851
65456959 -836634312
-171300080 714885783
842370149 -410541920
617118964 947550196
402578538 882395800
705877136 172793543
-331520441 123908970
-292954261 -325991992
-106255783 -760622108
807358922 -4436696
-949588116 684943300
965934140 -50527813
-164216448 812363363
-966200402 -188469048
513944067 -262059866
-902528430 906952984
806966597 -692880654
777349672 81333675
-65454635 -826431883
-292648484 371445768
-117820396 -47763598
74778390 -558192537
-864206711 399195487
-207512548 603449540
-688346834 941380277
915935969 -318232837
760910289 -526173808
-743379712 -572203583
263486287 564496239
568857689 765797503
148287957 -818493138
23559369 965442893
973101207 258899277
564093062 -28047858
-135968278 671190062
895038297 -295532797
-980226416 -387006374
-548837519 710738530
-274831206 136438408
895900907 -66844469
-232785926 609815569
412117209 -303053538
312825692 -804717739
-639207059 -411904092
269770077 -836700221
-975177330 -288697305
-723932734 -677719431
153543508 594872751
-844918800 -208955888
689006114 455251611
464535854 -857926606
-728593475 66944713
-893206137 443201956
262273134 355832614
88529563 158581352
-781007166 735721001
-906256185 -477662300
105863778 -262931581
145511635 -711818280
-352578875 432401776
132935101 191387417
864116435 610304679
-159894058 -274204361
-84468713 -45668407
244539270 374546245
-773964791 47309955
-578454008 123134883
501288286 770339733
928159572 675761336
-99937817 -253083953
857200184 -87349037
-317343520 -439993958
416002531 36677217
-739731099 -316954882
74572988 -886659321
-696612759 -961203258
-897617785 233553479
-773288897 -647543340
-660619360 189007564
-728086252 34665880
774579001 53001433
977647436 902009821
-590462539 -878195675
-473555199 264511086
924273765 -136516575
249583844 613507896
-184499636 92054713
-967188721 -542973006
-818395297 -489969619
850030288 -779614649
437077445 972097466
-783672252 56598115
161955885 -937404588
213646829 -294033796
33306968 -849806813
567435330 379561211
-809061373 -433829210
-600277953 -614731494
156182439 -511171912
376894790 411010999
743519217 155842320
-787431536 -532521390
374278413 519834213
232985139 -543231768
-673055486 -695814070
-752146367 -243067813
-370881646 859130481
445992085 -226238735
-999488622 311449685
162628199 -750813263
-855390618 854344790
417815446 489407869
-793905158 -163600432
950665625 853507799
808049609 128765894
11871450 257138782
-907160052 -333699008
632837008 -778106881
24876911 86914458
555558476 683232704
114142120 -37400391
-990209378 545143749
-648471307 -804291738
-33953506 485773014
-767905633 978369614
-149375106 -843496688
-445106741 -544942162
-998238746 605754790
-480675734 -9873773
-808933532 -336111983
626984977 526724780
419881241 471106208
-657733835 481583908
124483134 -182073028
352425358 -106957433
220688819 -745938948
565997543 584900310
-722133378 -55026501
134398705 -712611594
814526896 880557001
-529585227 419967310
-752442916 -246263600
185681883 150582163
95580713 460317824
619704977 -14661918
893275772 850724926
198476934 125056288
-111143296 -50732779
-290704617 -149163631
501467069 -691095136
-909068090 -837497564
-283951004 729685033
-387500123 -764137079
283496578 -171926876
417516329 316806775
590850835 -347841066
-128517156 715354638
-115830373 -603408815
946719347 -159783851
-354432997 -669987311
-135482467 -303850648
961041197 35221293
627261855 273824609
-738000616 718029195
-173864501 217431727
-332683787 882686556
-2607121 702555363
-666301181 218754558
730038674 -383416153
-749112074 -569240966
139807539 -714146077
607972442 -905135946
-292692215 -609843384
539244327 463615962
-558682257 -585711661
891770954 504041135
385849866 863016576
-757581332 417835248
-917107077 -431328533
135071014 265549046
-988305154 385596133
-172432022 -171094802
-42940115 307036365
619517025 -803329500
612925026 290028876
388338164 669055888
-348900924 -156809227
-751642495 -930035950
-914849510 -666694896
239645188 -835225871
825500702 -591150457
-634953489 953246788
911312871 125287513
52385739 960444548
-134348023 -467744275
-482804407 -732972154
543706334 832587402
689033322 551712218
-79381666 470929792
279452335 -515277849
-712408929 470862620
905033789 -316349397
-134445384 -914611835
396510093 -116349660
524474694 -8914298
689845244 105206750
-990828805 859650278
33357754 -984097196
-713481362 -286268864
-51528484 840506204
-268436875 182162859
144950774 -518046788
203150198 3159808
756444346 -900538953
-90744623 947896071
-740423973 -430604767
758172328 187624126
837074336 845372947
700303117 -976997900
-971603617 973409333
-720820519 314824797
-601738593 116339129
-865467421 344363697
380044780 682941053
-268199785 -965811190
99439601 848821350
-526172908 649275589
-150095267 -831719459
170190441 -235366466
-437388810 945553678
975923406 941385862
123916937 925101642
339408666 221532142
205308188 -4458775
972740001 782137673
-385371627 246156538
-780841228 337209402
-366353094 -771993291
-467535477 -320771552
45951334 152495567
-789240595 196381187
-350849478 25266125
-687242461 -330582455
692686737 687960634
-645149298 -467318238
157984000 467948976
-826873850 -33224863
-977331575 411303708
-211442117 -201069505
776433906 -845226511
-891815957 -224594624
598345392 -81437744
