1000
497092383 752344701
199207937 503563522
961014480 979960227
393773699 349834371
233694526 516278052
148689403 93401118
3662344 770498363
-252500287 444085086
549422614 965344150
-646546596 502349724
-778656871 793815998
-909178226 207804079
602016236 849718994
970602156 639212086
-513914872 355490280
824264276 625517093
69586058 700664870
-195800422 618823284
-628478471 103440369
107542584 398364324
191444261 610648689
-83633507 870314831
-804010859 916639803
-687726697 994250093
-117649824 741723343
990905461 34601115
649987494 221436040
-182879341 905434178
-721021523 301708103
905342360 625203556
-58580564 715781906
118965231 286528093
192836243 315425395
-357895599 493768445
-497350713 425530632
-152537441 865943168
175549225 915662614
364520853 815733095
474418462 893201920
420144750 474736800
-948533845 41739579
853288854 195750879
-249525131 230440478
-584004681 281710565
166244919 444042887
-712444173 344647235
160340338 229772535
328687881 666244284
127422544 682141493
-660379551 300711809
329583773 368918861
787479771 259916693
-24233347 157391574
-366123215 842343282
-76832418 861772420
750747238 146706829
-543597232 136518390
-410821012 293665390
-161275692 175030625
502887689 860449918
22356363 732071322
393627211 789082160
332298479 112936664
290274342 786273522
615388490 234713413
-690460988 606059439
-915630630 253005010
-427742865 959319759
-483540792 126731489
-503404582 874454894
302389037 938577381
880952946 900118838
346545616 324092333
-905910735 502359565
663090514 212329964
-405755861 129462675
-785390035 497842983
-969666647 881146193
-361852159 303287209
-441138710 706753148
847825436 255676864
788340986 628187352
-521669973 512335258
954750689 440683208
982473860 49839111
-825723755 607917872
-141765742 413095281
881173312 23046242
-187078693 129909446
273999693 631404543
395105395 737833542
31767396 931693414
-24018826 117734509
791748735 639333502
737668303 684975904
59528937 139008635
427635958 274204634
515319581 172182659
-247305700 278765918
-357136068 263643629
-854563281 898692260
964460635 905887715
-180067436 113689001
506262749 269953703
-342934433 856627527
390898686 604811113
96624081 603058859
715893534 446507501
-521093573 88490492
815661427 519109498
649136244 463143013
782182997 371558584
745481101 463868342
-14222713 555938504
376004652 803040383
-742069775 987367201
718126080 526675499
865718990 208794679
33238139 695194049
-998969002 755450609
-531333938 738498651
732197704 593927303
-684903297 21628569
825786408 617645936
-228700945 977713742
403772697 343268907
-251034557 645218980
340640129 578016839
712499168 571361507
801303584 572851774
376664604 170698267
-139538915 465542511
749094108 615198884
320954472 966923368
570905066 230995238
992927037 184692775
-362982180 371410593
-717866299 353718682
-204493714 667168519
-53569300 97697538
39842178 988706825
-290213902 351834992
356462031 821184819
944897224 637337012
19452768 365068134
600212132 905815542
-460427191 96903309
-874220380 462730816
793614901 486359770
19106808 441800226
571942229 43973984
-10461067 160952931
122507291 397089624
-328444574 245222555
161395726 477353353
600969868 417900957
935085880 381144056
333668323 603050933
605322066 272074392
399205347 119242313
-615029893 683087061
356092628 767896065
317413323 287268915
155095096 935846231
-422665273 584514327
769700205 410918341
-338972304 188141597
-72314517 803265735
323626728 633971486
-782845195 92337080
-625925139 913929771
811949632 854333203
254446549 187374054
-845820673 447308661
529161716 911456857
463420294 297851853
-250230662 485699331
-294731786 661647788
-63723418 831958285
851989687 705939379
298767561 555950062
-734285144 752441311
-188151347 302408656
758524996 109883240
-70321329 461330579
-173967567 462428284
438035765 784506086
-970874306 782235556
512095920 785907470
563243193 259470414
662435846 822199889
303378418 902259496
868492123 4978040
131951293 517448875
-820890358 746350944
978284913 808200209
842193879 154486946
-685379314 163892235
-734259435 175184877
139234237 13038754
502464065 839707554
57463543 182027959
987999842 350662894
91131613 629343646
-237002706 538984308
411874283 636477393
933053829 317704992
-668229920 217753284
-620811172 13487765
-563262197 236584167
-406609917 415498134
635985482 717313338
-112758179 856102709
-217179891 765053124
-512409358 349756708
-265658608 738199143
-799156576 446646711
-254458605 548466493
-606792938 901350848
921388199 69442882
-584267275 624214485
860421450 627781440
151452539 188809740
-657435965 453382297
-248362073 872760484
-222677990 36503302
556498343 665059202
768639282 651336936
405561814 358220119
672751349 167054568
928692847 103155766
-949704393 420806693
-493134011 387740522
676816591 80421734
572957215 316739093
-485840303 297719245
-596464324 529090439
736261684 591410894
-869844124 36716711
405460469 323118844
-359392996 101617025
448407427 998558399
-372167346 767734991
181489947 262105305
768705648 872311572
-407656907 241180121
-56180937 963943306
170950390 723684254
-15791410 885938732
-378696213 338133526
-667505826 102485305
-701785967 298367045
23056961 247020765
-565780268 323268341
-864434105 289219724
559356615 99810921
-679799898 336598285
-732435679 754804982
-622671543 754189704
623130404 262031636
-254423682 954968122
769048836 22051004
683767857 557784995
541957727 638300994
456606686 448330640
757390192 383188431
269560249 138108018
-914402880 751371674
693629902 333820826
762143428 235668760
368962758 824396910
669517922 919572647
794180583 536796773
-414814763 767825794
-515157489 653883706
418124615 289725015
-376647700 196605287
-406286384 324066311
715766264 669046041
847288357 318409589
-877220943 592268680
-645704605 170473317
802267953 618980630
-989367942 230691586
-421114768 66931919
-646558368 523451740
29214601 479417354
944427028 389308410
345264944 727604188
694730808 423393981
518496888 401036275
-156219939 697563658
63900520 319994384
214901920 179540486
-850532686 311455905
843801312 821647260
-302423019 114187771
-765738266 173865051
86845831 348514380
-432147185 692089571
167849164 635657132
-975222100 430564329
437291660 854526744
956678018 420470008
786482551 421775022
-768233461 840115179
928605997 29334478
263544705 44512546
-211303532 94509840
-406667685 971421006
895911390 795261318
239466269 519143338
66668086 557124498
-40806495 602969646
635596462 864224674
-844466359 122425947
-490972539 913137173
524261753 507546132
100678219 111714984
7445414 947475768
895522978 179101822
92922801 505901356
764502042 254972055
-700478017 330576541
-436619516 94020887
545103068 543423850
-937447717 46282774
-473768996 293309646
-870534287 567129591
159749408 950528300
-774998761 619922252
688961707 525599958
-680080438 264025806
657244012 482462523
628674644 534541391
-761911756 378907254
550845980 801485685
668107629 945009771
-783839833 519445702
361337550 148526797
-850147312 131647686
272665328 462716671
226814199 391612879
154913131 205600904
-4877614 485222869
18651142 646726952
-196460562 484578885
-982323076 50882574
898646167 353731732
442871411 448963969
967037472 907850836
-663339134 583390698
908343407 234154325
391637770 800945122
-997821080 526470024
369756551 217975898
-768835545 390903973
-57146690 945078783
562089270 791982877
366365465 680340901
-124365420 948417759
629118756 441148938
416242348 297769495
741148349 932733966
132960875 928137443
165469842 764724240
-944403979 104652348
-705418355 17869828
231290402 755626260
-516834342 269099099
319768725 331349332
-659319611 910355228
-972039975 160075207
2256882 431198731
686633505 221147150
-915554337 900789273
-371167362 813006406
-283837205 641912817
637524225 396494428
-552153094 453682910
577151320 723975022
-789807083 161667647
-14923774 871697528
-194868713 690665214
886986509 136630124
372520868 308263274
960299636 176611461
500829613 819804569
-548137868 949397017
293460469 871544445
6715349 92083113
774670789 937534287
124619927 921489163
-55155767 811239427
71075386 469792024
-673335695 123226582
-540651283 917214832
-950517484 141614222
270590582 642352244
940754829 976584274
764939368 909707255
-765170837 216323362
-631848936 872143704
196050886 504833101
226092995 640605077
-256800813 25437457
-790974199 221655569
-510433074 181374076
-481065796 229002533
-457082150 732444505
593182944 984426958
20308669 645364701
492804621 890386610
757811309 556688681
-989835935 54261168
-214991278 123339693
238077682 448492602
-827887481 385582761
571284116 847510255
710330506 810365645
-400548379 838512962
-896039519 866579080
-780299683 220002131
-888549592 517833357
864778654 344255566
-574332803 396269884
771403491 541844267
-852435927 554140237
638408602 487586366
-948277119 820893279
41423882 481667973
-405659668 324812264
-535865278 979616073
95404606 850500234
-474582429 177004553
-286139461 964035676
789694570 965580205
733153352 982806970
-935442138 869917735
-25333173 313164783
679448462 651303060
-654586419 594173582
-2108042 243741392
-75212133 314467223
-675671670 827469834
161060086 453250732
-209437553 686825088
201540866 282902690
-821816423 330653260
661558936 121748692
-508052499 102148446
-982870362 912195762
582263491 355788898
-367070202 733229520
818481790 543745052
-388998799 257083906
-737703357 338831040
209265397 457781114
-930056330 560673115
-745980235 561570237
466212688 111831061
433001013 925435588
-541629944 471615181
-757552435 257972346
791616905 462084017
-139754583 171523294
675388464 388526286
-609777713 674363418
642421692 477370923
-365686776 611167963
-547386307 283136982
-783867163 145627697
-572765845 1421154
-131262873 351797605
838845714 292212919
689621882 892880730
-491335251 875714701
-934345376 306502651
-991618989 472015627
-72774421 86432849
-828363020 275811078
989894088 935818468
452317297 189375323
626472548 444380553
746152737 488459968
-292097857 460503912
-24901784 50493681
-979288484 977811006
-320541147 327744925
-588440080 786710062
868235235 651789985
-115575902 300858289
725816557 211166331
964827555 220961747
95220855 772905510
-24644612 752147213
20607112 727263987
116548349 779227200
-432144451 660121041
-743693781 893600900
166709104 357781671
-234577642 369342899
202011092 499793554
620730085 388084391
348379982 42919367
-341964623 560542842
526893923 978458760
-44761973 380058698
-327284129 496835934
-136703152 369070375
-906561464 527767244
-678008023 874201131
-381740180 136259172
331730805 443646368
841151821 334070057
-296541885 871321697
-747492784 457120102
701402129 301082058
358344788 845018292
410119174 466218817
861445454 559886781
-624970124 284316590
-693081795 111596938
-659230117 40958290
359611357 68156519
62630277 157809627
602743032 632706730
-421732573 923220539
700273028 843366116
-851772482 34487989
606656072 782617807
-643149509 878954213
-661312005 678256332
-450340260 973657897
-867287635 834578274
358467072 75088769
-80697191 695325690
835397340 90916217
-997731071 172100803
-940176365 647596237
59825160 974904181
-421602166 373089437
-871711370 793486429
-349958831 400662990
677016800 510978199
819472378 522053097
-32699923 649850225
226035105 438222100
-135228945 185753812
309378069 675137871
484141047 402602393
36801555 172446818
66295869 736653937
-645266681 920564353
976766136 361112825
-4271358 178730360
-705472119 812598774
753848737 907627088
-117419063 467007814
-549066605 312836457
-708425679 166922195
993016794 764557451
572975501 727923156
-690258983 477738788
156521500 732413223
988196112 231012863
-575656627 620541374
-273991524 903165220
847625894 554040853
-818806797 594082389
-412569386 128008751
-830861549 780199569
523810963 213053259
915690811 156832277
478807348 448853258
-310246985 995558694
-276457836 109427913
-211473652 267658240
-845913992 461394181
-316083350 632231640
621420374 140364220
-61148553 215889982
351376381 583308582
-95595137 515148219
-386703005 81678914
176687337 535934352
-716199019 941620209
876466959 91533060
-50109606 933475628
-778783745 856677444
-280302142 169852081
251281908 353325049
632728367 724744583
959964664 949326971
-586578622 405162448
-857289704 255868396
18413124 127719631
-277749048 883518987
-292826385 775603490
-399050608 792664869
-131808328 425592757
63185053 230048366
582377511 757843818
-265806953 149165026
584366817 835367319
468011451 337431287
-197026123 66487225
-492835670 89378515
698956863 747194098
759843174 936642206
-166307243 249309309
-674655516 219139874
-503954538 513347024
-490964041 56012803
-168738419 755812814
433917762 525833034
-436102120 980969353
-319200812 118074955
-548734528 712580134
345712806 487050757
-810938065 854323874
-49276245 840568705
-338688686 891877088
-917631732 326986380
-643797371 108467380
226144147 187156179
-485723251 33329279
-621919366 751654893
-286763995 181894687
-285841190 966732404
-942299909 503235289
-679401008 971005630
395204986 944926124
556849878 658655708
820973972 142011303
-299420449 214644196
-770117423 140155403
-161828685 735238268
182385027 104377723
346095660 710899531
-473139071 543903332
137280264 534982469
837713806 940294663
983995102 432404754
-484028296 716824151
-515796770 301419901
-110295237 88470189
-18833758 882232630
-806016234 282380109
841189306 138088457
364529061 847279053
-529877056 984220394
764077533 265769558
4171108 135245762
777326070 266157801
-656482710 10433575
-798047964 815036152
-224443811 800511691
-113254135 12976392
958470697 120602878
455100706 918556285
563859194 644530644
-585910760 762489273
928744762 829495759
561335674 980663255
593343405 661073327
-1368453 681423266
-730943695 285536690
-540975696 750303998
-58996242 258124792
-922695311 312047959
249401144 658046979
133154007 845240985
507794163 136121199
235553893 681449519
457139824 774966182
373868411 188660459
-675447097 244046125
633222286 83214645
-822459807 77806338
-775809024 346721753
-985494025 112838920
892264256 828024169
370802169 703016149
-888342997 92794923
-626909461 300273145
834236728 984478637
-8165187 85411471
-979058210 592783711
305554142 121926578
763815741 312857503
728710588 988453495
129967819 822459128
-192461685 282591639
581250185 917449163
-982694072 301541194
881204903 939710626
-382119807 933204739
-542718054 245086206
430890883 846918830
-159534403 903439666
929070481 620808956
615664546 264454643
-922913044 382194625
-551992287 798771680
-71260826 535520962
362188482 734362974
-552350920 664492240
288532676 314481741
-273411636 563965539
-45726350 55351792
551243266 666683327
767017425 747988622
254864798 171434988
-605699555 45265735
-758578255 204662963
-289619119 656262121
239954867 275615862
42667183 939786656
-784968211 37089364
-138407335 215287101
-732351559 327973664
-205008750 105835889
-275309082 989738840
751624289 319287578
-550432048 904461321
455064384 470520842
-129106859 277243957
-91936820 928331016
761934146 85086562
130633833 100976950
442966847 509566635
950712483 69218702
-490848572 902028716
724578551 441024881
-358618405 822589637
-570909673 390603827
-334234212 798980183
405535932 594716881
747536022 253360102
783473831 372091392
-579168379 67337091
-769672388 603139144
-957065988 590188107
-5156257 144146565
-899779553 797858474
-991229112 327716989
-325498012 565115542
-880206999 902987711
855410713 183452965
435379061 719525213
-255186697 858943795
804777757 573945289
-956888724 208919343
529912288 852152620
-93693373 307691125
-701769397 392945311
313024685 896887984
539728855 942077994
37731272 571092502
778774413 825650690
490275479 180346089
-800699610 49637960
888290300 779158068
165581423 599228105
61017361 590995663
-593549917 119294191
326132023 544602620
857579587 160061639
-662619643 317944793
267241346 600717614
-461851291 654978969
-784400220 412019217
-27057651 814893621
598115623 437556243
667510149 684589965
-287441832 567747164
796444690 986930174
952456534 835992168
-576452647 200173755
-818056070 180502803
-840471634 655154643
-472646112 200073345
798882844 214762015
883292165 672722929
35658759 265504432
-15829671 631058384
-821020413 484462535
-624192876 299775744
714367712 433730155
735830020 331636013
732056165 262931189
283963485 214986859
-610803786 791512940
10269011 525612917
-64352322 406551980
-401048931 386196000
-535664001 260118068
-794011896 116603749
-407044587 509381449
-820032238 531316959
652843522 620631256
365497703 698095167
-729192516 321094240
461086288 275567029
59673399 490839722
-118959548 681776766
-185699275 293286303
-61879620 633151970
276764154 332232835
154777804 993933965
241295710 243238400
781823975 443825718
876034407 739787596
796006093 606712161
982412184 774025397
-827166920 458372073
-861381268 3761536
597762061 758103150
-486018388 329630605
-742663317 213780092
480006845 802933697
-652729326 859549258
-570725896 707571405
-395787393 1137339
837783829 704901844
-752600282 99638246
476226474 609428126
660639865 923506456
680937949 168326346
-912407982 186954845
795251756 243809464
641126574 610548079
-172539491 616065271
-565537190 656636852
564870697 876212389
-92140054 378426681
613430476 48097986
-723100799 553229222
-246782115 889198611
256333268 301531593
-599717660 237990123
354032570 423720745
-881456379 780492018
-301342354 62381855
-914911776 156560047
569607689 605750947
563996895 111556915
559241135 529518111
-770260602 833759376
-698167197 951342786
-509834013 320804246
969209879 669172350
-291562387 240956669
520948599 460344690
-934196836 948938390
981486607 313328027
-768000744 492229945
-536484332 801417072
227640527 684470512
523725492 973719375
-495941761 999018723
-173746345 80523685
3559559 716851110
57937042 697440746
279945174 133539345
-726650788 457280713
359102698 730687460
-858532537 268333169
612048065 256624461
285291939 170065237
317373619 171553308
872692794 982301291
197193418 730189646
74828565 24451865
-419065632 251504918
894904367 469453079
404971922 687473043
-273645602 668318736
801938921 600679411
944578600 777702850
-413520376 290791228
-283184230 105647617
-619738867 553146737
142519545 785770883
-428639703 669811844
-939382486 524419127
836788083 351776672
866945118 616409534
-150983447 468997684
788958662 704749134
269273044 252309253
283700182 232012263
14161013 546325092
280260266 456369917
-746129462 518819603
-775061243 239365882
-974975933 291059091
-387534078 960183843
-687783129 965021447
425288657 154732980
557300349 693949258
-891683644 389787582
-255266804 950633705
302661444 454687372
-865054937 438265676
469888461 391400804
-829126976 873594633
866626075 189984371
-449880433 315118914
495333055 508687954
-499577896 681007711
-642188632 972062860
197544231 205784703
840155073 499475093
-77201624 540737697
502763137 960820173
-334250380 678749431
164937148 137874789
177088479 246896300
-830591094 507564425
-134658660 602542591
18034444 356093396
-121024574 510417172
-253455434 127965608
491752521 968455183
681745670 236918730
133299695 580252090
-544090230 324261649
868323176 140589462
654798322 324427095
-280907213 459256442
357214468 171921494
993946512 800939787
391718726 320751160
-676398294 751557026
-25081706 466849509
-942858153 691428421
299335997 74018067
660261358 493966551
-54618515 319925103
-162731058 729527545
-589979375 839512467
-779303357 489702492
-731953670 746118510
-794184867 474955567
-220902098 339433664
-261047314 429355225
-479564484 707167257
-507634343 220281973
-711742909 658339762
-962765632 626746164
-828574607 6921434
914840050 207612599
-81154074 613196065
770038831 593149777
-437904129 153019730
426010177 253527205
37384913 571448046
-628159375 213680500
-473977497 980105552
-484652191 257839407
878829278 708243146
-663868084 556388229
995076210 350936473
143874160 323875974
803907290 709256424
-717249179 486997473
-322457337 634596886
843475773 330238622
-950683091 520799452
692580197 686946351
-158340295 272609188
-282599604 277689361
-133838177 925249357
43214186 105508980
986776472 76663654
-572603364 115119393
-741451640 450749795
172645669 723757364
965502394 155904840
-140298976 632884689
86176874 171458994
-933030217 210035109
-528575441 428343216
619128347 338114193
-772673407 977174001
-211441785 552524835
845146150 53706650
-431519221 988770103
-211523551 633247336
-855588569 675487811
216827806 866284600
-933708761 723944595
-945044490 402611793
-521105589 601823858
12396716 744295495
39315885 74794625
-406170126 903036557
720529515 839624895
