1000
-274895098 -66852018
389803902 -851506617
-660031874 -688054974
-828947616 -809919488
25381234 -309636809
-418939510 -5891419
-311991107 -104342424
386959272 -233912948
-662189017 -569271834
453391306 -307281121
-777313565 -193863917
710587922 -191265957
-810921113 -840341464
324809215 -518634414
-490248077 -536926032
490728199 -497491287
-209127083 -50173941
989519445 -191236581
-473718647 -969214996
-753940272 -660936716
-300880799 -449366821
-648966706 -174644842
-97372975 -735196492
30926296 -497854216
-189647279 -657218265
881495273 -897572575
936697900 -565421514
142675712 -83404622
-39072934 -345945927
177309022 -215507366
268600996 -43550499
617030930 -116288161
357874620 -584964447
-329108604 -336166372
-247161983 -408636841
-550366011 -811110787
444627500 -615476439
-243461264 -559219068
-357153645 -255153774
-387393012 -347355960
-673076191 -927523871
-67849126 -278735119
367696517 -893085510
878987007 -722456003
-209114468 -611599468
671633581 -888652290
261354318 -566612677
-559194940 -436734950
755539906 -760561585
-963765405 -481419894
-821650158 -736029756
-16011492 -121320229
81475465 -711689375
-583953147 -620993360
-328090313 -946517951
996644872 -987881411
-566652999 -217313964
652872181 -601248306
293757191 -575776801
-486334300 -938301634
554344618 -366464520
-231867991 -507760000
-983749323 -661169909
116025069 -989856230
-990072149 -158213544
89354368 -905588315
-690177621 -451482254
-979697788 -728712625
-317442329 -623588159
-189759165 -194122408
-257957022 -974054399
426783681 -572617576
379755479 -594408255
-116700211 -880653576
-945801691 -148180251
401910178 -889448716
-853215145 -489516763
291544406 -422978784
249337462 -781341812
67126358 -608778592
751322437 -999855111
777959269 -421766738
241169213 -439560031
34245417 -653919721
58123077 -101594997
-148956831 -123906626
-336064111 -566361070
286728860 -577920744
-582663111 -287817369
497910355 -638870097
994070937 -714220275
682599057 -599314784
-361391652 -452468645
-837108719 -193563876
660035099 -140353539
-934114761 -871825686
-941258261 -261351820
-971223988 -437220125
635976924 -399015791
-51846132 -380271755
-181890079 -553842690
386004830 -817796830
739079109 -402715723
559367527 -728645378
-85077531 -766476154
-225001840 -605762765
-34502350 -530279530
808063109 -924553344
-942830950 -475257125
618603523 -426452042
872255598 -896559711
484898016 -497411526
576745750 -806213368
930072228 -393875833
-59819452 -471950205
570461187 -756598871
433064252 -119568806
-127211491 -343537982
-392860749 -54150103
934626405 -584203896
-318330167 -21059745
994016757 -965455675
462598803 -877359680
-835263820 -81681706
-393473161 -739389980
395640569 -928498131
-884979484 -332555851
-858987797 -417740337
-721274854 -240021771
-424289266 -843052585
287012288 -808201802
86419799 -323035663
-627259366 -245966113
-980359932 -166068256
63973295 -264855890
394981382 -428631560
-3653548 -970822863
-590605960 -483028572
662590530 -116123957
-972411834 -535572511
24816744 -417791306
-748175464 -985860159
-196310487 -820662917
509973306 -974248726
-155201297 -572320901
-804356847 -861852139
145681133 -545827478
-390924315 -711872625
-910795571 -832373042
566879299 -299002437
604395147 -412840828
-112688722 -811457139
247514321 -751441092
-152277749 -616150256
33845398 -78196232
733428654 -550182430
-105287171 -937855855
-25658255 -762382413
708459975 -923091918
381896271 -865663286
549841215 -971009573
-424696861 -267087233
790317401 -939200801
-700940511 -478942270
-279021220 -612191898
-293183835 -847486061
376272343 -968191252
-704061769 -888503417
528359716 -542459712
500001793 -451361718
840635409 -756327290
774826321 -783582697
-794945094 -807324490
-944139013 -577474238
34820347 -17272038
-313168998 -388631889
-742745757 -241349292
983696226 -401955752
-12515324 -559144619
-248161828 -310425654
-102020206 -21693977
-429574078 -780358488
-106479237 -776871643
-786869779 -341190873
21046159 -148595970
882125384 -275482991
-391394667 -765602891
666950532 -687438398
791006175 -606472093
-851471387 -259304018
-946158961 -339662988
-899941611 -570788391
193598011 -788846298
245796620 -539494691
465275986 -92923379
-897089520 -972349208
800598916 -421650542
327909743 -976463301
-740770129 -709400465
28941654 -744451668
654613149 -798568140
-428311427 -522440411
-884456335 -634088762
-49219070 -707036638
702765558 -859172133
-692513203 -419665353
15803777 -508654466
201455426 -495736952
-868127653 -322430319
-715040055 -790377649
-603431750 -488023482
962756722 -219411366
-776126016 -36934234
354463795 -558126197
-226799658 -595455478
-116712852 -690003370
695137049 -750498652
324258043 -474834618
-408768429 -878074121
778026936 -506921864
567909093 -535185061
825591118 -990052834
-499879155 -490937990
-547975658 -617492227
282948787 -104772394
-957059943 -215301393
942530554 -91414719
-766276380 -888197278
586396180 -692769438
714966534 -16412200
-110555077 -606202057
-425789144 -23214491
17952718 -396254578
309406895 -939901388
-513891802 -653074038
-547757219 -609609214
-257048769 -671444700
-892450553 -57843039
-724615143 -250048600
471608363 -544349833
94724856 -838345420
-992293858 -297729796
134752531 -739990980
2737627 -966292672
234318352 -444303351
-811289098 -85717406
-524820813 -250656971
98192761 -238131942
-454565581 -936759760
-836389298 -196338896
327527355 -570256962
54433037 -627245054
521755795 -863802505
710447454 -541569278
-29805954 -979084218
511241459 -923679178
464462213 -306225429
-107928173 -422043977
-247447763 -269226887
471585814 -106108110
158547197 -97723176
-539173581 -468617622
436073231 -101804732
-65394293 -83741772
-929680272 -711393588
-721688060 -821517959
733214690 -931356460
969572012 -154617417
851093121 -718988909
-360855624 -127137663
-539932356 -222577514
-128099028 -806071685
-272548859 -858630853
-417230836 -515611298
-358891301 -447850185
162596270 -777458566
259919280 -790119151
-483609242 -474238673
-408884234 -932160348
595662729 -508261005
-116999355 -418048607
-547608352 -731700145
405157079 -534554613
113335340 -935426462
-704190419 -725677895
-984131296 -569187748
-936716935 -204731433
-452914486 -73991804
-743120481 -598469275
-206861011 -878255053
-245956675 -257808458
114543382 -317982633
-217382613 -940249101
358717447 -919961615
-358541904 -412153194
666082207 -596516969
-144062895 -692307473
-573423813 -454577421
502949795 -509872477
-807004997 -221712575
-310234688 -856810457
798421281 -655928363
773860858 -141704375
793947571 -43033965
92607321 -323131224
809801145 -977079179
-797476088 -232981705
973381753 -335500279
952130099 -283656002
-351740678 -579379728
-541403862 -854319015
857214581 -948405407
-457467970 -953586441
-168972169 -915193181
947248827 -921083428
995669450 -849129578
729770628 -810941665
91734708 -836210645
-325447074 -234208211
-699116709 -338296601
873284736 -109558204
-652251408 -747761819
889482724 -869310215
521951078 -97701167
-962261683 -508883277
-710651247 -227721619
385463560 -196106963
698160631 -976627185
554810057 -802936840
165245076 -57676127
73489704 -479980298
-272965133 -226977632
804690841 -83375392
-673682716 -413941090
-648601253 -845113407
-511913891 -931930687
646697939 -711291015
593687026 -998896575
-391104083 -798700996
269934848 -224331794
-638595335 -906627824
200648573 -976216409
-386226833 -370157486
-782885359 -625302812
242586136 -879732686
-148889677 -841775571
885164401 -778893518
516726350 -842236512
617175156 -79475541
261799924 -971184529
125142332 -382974137
-488586566 -334950304
928176798 -718409336
994655836 -727461813
12250786 -424213952
-488018726 -252853088
-665678742 -101471465
-996054781 -866781218
818909643 -977079031
287339966 -832515299
-505745127 -855431963
34623092 -649462139
412421221 -908554801
-703191665 -410773035
459805481 -424415810
90967998 -916290339
786694482 -217804801
600222139 -247929341
371757492 -614423632
777906273 -174854974
438796638 -578461626
131408870 -195947481
593942419 -835714041
574044468 -926482093
-553438872 -645181807
527213677 -613800965
258624545 -518954159
852694579 -911180565
-819057700 -927724019
-885738604 -566381442
-880949298 -920722597
107654938 -297478872
-464715458 -745093337
469598581 -459351059
-802030390 -562300623
-297759450 -910659353
-346482115 -194946675
-556969939 -320184381
927136417 -476933855
-461945636 -623022524
-175849492 -457995222
-329409561 -574400321
-164861465 -965373769
-45490787 -702863714
842976207 -824840916
122848719 -121063714
-167940110 -236351
2138005 -771577200
712220581 -363336191
-965618203 -986204325
-530471012 -489974964
-619978967 -884778504
790780961 -110179499
228451799 -495038283
724720061 -906374748
-137437179 -767954957
-207390291 -374872812
58483824 -673680728
113787262 -537579946
-601060163 -986220834
-314952263 -922261907
-600217723 -475053006
817833027 -205311696
341072122 -266356138
-274004060 -165643828
-901638976 -367335537
-480723549 -501573313
727305176 -65873609
-484581988 -604854562
113703736 -721776068
-670728514 -460672816
968793889 -392778849
-29809031 -298152304
801768544 -492128009
364554392 -93916817
-443368245 -847519508
-642360717 -334455537
-666940913 -591783492
861230669 -425645591
-871489971 -135160392
236800856 -528917560
-570260676 -652795448
-33668500 -409142708
-459864028 -923145245
-468079902 -907988120
159045286 -176963688
183505985 -531301403
-346415050 -992308599
757024682 -803790883
799727371 -514907414
389719836 -59803328
-887125003 -886110714
-884274190 -995312558
50596555 -867687238
-551325106 -210152405
195126303 -94630920
-510007657 -564714698
247927336 -553473210
34039174 -972424270
-58575624 -950291651
460194624 -676336076
826376745 -730809334
276737549 -491234781
638996722 -620423697
908493597 -983466949
-841111640 -439525437
477029065 -726118645
123618803 -229039762
551708741 -412814985
-393284592 -481965457
699155408 -377706186
135425226 -18090410
-499545826 -53100716
895178368 -471113399
-527990224 -431200590
832500602 -671835005
246109775 -792879999
-150581993 -441405743
-434312600 -578816309
133400447 -703789293
-578559979 -934475030
649126376 -179486527
-589040762 -645497329
617919493 -724639133
-887081575 -471287876
615532534 -267004392
264628002 -130451894
615744384 -594248688
823924650 -915221660
46414650 -445486318
-792134670 -200323958
-5146175 -32399625
-784580958 -123755632
-670736999 -823295187
741851593 -194704612
-986741040 -367183563
-890757896 -753076949
-931079273 -387088092
-993817928 -540231284
989608281 -946595290
656380940 -869393821
-129956093 -992756489
982502727 -68587864
569147968 -540310424
-119460280 -509907290
726005137 -361261600
66875540 -221575556
-77594017 -613652520
59644619 -794588001
285202803 -390532514
-505025055 -671262634
-439169466 -102613101
141024604 -714366403
-465367282 -691173331
-75634845 -434342717
100514369 -863884298
917695573 -4344149
-648294863 -718017973
-953378663 -104225905
-57161298 -870197091
-80924868 -552460200
-163052627 -200689933
227385718 -253766201
642879823 -791879065
-557345362 -992609040
700104651 -251849820
-76067185 -333282374
953962428 -679436945
835739927 -999272608
-99106696 -900858085
-243116626 -530741006
427340880 -377533677
409393889 -514447403
218893783 -837701292
-933441648 -265559489
-291924284 -353801233
-722579425 -366069828
448224274 -483685492
-273294139 -120041556
-767429189 -546364446
628510301 -324952126
80876089 -742591424
-544937682 -568366458
888544977 -33134072
-221731705 -730706988
852011670 -788029138
-846963112 -28746405
-16683299 -607606083
-366317757 -957225184
-990595731 -901417646
277430810 -565534728
314321266 -688804961
-194791063 -960888815
14423059 -556658967
516114204 -722597527
209649978 -276812917
-490699996 -367978923
223472329 -584824975
-748657977 -132912132
478522200 -377003874
687910876 -245312294
-930367942 -900587610
618986734 -96763074
-453707175 -944580556
45723533 -613789237
-306167098 -64789626
-462319214 -807524869
-657327221 -521249044
307715427 -680449385
-873262967 -611990452
467521514 -159824320
692449996 -340862815
630006684 -172304406
428217678 -325231497
822710681 -546079908
442341722 -223488399
-333962585 -38612047
-406829106 -286201404
30099452 -637969447
654806294 -480054087
-989755278 -990100711
438664455 -962260689
-269750912 -927331449
-681954159 -756550378
-33215249 -514835825
834637443 -952761611
-506602659 -841056912
332527189 -877531036
590979209 -352350272
634192282 -489191277
-332854770 -807349276
388642479 -586870078
832681063 -678527591
-513301608 -548682553
956748313 -460048786
515270488 -414848629
531369844 -777115577
625779482 -275012211
374377383 -564762660
-358572541 -544807075
500954420 -487397577
-771802453 -706717150
-858333177 -934837702
-389419680 -103987691
211982872 -179798249
599125414 -558900476
-825755249 -519620906
617027544 -1581360
-837581495 -809273390
724387569 -333124625
419596094 -505171908
704773854 -8850966
-299486658 -952522601
-514152846 -7813152
-358895210 -665337798
201205726 -652687102
-141185375 -179423279
-429745726 -585415403
-282660989 -306810403
926847187 -904904461
-976169844 -4262097
877998067 -573673718
551634725 -711326351
-314326074 -116892197
33659144 -84456035
998432719 -837534596
239784613 -599118205
499527092 -388641001
-781448569 -435377336
884383812 -631808663
751323139 -972031518
-555393769 -663866557
-110300560 -4768355
-339969189 -693705971
619718248 -969489000
767329654 -187975106
-554523582 -672453303
463177076 -551264795
-736644453 -281611019
-659751280 -636272861
-334348704 -222802887
-636889280 -356716113
-434276650 -537540476
271503107 -418384815
-785051453 -463225446
49259766 -701526169
-754445185 -791784430
180385653 -654304413
-449284526 -645657127
399448692 -414522550
682733980 -224121682
-502479126 -364190922
-529884537 -597533533
547720397 -808265002
-849268391 -684751198
224106203 -328172055
538077609 -4525850
913005758 -269356858
492307524 -248163970
-311259119 -317049640
-625541075 -416061747
622382236 -798212838
714257189 -31992819
-116283068 -564131169
603371826 -667466809
-379604606 -862522100
-116614764 -436172196
339120113 -888368356
-853116442 -492829568
-949738538 -283514085
-821227703 -56268871
434420441 -194069652
-936636250 -333075228
708992714 -212516604
-478766423 -438366031
392357088 -433780756
613665742 -28647390
-751980995 -136297534
375612945 -857946352
816384745 -593019336
-206880457 -93728602
868187463 -543819372
-574064546 -962050588
317690390 -533329105
-564367286 -608117219
439832999 -281501706
-190228107 -779238023
998933633 -439471892
-164257603 -665669772
-20076645 -203394650
-382228144 -383461027
504862451 -105856819
-996574793 -489854248
-503661958 -471464288
254732227 -898642852
743438164 -780561041
497356595 -621390410
74907680 -39391
-536597843 -209017723
133916223 -636966737
367728644 -847175493
-225276559 -746070361
-733216483 -587804894
334990390 -522966102
-210106858 -995216427
-408226951 -948497939
851102911 -666783550
143450258 -713971012
-810729276 -819788241
-510986980 -382639885
456834648 -713812686
732480098 -774046333
-339824536 -675792328
-850046179 -747956237
283804700 -533296257
-437987290 -925691172
-793017181 -609068133
387814318 -949589908
-426580569 -733973003
-905884971 -335704860
826194204 -791828153
-162440547 -715630310
-394979403 -384063967
-664874387 -34604808
787294645 -274645144
143668983 -910088197
-42629839 -975632687
294980995 -856563788
234560186 -556020374
257906048 -53706677
-814415633 -8020462
834652045 -306240777
-783165625 -205803012
-295118535 -705789305
-427466896 -532821200
659878158 -141387812
581831504 -859101430
-712788269 -272778132
164688801 -99532103
-379296239 -70250815
-876395249 -392715327
-185916494 -527367432
-675901200 -840234374
-406068390 -695196861
386162487 -359720818
-746405198 -601562521
-271225174 -797689985
-435165952 -499600833
560192572 -193513185
482888412 -419288521
797341812 -172562923
109274160 -530687535
-726798586 -614903201
172530079 -685671644
-442034849 -689048117
329829323 -318320808
-531663360 -555007876
288290045 -968950485
-706535340 -319831189
-902724949 -251013777
168947583 -373713180
740963429 -384748663
-686247156 -765832443
529686628 -577631244
428059132 -130272702
-140117368 -339100484
-18605467 -9986076
927738829 -855649788
930664840 -727996283
-215246944 -421476736
205226717 -461012331
-816727454 -569736197
604882060 -905613096
44652433 -427240493
873398142 -963369754
-635697347 -974986888
829472801 -727938134
600699605 -992769807
665857495 -94716444
-908742196 -651211946
-520870130 -417378137
-178216911 -42329257
-123885032 -741756965
-927420224 -125373517
458100994 -365687620
540161504 -216265278
964951211 -590936999
-378471875 -192899092
-796915563 -768608746
-41746540 -91249104
-540550900 -709518806
-672147080 -78339938
-968218070 -612226526
381347123 -157553187
-472463076 -207563428
-581825947 -173661786
555099105 -777260147
22231886 -941969082
619732564 -577849540
-785140325 -379539936
-325252880 -22373308
-466569968 -223896023
-712277931 -91106730
353531857 -233275285
85712620 -117686923
-908226064 -897395326
143397013 -52701064
-690798442 -614875614
-924071354 -274922613
-276969329 -821123185
-177938495 -668164946
852852752 -792802781
672913994 -823898572
-826884001 -357524533
376658433 -439962810
-416178096 -778137462
-380455860 -408954786
-554103658 -437268235
845087556 -969764916
276896143 -917017418
-195939840 -136778188
-982245393 -788279542
-70113385 -398651122
-826029177 -835675837
-390797914 -374333147
262539678 -456685754
-871480439 -173890791
-596260497 -298540531
-720161878 -397016099
-660592957 -166527450
-334269641 -258467015
-970943746 -331716558
-703693011 -762245559
883312117 -983933081
367614403 -987766276
538744976 -980125169
826602801 -892142186
73120212 -738867705
111511201 -244004050
-513797303 -995156671
175045704 -166876623
980787278 -66394046
-562832804 -29290531
355762019 -66369372
-768889794 -391309369
-492149907 -5318251
-126700878 -586024363
-530545195 -390635945
-135325758 -891662011
308500653 -156863810
709751077 -501088732
-378777025 -977136203
-178667444 -651364136
-782203598 -286131783
355754506 -539384809
948044063 -477078692
-970260061 -280029203
-854823982 -641631805
-763106813 -949575622
378440775 -404474071
-378102938 -686602446
-208906356 -525560486
41714327 -490495013
-571487986 -774838728
231348016 -416327534
-415084320 -74943430
183702036 -552236153
686106203 -480125208
-515474802 -600634564
-453080766 -913466016
-213191205 -884059895
989824040 -201080620
767586876 -129163877
989305991 -366874358
-948132665 -104573583
852567081 -982171941
-541206450 -176529058
409696366 -720664396
-141050707 -142331638
275922224 -338413800
725521097 -15733391
-602819345 -883059941
347323501 -189093022
70224961 -948709656
-136239631 -93836799
-774282104 -790941635
-545210312 -155374267
-767726258 -866800406
970465658 -200596869
-417521114 -929609898
559898717 -736315711
-391065653 -636787974
-497032984 -558599796
-233436691 -556215581
-914353556 -148295902
317082917 -583865292
-742483152 -395976415
87912793 -867848542
861459166 -575909130
-125133511 -367734026
708296795 -105604505
51899619 -165748337
-838277464 -107443190
-623322834 -62428963
-704888302 -594956341
-827797642 -298184729
867994437 -679334038
-655824477 -342323514
-722689446 -463806726
900536607 -256615640
340484711 -898112668
-271466542 -442694450
-879494073 -887220510
-856814938 -188975602
6953699 -801166460
996002323 -282081711
513574462 -393930834
-387361950 -11451754
138115615 -631193960
598764076 -652549138
595806486 -342480179
-35465279 -648772610
-742065663 -647130452
561898135 -621329024
-824788170 -574796566
-241299344 -757147967
-36770916 -639370481
-422418958 -289190363
-542841320 -477718028
645223554 -283822945
-801300537 -649294773
242107039 -230389191
-412185992 -694409961
572975020 -343119726
-312624749 -906841041
670759208 -491687077
783162634 -263946560
635267006 -356227879
-982113366 -507214392
-520192464 -613607833
-593812188 -37504868
-97296355 -168093968
427314474 -523183262
365673829 -385374343
63063941 -698707048
692946778 -938928235
860686287 -499535733
-493027069 -424019473
-57411519 -397465631
129478289 -382086460
-419543093 -310214640
-93622551 -193596826
-17454884 -459815708
351655371 -717084742
596345957 -393728003
685515699 -977988421
-86407058 -138518706
61434388 -648295691
117140058 -74093152
-248642488 -231926
-753002515 -36865779
-260283448 -474129871
-113531401 -835829883
-347470448 -126549326
-535120190 -642557620
170499998 -812332949
687235119 -529971846
976410984 -172917682
947059480 -865649030
-48645998 -920828448
-18552896 -852322677
943161976 -941446212
289057228 -231330238
-79885286 -179302386
926759181 -131178234
91946373 -500944103
-221218145 -159366253
833856489 -850158671
415566445 -561771400
851886533 -647291966
-711276101 -685379943
-142022268 -512591161
667823955 -847839315
263941525 -390357933
507687847 -298046784
-855831665 -806033268
-11999000 -216119117
-714773944 -99953493
299982528 -834308937
-229925384 -8398467
938524950 -187794218
-445989326 -154557467
-443359557 -161522582
-863576308 -612042408
10156796 -204983644
841532507 -150431649
-988642698 -566938874
-659654307 -579515624
-692722426 -777975319
344274144 -409415242
206832335 -603014408
-759763480 -414036739
-352000074 -248014925
533822471 -338327354
-572207065 -606663186
-123412241 -758387583
-963624236 -103104945
-166785191 -755810386
-227791639 -776781613
842371649 -472152989
