1000
53002305 -5
-665815462 9
689403269 -1
815550218 1
-934040170 4
594591504 3
-215171334 -6
-901861629 7
781900901 -6
-5253395 7
37362380 7
895990551 3
917529470 -7
177560939 -1
-932153125 0
-906890602 10
446438321 8
728624812 -3
457406228 6
654758514 -4
349021532 5
581058948 -8
-645858831 -6
38284508 5
570401622 -2
742336464 -8
449899812 10
-816921836 -3
-41198958 -9
-732133391 3
-946392322 2
190370611 7
-90641807 -2
29809482 0
524805435 -10
184988477 -3
872101300 -5
-275277125 5
910678167 -9
399059324 0
118078343 8
250354443 0
-179516724 -1
456646588 10
42140893 -3
457322462 -4
20467566 6
65605249 -7
-583766399 3
-31252947 -8
-817945465 -9
-496302481 -3
858641984 9
-310854811 7
-197252562 5
-272781685 -5
70379665 -7
969937802 -3
116655817 -4
698988482 8
-122169412 5
240538770 -1
-147778337 0
-234938965 5
217655690 -2
978260159 -3
23432314 4
612378987 7
195339798 -5
-510477182 5
-23478986 -5
399877077 -2
-156876367 -10
718592407 6
891907258 -7
794988699 6
78076063 -9
203131760 -10
519014924 -6
-837395664 1
-557735421 8
610360538 1
-389104876 2
348161918 -1
-875806411 7
-411736706 6
152966320 9
822695822 -3
-971672602 -3
-215483997 -9
805304284 -7
-168228330 -9
378822256 7
820848504 -3
-36092184 5
960254390 6
-554186024 -1
895072256 -5
-751793092 -1
472611299 3
704072148 -8
123524167 -3
-478283830 5
-957201817 -4
368853245 -9
-172746981 7
-596373543 7
-662056684 -8
822717876 -10
146712129 -2
-292194372 -4
-659846900 -9
722663623 5
-86409178 -2
-175187558 7
616069734 -7
-510281730 -1
-132844112 -1
968175328 -2
-873023445 9
-168010908 2
171528051 6
848657948 -3
262332396 -1
-519845184 -4
971587143 -6
-401608555 2
-803305693 8
-437143613 -4
-609444822 7
-630587844 -3
956543926 9
-710014553 -4
-778657100 -7
-577752216 -9
71280270 -8
686147448 -10
-728103498 1
454531673 -2
318689503 8
-445583325 8
-825879121 6
166859422 -4
-984562707 7
-718887397 6
185986392 0
231039138 9
-965647403 10
-577819120 -5
599657129 6
881185839 4
10543233 -10
372042145 -7
-4613406 -5
-521909992 7
-371224913 4
-22020991 8
-65111588 -2
-749441836 -9
160366075 -7
736274453 -10
-238729942 8
-138871890 8
-988693474 5
-913824494 7
-537468623 3
-499368055 0
178147523 -4
601921880 -1
-531577057 3
-327321714 -5
-227757194 10
-756325288 -7
-707858081 -10
-6761824 6
404256033 5
649459663 4
876902920 -3
-673158406 1
738087283 -2
221726800 -9
-34209075 1
591529039 6
363747063 9
-615322624 9
670885229 -8
-540772001 7
-518546598 -3
4246793 7
660563930 9
-422312890 -9
152864229 -8
249795495 -5
980659008 8
378465149 3
219235201 1
-911603281 -9
641191533 9
-6915516 7
-93091076 0
512605750 4
791745940 4
-417896775 -8
294337837 5
-840351264 6
659449393 -5
-345957570 5
604062934 -7
195552219 4
584430229 6
-205944170 -4
350132677 2
555474517 -8
488894150 -10
635529961 -3
-420501955 -1
776027878 -6
888051737 -3
350061134 -10
-956596757 3
-840072093 8
976601635 5
-814177299 -5
-799475909 -8
-212722902 -8
192151667 3
599217413 9
892256749 -2
-635607205 -6
-19237304 -6
156023563 -8
465922497 -2
412770896 1
-832300447 -8
-72746185 6
-938751215 -6
-802016998 0
413665474 -7
453579196 -8
369146405 -5
-422488782 7
559841968 -1
55263024 -4
-303506376 -1
-874614891 8
-88852231 -4
-386210335 4
341338819 -10
-986777359 -4
-664549134 5
-309011021 -8
-639991323 10
483104536 2
-57062454 2
-287032577 8
-196488335 -8
58911575 0
-849605741 -5
-839087536 8
859962514 2
49632250 -9
857324381 7
350812898 5
-60571888 7
-872851262 5
235597786 -4
127262021 9
66912636 0
-50745217 3
778638174 -8
705562465 -6
-372027127 -9
-238150425 -4
-452453045 0
-873213939 10
179374755 8
691638576 -7
137283192 -10
-716132594 9
-964517562 3
-178249399 -1
-476162028 -2
-570095578 8
851924941 7
131588063 -9
-106037480 4
-24808054 -8
-496506077 6
-313601866 -10
805217592 0
235138262 -6
-782852160 10
-188927949 0
407800955 -5
60329760 -1
-630961804 10
706638523 7
-800470960 -2
679891640 0
-602817411 8
-448029094 -9
-507223159 -8
968534330 -3
465877078 8
-587024634 7
-172404070 1
-440856639 -6
-908031697 -8
189552674 -9
739031945 0
-239878021 1
966799793 7
-258363842 8
295563277 -1
275813802 -2
106556450 -10
-185492901 -8
-630664951 -6
372436028 3
803108489 -1
-326485159 -9
-399872848 -6
-893595086 1
590126559 4
-953001045 -9
-657727842 4
-668103892 -8
721680746 2
-560079292 5
-539202537 -6
-475048907 -6
400326493 2
311963903 1
405913717 -7
-884139066 7
-501884096 -6
-805065554 2
198371857 3
597906275 0
-925569564 -9
-209910520 1
25273248 2
324320151 5
-807734093 2
-980580326 2
-531643666 7
227674879 -1
-656477478 1
-332009751 10
-448193855 8
-560270559 -5
193723110 10
-846493558 -6
-186818674 -6
-666997925 -6
-940814989 2
7352512 -10
-985879313 8
320560563 -5
11624421 -1
544432506 0
521094909 -7
-525668993 -3
-419290584 -2
-930791030 9
-131344519 -9
-195246005 -5
674239948 -9
-134053652 -1
709382104 -4
161283138 -2
65526556 4
721806931 -10
-503843370 6
-897831810 7
-801109721 -5
318415066 7
-643926593 10
879543625 9
-722705048 -7
171079993 4
-312384115 -9
39094366 -7
-297726560 -2
-360747237 3
970579607 -1
216020470 0
580529037 6
531623495 10
888902079 -2
-256627350 -1
72254669 -3
617237952 -9
284395202 -2
-231820261 -3
-885716856 2
-299428447 5
-635175404 10
709838202 -3
-922489523 -10
-651599776 9
-508279600 4
707863091 8
233444101 -5
-553536503 -4
219559918 -9
78026155 10
-788000352 -2
-713771556 -10
130408192 -5
-2114460 -9
806471460 9
434885034 -1
-718771489 -8
-627290779 9
74655014 8
-791637228 7
-632590016 3
942057843 8
179468629 5
898446277 -7
739079803 -4
769509577 0
-114391175 -8
-973918453 -2
-219743072 -10
477300123 -1
-593232923 -2
961460775 -9
-876931859 0
889968181 -3
30626801 2
401982222 0
220128392 -2
-581694018 -6
851323674 -7
716120576 1
646803912 -9
-411833925 -10
127601236 -3
474379443 -1
-363393512 -1
-33942778 -10
-279219244 -3
-344999177 0
-244585403 8
477717305 8
-488080402 -9
276652789 -4
-722868681 9
450962783 9
-117218826 1
49676846 4
845568692 10
-664784319 8
-837060056 -5
-981631858 9
642182709 -3
587892691 -10
-990286258 -8
-369610884 4
810666043 -2
266739407 -10
-920032993 0
857242877 -9
648490308 0
-218987548 -8
164851225 -5
267102361 10
-897645217 9
995449774 -5
848306352 8
-480008886 0
64891496 8
711866647 0
-841390679 6
259473399 9
983341555 -5
-382719580 4
883161725 -9
-317110291 10
-837393842 -4
-777793511 7
887659433 -8
443389349 6
908845849 4
-468548093 9
785945860 10
175437189 -2
-911240941 3
157458464 -2
727786609 -1
580822078 -8
-290712609 -5
-433507519 -8
754470540 -6
-720764905 -8
140069735 6
-725259313 6
8401676 -8
-796889474 -5
-322493359 6
-551940212 -6
419799476 9
627705012 -2
994521001 2
881324110 4
326900025 -3
220334682 -3
870687907 6
887081472 1
510188374 -5
896571296 6
347526017 -10
-744129013 6
-557802718 6
135215144 -10
-67159449 6
-363238480 -7
32549269 3
736991585 -10
-980408914 8
850141974 -9
432924327 8
-356335879 5
-717642559 1
-878567832 -2
-17369421 7
238211780 -5
183302398 1
-841617643 8
110337344 3
789534941 7
-190908348 -9
42210498 6
-490499183 -4
459807957 7
-433860471 -4
-695740405 -2
-221190280 2
-219842216 4
-575759565 -4
977459553 4
317184897 3
-574722474 -3
-872906645 10
384184428 -4
580035615 0
-767382944 7
-724620046 8
-300463971 5
-61391550 -3
454094226 0
-723337639 3
630691137 7
56520415 6
-181556881 10
28205797 -8
989950405 8
-377269183 7
997500478 10
-469881031 0
179669764 7
-723600078 -7
875552292 8
121285111 -7
-239251779 -3
-588360441 10
729841075 4
653827212 4
12441213 3
149905590 8
-596146041 -3
-586473202 -1
-407895588 8
-26427395 4
237899843 -2
-460202292 2
534583039 6
-2556085 -8
517689682 6
606642722 -2
-289784306 -6
-66237230 -8
32099131 -7
853817295 2
286906723 -10
69636264 7
-155766837 -8
-117688485 -7
204940976 0
200895526 9
184777022 6
286925158 -5
-290057161 0
586299304 -10
458240571 1
-543230925 -9
417009217 4
-457785865 2
339220518 0
-949654514 -1
888465899 10
148794397 3
848668544 6
708289570 -1
346122179 1
661250116 2
-672374990 -3
784408063 7
31453751 7
34460118 4
-50093031 -7
259526626 -4
68457328 -7
-346256806 -4
-995519500 -10
187312284 -4
609781814 1
-75769819 7
614944867 8
762287161 -6
-859383519 -10
851391750 -10
-573791041 -7
-807740696 -5
866325881 0
-343376111 7
-50954813 1
-824777528 3
927371031 1
466751703 -4
187845901 -7
242317396 -9
-343762972 7
667804457 9
-815846879 7
706821739 7
-377563939 9
-53279682 5
723548512 -1
701736302 -4
355168412 6
372103003 -4
698987948 5
785975719 3
588359184 8
10519879 1
498371967 -1
-72408157 -7
-338481637 6
60084362 -5
-752229137 -3
263540765 -5
-752997409 -4
681744179 -4
-533221447 -5
-583790662 -9
-677664018 7
634874007 9
-414334893 9
-223726960 4
319881542 2
-180222169 -6
-471976294 7
-354502938 5
-163834481 -10
-584573022 1
-306364591 -7
-772204437 2
-565727712 9
-659178293 6
-124660331 0
-646349404 7
842548705 1
-116333338 -7
-2106736 5
-215961876 -6
-175256472 -7
262449750 10
674093572 10
152175138 -5
-673251878 -1
780336027 1
-255029936 3
450753831 7
735958978 9
918996911 5
-143696292 -4
810429545 -2
-798586036 1
792919304 1
-288587470 -6
915913696 -4
185129055 2
820609277 2
288896135 0
-130466266 -3
71149129 -4
910349479 2
931321645 -6
-666083805 9
-415532935 -1
-80173393 2
972715888 8
83430321 10
551205807 -10
-677556496 -6
-46566377 2
941923233 9
541874884 -9
711488907 10
103311834 -2
242737560 -10
-126033947 -3
-140317917 4
-195523905 10
52616435 -7
-426489358 9
-892147294 7
145875150 0
-921361014 4
591015079 -4
815999455 -4
-326721393 3
-456725108 1
-354112606 -5
934986601 -3
-404513590 -2
513984577 -10
-226087293 0
151027348 -2
-194510632 5
418366986 3
-444406664 -8
419825430 4
-736213718 -3
31558834 8
224230894 -3
540696017 -9
-971815136 5
-622670532 5
780355093 2
-382292305 10
-674784715 -10
324789336 -8
905473552 4
-472930565 -1
-223351161 7
942040222 -7
-335058019 -3
961967459 4
844607970 2
412467011 -9
-651317349 9
948985918 9
-488641471 -8
980261605 2
2602449 10
429850897 5
-801263645 -5
-103427927 3
-175931041 7
-952576495 0
-813459546 -8
-832202093 -5
529932953 -5
-334937831 0
-468291130 -2
-48561844 -2
196619621 -5
-102840240 -6
-468107569 -5
-385123292 1
-379191148 -5
285736019 4
-543578785 2
-326675205 10
-68294587 -4
-211578255 0
-985206314 8
207856429 -10
-639051466 0
370877153 -8
-25733286 2
-466040003 7
-936665579 10
-948217755 3
218509321 -2
95455914 2
-990652323 -7
944114957 -10
-585893499 -3
-816851946 -8
753515785 -4
-638689406 -4
66308061 -4
-725714777 9
-286094473 -8
-180498398 -5
205524180 -9
-966957396 2
155856781 -5
-650426102 0
-883719991 9
646764469 0
-912792679 -1
-215338043 -3
-729235703 -8
178288090 5
-587965491 -1
511534299 2
-759875234 8
-943562586 -1
-717007307 -8
865463593 6
-64844516 1
10369182 6
501597833 7
-84034379 4
-612613184 6
-601498739 0
608318378 -5
-582074375 4
412278876 -10
255285890 5
610472658 10
-570426233 1
511404020 -4
661111582 -9
-912690033 -4
-867181692 7
-111310046 -10
-500219656 -7
390230984 -9
487698557 -2
-132268301 9
717441594 -3
-886890939 -6
-494090617 6
-651189140 2
-533401718 8
145825415 -9
19531403 -10
111137315 10
931868021 8
-606700348 -8
-682979479 10
-143362819 4
335641355 -10
123451180 -5
292546336 -7
497744290 8
457094835 -8
-998318654 -9
494908907 7
773782092 8
-56000479 -1
-456399728 -9
900407033 6
-790095031 3
24345910 0
372969584 -2
-911791136 8
-928807539 9
-321359023 7
-859095662 2
-283293191 8
-440989147 10
-79532190 9
-477351747 3
259475934 -2
567712927 3
-760376609 -10
34569504 -8
-17304771 -9
-66134728 -10
433864813 -9
117034132 5
686343517 7
-114017432 4
-218286681 0
935220151 -6
-433202760 6
-473660798 9
-238824420 3
681036444 -7
911521512 -10
-517126881 3
140425443 -5
677380027 -5
98428133 3
-129655062 -4
774999322 -1
884774033 -6
-332844113 -9
-991669847 8
528881877 -7
430672332 8
841152677 5
-924106501 -9
-553019952 3
624143733 -3
-477903945 -9
775886015 -9
-129958049 6
-770151212 0
666932141 -9
874616171 8
-921790900 9
-244263042 -10
348310486 1
-357355480 2
713299716 -3
506145824 -5
17759896 6
937410816 -10
752537406 1
638601044 1
184773863 0
906975065 3
133296743 -3
119192642 6
-892280314 6
-486031427 -3
-467868329 10
-118700566 -8
-73412294 -2
800502279 -9
151432463 9
-460929424 6
-840644621 10
-947137806 -6
-728438275 -6
960890971 -3
-915570387 -6
-201765967 -2
-874854205 4
59042471 3
-265259911 -5
-446419826 -9
175682228 -3
841248469 -1
254441139 1
-828394592 5
79449131 -7
336752078 3
-698138263 1
-362118701 5
282209 -8
951026394 -5
-321026481 -10
265395411 5
512115074 -5
-599604437 -1
929434058 -3
40699344 -6
320990817 -5
-837178426 7
894111379 7
849033576 -2
547776770 0
-410404663 2
303350692 -4
505699013 2
-304323641 2
598460703 -7
-121880304 8
-109576479 4
-315816713 8
-607856094 5
378576818 -7
588112054 -10
-331387239 9
217047568 -3
832664795 1
438185738 -1
-618512879 6
141189610 1
-623079459 3
-681917701 2
-630232140 -5
-831099191 -8
369562351 2
158163997 -7
441404076 0
737834485 -5
-112557376 8
660727559 -5
628412922 -5
-529691515 3
-441358063 -4
720513929 5
524675855 -1
334524857 8
-794716480 -8
-727437047 4
673798501 -2
-946190360 7
-649603125 0
