1000
123680559 2
-108175189 5
369272037 3
311431835 8
378818714 16
71130794 19
894544994 2
503249109 16
392242473 1
-716033829 4
197821212 10
151823418 13
130559519 10
-358403941 7
-670315098 5
-252024197 5
629134268 19
-628042539 9
-248166572 19
-418116761 5
691932562 1
-590101193 20
238715891 6
-30064227 16
-939778229 18
-431326256 19
-55268280 16
989934472 20
954894611 20
-491442447 1
60028200 17
261471592 19
668136897 7
620931096 16
-435416676 3
185023905 12
-789870125 15
906487767 1
131959970 10
-884917953 15
-713917052 9
-529201440 7
704029087 12
178646835 9
12392876 1
590020935 5
859359091 1
-647532063 2
-60336831 8
-866290304 0
-185928950 18
160258518 14
-356465483 4
-375493148 13
304566257 20
-395036667 12
428222137 6
225848039 12
-477244899 14
346913293 1
-944532728 7
187512235 1
-61254689 4
245572913 4
-324030227 12
156229468 18
-369787116 7
395918023 19
-141990785 16
244467377 6
875900814 2
-166589177 2
635736921 7
-929736936 17
716370426 18
975540665 20
-73998054 7
359480586 15
502393727 8
622366426 10
72353777 7
-353763191 5
254012669 6
-732039110 8
-88027427 14
-314892694 0
-897035253 18
-899053410 17
299235923 7
-444595328 5
313378926 18
-687074388 0
-466297899 14
910518731 1
-443756528 9
-679340357 15
-101651802 14
845027480 20
965180251 7
448768442 17
-428829020 0
19397351 0
-658565628 12
108302127 6
120791829 1
179328350 7
960478561 0
399517608 16
-436152671 14
565121591 18
557656506 1
765011593 2
-406319185 17
726166239 1
549794801 15
735356322 15
562646669 19
-116330946 16
756937341 5
49798224 8
989412027 19
-962025512 1
120843392 14
-862514838 7
353588547 19
-607089067 8
-197246138 2
-77876433 1
-501252753 7
486005598 2
-363713415 8
720537118 20
-561943507 20
45073998 13
28407383 20
513676407 3
-986290244 15
32281632 7
-712713033 13
-44711200 7
48599050 17
-390389611 13
819971218 13
371465746 1
-540716071 10
-82006632 20
-161209920 9
196470788 15
80370816 10
-638185820 6
9185022 3
-105468864 6
139689331 6
-172610580 0
-740088975 11
929376433 3
-292134395 12
-701060498 2
770440341 13
-713389655 8
-865342553 12
-557049423 19
919913249 0
760904577 14
-661301863 20
-391713353 17
-788632458 14
-291187108 2
-547554176 15
481008721 7
432130525 0
424368024 10
-525064863 1
-621137720 15
-698214509 8
980846347 11
656117101 6
917529461 20
-403113103 10
-72541768 3
484808549 12
472595732 14
852890092 18
-649147338 6
-614413042 14
636073334 13
930689643 11
-94811967 6
-291355425 19
-394596656 16
-318973232 1
-892785867 1
163578388 11
189806551 1
383427905 20
-987764419 20
-257498714 16
-668477730 5
-954793724 6
-81370370 13
264320506 13
930408645 8
-382089016 10
-372574503 9
-897358324 1
-114107082 9
-802071654 19
-272418333 1
489814323 1
-53427026 8
-832605575 15
-370213151 4
-473022862 5
578431275 17
430152208 7
500065437 9
193970133 7
-94392498 8
335618229 2
-907019353 3
-171143210 16
-897237840 0
2782892 3
640822437 5
-135937103 0
463392349 0
269800155 18
-459112078 17
-805238793 12
338576344 8
192864168 19
164065412 9
170462800 1
-592942158 4
790585138 18
-552840219 20
-728653424 7
-432174980 3
949168129 1
-416864170 12
-466850578 16
678834799 8
-927355044 17
636384340 8
-462643419 16
-666637672 15
473132845 8
230363478 11
-8620810 15
398704597 13
-624652413 16
-250653543 5
-956523821 0
692143151 15
402388335 11
541629453 1
912441274 17
895909875 1
-331984642 19
-638140052 16
-663297721 14
120661639 14
-347695852 4
610963978 9
-759848480 16
-388726650 3
-918554942 12
579308454 9
-753225166 20
992960481 6
980177988 18
888166352 1
334810258 5
-989769012 17
-909554600 7
-954926842 9
-290148894 20
-426600189 16
-55345737 4
-753189444 20
733468977 17
854403308 7
-182396276 10
525020008 20
924122205 6
68176457 16
143992220 15
389889455 15
704216304 2
-636171682 3
-369636191 15
-765129593 5
-6727404 3
-670916104 20
615963599 13
471762584 9
225103865 0
-656035096 10
643883976 17
-6773738 6
623212319 19
-239384789 17
683575479 1
-301995817 11
883229399 16
-705780712 5
-638426220 4
398001792 7
-703257047 0
534012413 17
-881944825 7
-921665796 2
-428605054 1
-188210988 5
297525173 0
-147253639 6
-913407177 1
233001271 18
-49784289 3
758727261 9
526330812 16
-228929565 0
-235736914 3
642161191 16
640378821 11
947661020 10
-707227061 14
-764126074 9
23306097 8
-645407722 6
-485601193 5
217548715 20
-23001697 19
888987302 16
29896367 18
-315657723 12
339594996 12
-657711898 14
660847184 5
95300023 9
-3591114 16
597733099 18
350735999 20
848018445 11
445489230 3
-682934108 5
644012618 8
-741268207 19
-187818597 8
218085220 9
-161082118 14
331275754 5
171676244 8
154806966 17
402975165 7
137381535 13
711533914 7
-130050206 7
744921505 15
688023269 0
-202146845 16
-656795305 0
191518965 10
317994825 8
-13084481 11
535122681 0
182103204 12
-582504983 17
-62162733 10
555538017 3
-832737146 7
603077908 5
211494587 0
320435183 20
212487859 15
17306136 9
651295885 0
452310316 19
-568983142 17
402116711 14
36670928 14
-171573289 14
-501981327 16
58347802 15
404777077 12
110455006 12
-484917700 9
37912857 19
-23915742 19
-83967426 4
-199262419 19
754655344 8
-842844845 5
270341089 14
-835288626 19
-538299735 12
35805180 12
-285119206 11
742416618 9
-743256332 4
101614379 18
-971074228 12
981560096 15
-84445626 13
-910213627 4
-435232420 10
-100700513 14
5613796 19
-542516355 4
157641065 12
-597311176 3
-307263244 8
-637985552 12
147071641 18
951884978 17
-149238903 20
655817731 17
897472426 7
839624348 2
725279626 13
-295331118 15
-243411203 7
-340292398 17
56924404 8
-598231326 0
-331215923 9
31366362 10
445970759 9
115508075 13
-540943925 7
999146588 8
515947244 0
615029565 4
-74064420 12
-873442398 6
-439499202 4
513205411 6
-345577448 5
645310405 6
-241931065 1
-738184251 18
720988777 11
901630481 18
487778671 13
308120962 10
-618479702 0
-292188918 16
532904220 17
319351358 8
-367390439 3
639942138 10
209482522 2
878920515 17
428754810 0
675510790 11
-378829500 19
450170345 3
682729601 7
691751435 7
189905225 11
-189095824 7
-170138653 7
-123297282 4
-505226813 13
-17293201 15
-389536076 11
-846276908 0
111696661 19
-449401439 13
-918792176 8
470569065 16
-294838652 3
-277116890 9
-910150082 9
-414392033 14
218407214 16
-113170388 3
201268454 0
25232898 11
-233191843 16
-232469276 8
-886370104 15
-790103728 12
-394125681 1
-986515817 13
-801171512 0
756932508 19
109301404 17
-465362501 7
416671125 18
556858616 17
669810418 17
-822787100 16
-835493412 13
54433840 20
913488425 2
-260157306 13
543250247 7
-151456661 3
-358431240 13
368764704 0
-862445026 2
860312498 14
448982730 1
-996468573 2
830938090 2
-169984605 2
307751449 13
184242653 9
-363908231 9
-978325987 11
618333193 20
-120986770 8
-317985320 13
989302565 13
-373216965 4
-341168162 9
727880107 0
-192541729 14
900350351 12
-800268230 20
874218437 8
-885560311 20
-397963637 14
-295249353 16
-674717265 16
-686189859 12
-875940784 6
249988429 12
762156988 16
-391248709 2
747467288 8
633368082 15
929901949 11
987560918 13
-735660781 11
-774797514 6
-784854077 17
716869056 6
603842071 18
965744638 10
170497089 2
-2758411 17
-207494573 10
925750560 6
-930630174 8
812313764 2
349950947 1
-659767210 7
269958634 6
-736331839 13
-102101001 6
348428698 17
652276199 10
8861867 4
23607250 12
-207445843 8
-739509321 11
-982998881 16
789582448 5
541815616 19
-822374153 14
-315650971 11
813092752 15
574046687 0
-155774171 16
713455055 17
-41948144 13
58206065 11
-41656730 17
357752872 4
-446418960 7
-720832106 10
-500732101 5
-143627789 14
-866921112 15
-692146728 8
-598984229 10
842985830 18
95986486 7
-929942273 10
-377746352 1
-901021688 2
125455586 13
956977150 3
495584444 11
-674930713 0
-386535207 20
163737859 19
371476919 12
-892787084 6
-675968724 18
-204366791 14
-577814429 1
-698598023 18
444837462 18
-498025834 14
-902517554 19
874621823 7
336343072 0
992787890 11
150706593 19
-810876974 17
674662855 13
-951531399 17
237940605 4
383854448 0
114158691 5
731943579 8
-866744184 20
-690160768 7
-456351959 12
764989787 14
-386685675 13
-430454662 14
-262016270 13
-905061469 15
349085043 17
-101365080 0
-919663606 20
327774105 18
-104756178 1
882233565 3
-16697729 15
-907303905 19
902818420 16
853588523 8
462481828 11
-100795123 8
345878087 20
-397284387 13
216365485 19
650731977 10
116019429 5
350535073 3
-732398728 19
-963066110 5
-256878960 7
794566377 17
649174426 15
-846470061 1
-776058393 7
277853773 4
-420344970 9
936647303 13
-854376765 7
895399693 6
708142041 15
-716287975 7
53650710 6
-539612717 10
-104405641 20
-645961573 16
-13992632 9
380599065 4
-965769561 3
-109621113 11
86623756 4
468235256 1
977347939 12
-614714849 12
17455987 9
-619962717 6
-759566812 2
275281701 10
-521517150 19
837209613 4
696438294 1
618873379 5
464772837 3
20841254 0
-291055448 13
-647468297 4
-865487466 12
522364671 0
146645239 6
-842731781 16
221872423 7
328958219 5
785935416 1
-538707868 1
-49047452 7
-710097025 10
-498745120 7
820269368 2
346155096 17
318710090 17
745285525 13
37260524 19
-703102111 1
779862232 2
665069595 13
-551589560 10
-812305497 18
-585642886 20
-240441125 13
974566922 16
-154449084 2
798741077 4
-656139328 12
-999336663 20
-991926715 11
-530284949 8
325266251 20
-688493775 5
151239113 19
-494836775 19
977887772 15
-975532369 17
-435421766 13
-601548735 10
42215700 16
485083302 13
538654665 3
-816331619 3
-765950453 9
-28057534 13
-439616971 7
326320160 6
-21454003 16
-724061091 0
653806589 11
-607536794 16
190590689 8
-435735077 3
-262820970 8
357178399 8
-483710720 16
303936939 4
181051543 11
990034850 12
262990366 10
593715932 2
-898576595 7
768830876 16
552420439 3
-158499435 4
-943284694 16
-788737312 0
237730382 6
-773653836 15
-496977391 12
-793368525 20
293680062 15
980008917 7
141906507 4
-368117987 9
-259065667 4
336778851 15
-798509914 1
-1249536 4
972885348 20
-421130085 0
150684941 2
525059219 2
-366836424 18
-520016987 12
-304468397 17
-358569824 2
-184729342 4
-837457175 10
-550961996 5
-224951234 17
592893520 5
-775819727 1
-339842477 6
-895868299 9
869483920 12
-974950334 7
-10841007 2
919039350 1
475165550 16
-161351674 7
704561866 14
176678205 1
-357032513 6
-724371997 2
963855603 2
-545481303 9
799406108 1
537274437 15
756303324 5
-394335935 7
91578586 6
-298490930 13
965791332 14
-616882617 0
-778937975 3
652192934 10
-711060707 0
-568522508 14
-925311617 15
-648566287 9
-499269778 6
36268987 12
-695666753 7
-406631058 17
341083767 12
142229804 8
-819181645 9
817791382 0
-181063006 10
-872140143 12
-476334677 18
-632815346 18
345192170 18
670110272 14
688208197 9
283435491 15
462172602 18
811156294 14
-155294429 13
36604350 6
126790480 2
-652613434 6
310521235 17
737003697 17
106158943 19
-824814065 20
266995848 9
482504880 15
-448589723 8
690083511 0
701865135 0
32432876 12
486619585 16
142871702 2
291120048 2
758189669 7
264303458 17
-41965922 9
166504906 0
-767922860 17
776118864 11
276344812 3
-715632398 20
312316530 20
-491239201 10
372952022 9
226691598 20
623640770 17
-392925969 10
464104700 6
681843981 9
382050042 20
82699183 11
167435319 11
490999363 0
335383358 4
75683923 2
975750495 13
-722690528 6
828264604 14
-39313623 13
538485189 17
-275781166 8
158242352 15
206903597 8
205493371 6
744783121 1
810424972 18
705535949 12
-295459712 8
295726755 10
-558935719 5
724797354 4
-791946838 4
-475990291 9
827403304 2
-976419623 8
735327349 11
248966742 13
144280040 7
50337327 19
470882324 2
842426299 5
-173683798 2
-916272811 0
-258486372 12
-401271606 14
-921617190 4
5156467 5
326545808 14
783641575 0
970715120 0
-204933780 12
569849344 1
-119690219 0
-669958686 10
817007552 5
-790485680 5
375462897 3
-657583431 4
-156274875 18
-553807225 7
240424375 16
-961559113 16
228348448 12
826525184 10
735779283 20
-523950160 4
-548425276 3
10780964 15
822379455 10
-644144280 19
526062536 1
-300075728 9
89167911 2
-596017739 15
422447015 2
-136323169 7
297680825 5
-941629189 0
-971214145 5
-77052994 9
-742492806 20
-742853879 13
-859600746 18
795878750 4
-391013488 19
661892782 5
-207809566 14
683298560 13
681276910 5
551157707 9
-416790361 3
290617621 5
-545624037 10
-627285641 19
898315559 19
405334377 16
566166379 19
-149980742 4
-63763800 19
862848029 10
339605695 1
833800238 12
-700092636 2
435601542 18
609146319 10
872023259 15
959018888 16
873032747 16
592084004 9
-783957154 5
425574651 10
-682514090 6
-258744317 10
730149845 9
-60951951 13
307112999 0
-548302059 14
-218919063 0
-339292575 2
-531665132 16
966656922 18
689230284 2
-956507654 18
173511015 17
-644893971 8
372634164 4
-52600416 19
-280179373 17
854133101 2
-760976814 8
833583650 15
584244608 10
-865137776 9
79478562 7
-558142789 13
714060029 20
506974742 6
646926556 8
390556617 11
128915480 10
201394726 18
-968956118 14
571031045 16
-24529974 5
657044100 15
144256112 13
419841282 18
-355652706 11
-165870787 19
382803268 11
-146682309 11
392431206 12
483723121 8
-497151572 12
-180883222 19
-100489029 17
-71247051 1
-261258544 11
681082057 3
997100478 10
-506181775 3
849912208 5
611997248 7
-580186879 9
613937690 10
