# test_name gen_line_number gen_line_content
0-01	  2	manual sample1.in
0-02	  3	manual sample2.in
0-03	  4	manual sample3.in
1-01	  7	gen 1 -1000000000 1000000000 -1000000000 1000000000
1-02	  8	gen 2 -1000000000 1000000000 -1000000000 1000000000
1-03	  9	gen 20 -7 -7 -10 10
1-04	 10	gen 20 -10 10 77 77
1-05	 11	gen 20 -1 1 -1 1
1-06	 12	gen 20 -1 1 0 1
1-07	 13	gen 20 -10 10 -10 10
1-08	 14	gen 20 -10 10 0 10
1-09	 15	gen 20 -10 10 -1000000000 1000000000
1-10	 16	gen 20 -1000 1000 -1000 1000
1-11	 17	gen 20 -1000 1000 0 1000
1-12	 18	gen 20 -1000000000 1000000000 -1000000000 1000000000
1-13	 19	gen 20 -1000000000 1000000000 0 1000000000
1-14	 20	gen 20 -1000000000 1000000000 -1000000000 -1
1-15	 21	gen 20 -1000000000 1000000000 -10 10
1-16	 22	gen 20 -1000000000 1000000000 0 20
1-17	 23	gen 20 -1000000000 -999999990 999999990 1000000000
2-01	 26	gen 200000 1 1 -10 10
2-02	 27	gen 200000 2 2 -10 10
2-03	 28	gen 200000 1 2 777 777
2-04	 29	gen 200000 1 2 -1 1
2-05	 30	gen 200000 1 2 0 1
2-06	 31	gen 200000 1 2 -10 10
2-07	 32	gen 200000 1 2 0 10
2-08	 33	gen 200000 1 2 -1000 1000
2-09	 34	gen 200000 1 2 0 1000
2-10	 35	gen 200000 1 2 -1000000000 1000000000
2-11	 36	gen 200000 1 2 0 1000000000
2-12	 37	gen 200000 1 2 -1000000000 -1
2-13	 38	gen 200000 1 2 999999990 1000000000 
3-01	 42	gen 1000 -7 -7 -10 10
3-02	 43	gen 1000 -10 10 77 77
3-03	 44	gen 1000 -1 1 -1 1
3-04	 45	gen 1000 -1 1 0 1
3-05	 46	gen 1000 -10 10 -10 10
3-06	 47	gen 1000 -10 10 0 10
3-07	 48	gen 1000 -10 10 -1000000000 1000000000
3-08	 49	gen 1000 -1000 1000 -1000 1000
3-09	 50	gen 1000 -1000 1000 0 1000
3-10	 51	gen 1000 -1000000000 1000000000 -1000000000 1000000000
3-11	 52	gen 1000 -1000000000 1000000000 0 1000000000
3-12	 53	gen 1000 -1000000000 1000000000 -1000000000 -1
3-13	 54	gen 1000 -1000000000 1000000000 -10 10
3-14	 55	gen 1000 -1000000000 1000000000 0 20
3-15	 56	gen 1000 -1000000000 -999999990 999999990 1000000000
4-01	 60	gen 200000 1 10 -1 1
4-02	 61	gen 200000 1 10 -10 10
4-03	 62	gen 200000 19990 200000 -100 100
4-04	 63	gen 200000 1 200000 777 777
4-05	 64	gen 200000 1 200000 -1 1
4-06	 65	gen 200000 1 200000 0 1
4-07	 66	gen 200000 1 200000 -10 10
4-08	 67	gen 200000 1 200000 0 10
4-09	 68	gen 200000 1 200000 -1000 1000
4-10	 69	gen 200000 1 200000 0 1000
4-11	 70	gen 200000 1 200000 -1000000000 1000000000
4-12	 71	gen 200000 1 200000 0 1000000000
4-13	 72	gen 200000 1 200000 -1000000000 -1
4-14	 73	gen 200000 1 200000 999999990 1000000000 
5-01	 78	gen 200000 -7 -7 -10 10
5-02	 79	gen 200000 -10 10 77 77
5-03	 80	gen 200000 -1 1 -1 1
5-04	 81	gen 200000 -1 1 0 1
5-05	 82	gen 200000 -10 10 -10 10
5-06	 83	gen 200000 -10 10 0 10
5-07	 84	gen 200000 -1000 1000 -1000 1000
5-08	 85	gen 200000 -1000 1000 0 1000
5-09	 86	gen 200000 -10 10 -1000000000 1000000000
5-10	 87	gen 200000 -1000000000 1000000000 -1000000000 1000000000
5-11	 88	gen 200000 -1000000000 1000000000 0 1000000000
5-12	 89	gen 200000 -1000000000 1000000000 -1000000000 -1
5-13	 90	gen 200000 -1000000000 1000000000 -10 10
5-14	 91	gen 200000 -1000000000 1000000000 0 20
5-15	 92	gen 200000 -1000000000 -999999990 999999990 1000000000
