390873932
568087213
328383722
404762349
273010191
424964401
272409834
811140035
144058760
688426916
914910638
659389861
677869006
633577926
669582662
727663658
498541802
619571215
589225590
143942364
35226814
651292025
180478733
187133023
815836259
40413151
567485710
629767329
633622316
883295076
498351257
361764487
411358970
246149734
889062680
949551625
627054967
115476083
186847834
652623441
844204233
867337141
990121745
566326123
404818030
429217785
540638048
762401469
21671078
399120895
394642969
52803504
981103200
732764048
201813793
690363665
840383084
421531676
809286238
247761077
683235998
159607291
656596600
546759850
55575275
662662746
609436191
913657256
282676783
370828882
571618037
656160187
459340300
740710980
438695246
164128795
249278592
170366336
484588088
353440703
604790606
21519605
813783439
504699498
813355278
121182514
605253481
501676766
66608778
437584018
301130183
876528675
486217586
787869303
180951851
890443382
578556207
574814489
713896094
921971998
