784955239
511955510
840368812
209648779
523178697
355240292
184621685
434182728
719790749
75520542
546042150
513840189
84424621
300309287
842532545
922160046
934672511
772115109
446913537
285154007
728507694
908724068
993562891
788149074
437952643
238308168
595014477
32345402
379584140
289592676
147718860
144118944
851168274
456218324
41533143
500185777
948209142
697353525
481807816
466125248
332715204
278142828
356493584
392106618
798564828
915655915
703999477
474382325
428208602
677972365
300588856
962919292
786975696
313554309
541076081
372591594
834114259
66211877
951782135
816202934
781748150
646941296
235854064
76926541
240983935
95646627
908784867
317270834
491951145
36690388
409497839
487246394
699733894
12984687
80619913
977791195
519472266
766510243
710424191
924609038
558155939
894485435
574544093
436074727
651345311
95730791
617494011
813853020
646461342
304715870
483396486
322805265
983460270
687480337
617679939
809592133
182183177
274999072
596222921
324557381
886453391
601485584
202231298
508042931
890155158
192733788
142150517
789706311
213971616
462585922
952289120
61135480
659505092
67685126
780175687
929800122
413714657
135339558
154141903
206393711
158137058
718154007
193909859
187525334
780794846
994799888
887432902
798574697
341078071
50685351
355532098
100104691
790436460
847274766
76768405
867802800
671881835
356023908
312172981
209049696
635384939
710248419
714836449
28381240
755123781
751164614
872569702
72542407
790131762
284354637
880277670
640440401
927365228
487238316
745660821
913276335
238715877
785535866
443681969
443083103
243829820
606582483
548764942
808327431
979837726
240941202
119431150
168626915
791225940
423857958
195721291
25268552
677942384
511389876
833641288
940403758
808569550
834152635
862187336
531243453
672680238
162426940
672124028
66834189
213448097
705296293
670478124
567186844
997812171
604608916
808232409
896011792
956104787
227233894
874080890
526579338
158667461
692840594
429139099
107209985
449897929
939797505
907287645
738284596
718675261
161464703
853701126
732100436
266927723
717263085
555432261
71595020
475013462
734624819
508306388
492836462
763285239
434057441
489358931
587763664
407985386
313252269
744906821
671752658
506201295
423482909
524973656
702170368
139233372
301499383
914459792
713289637
784852337
464933751
227039750
898918226
597538425
714982910
366636505
335868756
544377600
947651676
789544254
966467416
657390382
225678153
789813637
590958736
226611841
338990521
864800033
617527767
981261364
827114745
449836124
465518370
949615426
308308597
643891738
876593139
423554217
709529170
419712394
738747354
552201189
634050467
314748878
680004219
701564877
346500724
739871314
591947549
720823342
780039724
453071147
599595566
474541441
917863767
499873902
732188288
247371607
459075973
320433535
661005783
779277440
582328612
3812579
596348478
661558712
503132591
28200359
771903874
920830107
249075764
53331698
796251766
224613581
600484285
317502994
348509565
222205523
547219256
306904366
545452249
566001402
989369840
316906232
155386082
293176143
898462637
483053885
514746146
565984873
884748724
234037934
218518454
103788030
953065355
795209593
447810804
631600813
331297467
3795465
719013416
48127782
637152953
290378105
370100454
100331330
468683214
153622227
804292817
217652038
908430025
672936991
392849461
790726140
847787295
610659609
217802322
902388390
760706868
709289324
487081431
166234666
334234025
751975126
662166539
756302785
545746901
336775192
303118550
883167564
694876419
145077165
757129261
624887661
620120641
637493259
385782950
542234026
263343057
657977701
694184570
595116943
529847850
671886628
216814868
429398490
220719553
184410627
563365707
301556025
730632256
309477083
63222931
494208555
401692543
19529320
562333835
135285701
620533607
467354003
878048861
519641652
558368833
749655731
801241412
525160680
585941462
599927060
557604237
135319174
77064036
730684881
981579142
969164127
388045692
181572341
558673975
910556385
297342128
875030245
768888804
378174440
744144968
727820110
496198370
904979712
498780652
390692360
245248492
704165073
719890034
426948848
895428258
629460284
953976151
662972754
809271657
242174339
270559805
970534420
790432694
984357446
273298626
220356993
27023292
201149695
796820269
577197577
309953291
857631919
945166712
614249153
231943539
343677746
695918320
864583361
376844176
801779013
938943491
477347993
10439958
886604524
169150424
380165729
58501546
946474825
174436139
10057670
748806230
735360433
664099024
210638628
296468228
373055170
189549845
728855641
68935433
601035736
65819029
259565706
278965891
157433691
331333724
669088638
967624092
250300302
39125764
717795623
444137655
717861146
421678717
508957996
638325938
254347270
36205124
385353396
136986594
917701027
102111692
370984394
683475329
174043255
988199518
997474590
639712571
882112104
507576744
849222261
674958600
648206805
20674842
340964351
867420196
357164714
959574823
891326298
809145112
962985796
50703165
907459495
999428773
436417764
640816617
422197390
479506086
626923847
41606970
487342083
636343300
643335826
125915352
347207305
557678343
455348515
680067821
479778300
668602642
104383681
249096392
728190575
992737602
240350812
216171500
807210628
235383973
601934814
151495950
10792811
636188319
462706131
738369080
613822310
944947024
619113758
902324078
715090811
705286560
770817779
42080630
864507989
517727923
506028966
109074038
116977954
491774004
757675965
112987050
835798526
949141028
716273329
892245253
170393222
836369871
587416236
406248290
562161903
926431138
660370770
396830293
771345189
974834518
927823299
653270112
969712661
580072162
680364304
467697955
623282448
47728754
430661829
552246087
313867511
25613063
655607834
113209300
861300360
619533594
907176527
527094087
211236596
33472442
315521866
446732285
123254916
492305881
415218351
753449328
359117588
144187529
807361563
551696585
29953400
138054196
876440481
52112298
566952212
855419743
778908139
773127506
927431482
488702067
192910494
252065702
10016194
431885440
620541929
395967282
920094389
772636024
172621665
466439559
308768191
350124189
810340792
199740210
884580009
890011639
737425142
524876372
820033666
63646923
62991615
23322826
651269762
803653603
171033316
309856303
624844472
424288390
950484038
53513518
891212597
486173769
813924757
672401012
254722381
426809842
785366305
576287302
484482015
842134410
804593000
792741556
183270041
746157697
429682315
551687121
198984177
201072581
568267813
203303118
180628543
452894858
64093668
22721799
231569178
864348330
486453378
470733799
874158139
449532743
245393234
586718489
511578274
113124418
880767996
279605113
606364140
979661597
446151065
253428784
75791056
616660658
251062763
520168944
717551242
543902427
585634679
476124117
755944625
800913571
313269523
482144349
83688291
787882321
269372022
17983898
646224606
889724959
829512027
18370615
338991739
497422469
708714050
924680793
620701004
23576367
315788722
453095537
146289609
446751457
429062894
903167409
144868166
450275218
967595187
634597615
853582045
987796321
337546772
291699749
286802894
930325173
695166684
460660626
315752210
318875306
112116303
156924126
392795662
364632171
69574624
624750186
548230267
597406482
903900889
957572418
78182204
157945657
830543619
734289602
617970779
892959205
736050829
976179231
670347824
512518156
507238312
213646682
774535468
707637832
218912573
80499332
851779646
573421281
842077118
861350590
389148291
398289824
724229876
326596241
757684684
320516310
369667816
379866380
331983921
818151422
495063413
743091179
638794405
241799505
275963575
513213139
359468519
113309416
2073806
851372465
350455815
842866594
374532705
224659370
34927129
52543665
944215602
295812264
534252559
806609281
240307728
634342421
796082779
471909419
810811516
505801073
838845430
58520401
562689998
878032667
187454421
337947976
496498124
23177601
7793000
733342637
789402388
274695006
819705888
650196723
989317333
440966076
631990796
372132567
343107981
951394425
288828317
595815504
505700653
187675913
787176657
238756548
817841131
237080403
146119495
960998601
660871214
104226868
320108376
700758542
974514197
796811134
427214634
95734272
142501337
119582258
820267107
653180305
245374981
355299314
316295444
913493867
721003613
173588368
952400394
757957275
990229932
725679954
238477044
151074473
900923127
597088835
370921259
540179862
359214057
933916575
660706121
435933520
805205389
935966177
666814708
960107692
232573271
652961297
456958092
598871128
151449815
177464777
701752440
682257630
197488294
874010670
508203606
356111794
763569456
632667997
509376654
895264076
516830269
898795970
609707039
843050237
931504417
420699933
328840882
496876526
385954707
447883735
3522327
285893456
319333874
873567843
528905021
744478455
827588899
461277683
626497484
929685945
191718447
704333133
79160452
625323129
656900948
644851255
637744848
636187870
97508872
729311876
144489300
391537252
166083812
495122765
565042045
204998952
794740413
511467773
30116418
880924246
664936557
292794801
676760327
420373878
8318216
424803983
284998841
892927613
419123583
335563365
553361847
301592508
616636101
214659124
812821557
208755779
251288312
209133012
625645494
42437167
94411732
35914284
18434436
63485455
498749267
536641014
660178379
699499732
683230852
173284949
444664557
100470766
946140869
74719416
950583601
515524961
628680084
49243618
632915767
59615417
586000338
915612818
340363720
73279773
718523906
510270888
984959062
282239460
211082754
35108794
68230780
316840837
663497159
879755926
770651131
579669733
4324991
338648556
965647050
320306084
706906911
804368700
181259663
153841745
111111840
378870114
225945924
742983360
510864475
552416672
80620989
529506942
213777569
522373013
149983212
81371006
501735703
702424313
749481329
477687746
712569159
5718394
282098851
988081557
73558821
89936866
408717760
94346916
194046702
832461194
163671033
737305740
