753458569
583150457
299301588
769141329
683826117
574040461
371134724
945154292
570605196
642223032
408133678
75853250
232593413
989027985
194613914
22225332
935660017
159339836
250868055
582893752
663728289
531844831
796582899
11898346
690998510
315459748
938450312
14741500
74100365
407210264
397799568
256540619
424771410
238946059
591464363
475100799
317995967
748821985
897627763
563949688
627289250
213040578
401936242
42620027
598747471
804682121
250528524
428953676
829515343
261532312
328760376
271441360
642656083
55310244
455986532
151362864
574814795
297735479
973759450
69896333
763456358
928483908
670785439
546328371
759682563
973386240
774770047
257273852
447438666
691991282
616805832
583331492
598916961
94802003
880630911
740383939
124930786
295703876
357668115
30452589
407663344
719022014
242099895
749621693
389144259
739236852
139417179
459988453
243971460
118316183
138663776
224565954
383166050
596607325
516907394
309751325
93419321
699777280
847543722
365146336
899924581
766493342
342360775
626061210
113009259
399744857
766698894
609913085
605922427
467230979
401856727
160257214
399933454
925427284
623608515
607489238
32640342
46325049
247571541
859284029
315910681
379107629
412010415
308261547
39786312
358594817
514786783
620275909
195332081
499726377
242770705
222716807
870531298
703652893
177751209
279452321
458518223
334040131
126021326
745277373
439581773
764180367
241035352
406463916
305577341
907183251
966799141
893989103
17977576
72071819
611649246
822203395
881546307
515276766
657096532
810011425
305111949
759379420
804330554
144805197
867337457
184606071
585072986
51716111
739994531
15042595
270991364
434697159
12051435
541545578
431599708
39903479
321604215
907106849
156492654
85265922
405496939
60645970
685245816
560910123
432811600
888280770
413530036
968564751
987823159
552959510
367602439
292889786
325211198
357653523
42955349
24443411
73426439
884140958
761718168
90266467
934757461
206233708
689094451
159486881
49077527
248134763
362209929
947378356
499508627
959219371
978657577
859990272
790142427
351987950
605353398
694143140
281023472
877235385
68561674
604042494
484407024
240440547
213243121
613970688
454986208
290322015
348042693
775263904
154883401
507937460
276504520
405314551
965071246
116414493
773128779
421839231
721976462
19415306
70275372
691227708
275682383
902060361
999819638
907812808
291426457
927184809
831436507
268158226
108945687
687324119
895611070
929023554
688403145
609819582
309126569
777966061
712856063
435182933
653496119
181524639
911438144
69282059
950361699
703467226
689256447
708536906
34543430
276686217
696544285
704613977
338838964
333556077
245341988
82284778
290180557
69577292
923536167
260858441
542101845
238857406
795687443
951805165
863986998
5982725
90947244
993492545
639084401
99964269
682449072
760002168
665751550
593524259
942973799
37011305
376880573
752907661
33740773
814022614
680739633
880604761
65193041
968949978
626637068
660542234
110634817
392554755
326688136
343825096
8537990
428047415
561946120
441868042
167124031
556648784
753609292
531602961
219964803
619436676
858879344
236437509
845640973
762880339
811783683
918896901
826366612
46816480
852980846
443928655
758068531
316598604
318576402
187821790
370292471
372358820
54425922
873238463
474087066
179249780
326882091
136168843
16174799
394493431
633656561
861525621
487602516
82303650
884752117
790198101
497991695
680944806
369961198
963777516
986162744
51524786
359800245
782558693
766024321
4865972
807735782
938861145
443075855
557191864
417801702
491156606
225347080
344371225
711611852
724384569
64000041
649034200
207755432
931587040
281311656
669344518
13105008
121154315
31756635
561115056
348807362
895700712
423189699
893497113
162062573
657610869
632500651
220571473
757758202
308060733
331972322
63639835
46914205
183652485
372661965
848304314
410658325
118235358
61408207
613075236
539173798
99538546
509960028
729011582
346298551
624022322
564968602
677001017
581288964
390403520
461639850
155010961
49732436
282116164
333717118
840860240
616695166
714463524
170312224
784986287
659589088
845411019
855516538
564803900
342873950
89204728
942716265
464888732
137408590
528786594
944675457
538856920
211982847
734837916
554957185
29961667
472224032
119970681
10227546
684700273
375038542
99536516
878411776
177463738
495919014
602547267
334133022
413548413
593946584
210858797
423084312
468034961
346231265
128982150
714098759
245521540
774762734
437667295
265792601
741096270
732173220
288803408
117190109
522171534
61902034
951623592
730466905
657774084
731658593
7782773
232788458
774241633
466333519
545565518
533047983
914217832
908003032
442778594
444586360
657362734
30396181
944950527
416360009
309124803
512860710
640068512
513464539
644246664
476882696
670118747
92691049
380713266
709906605
849703042
993032267
152521744
10996768
472329251
772959519
212710355
946363216
95782833
638274809
852025866
874867769
698080735
834559991
833420878
79589662
511298758
709871666
396566411
895460015
235999905
179015487
267831188
688188702
591140630
943180233
413181055
112008245
668698478
303268768
922580690
888930964
924312726
435562421
419115892
791297605
209212408
49491837
105448064
376382936
32084696
632950773
903869398
882037404
729939765
895417857
473546153
880400253
843196571
491675321
710100645
221923344
842604578
787780816
173636638
421619381
885353708
552823504
284168273
394694362
355830843
605027421
506926929
544013027
174043936
116285552
397725102
222495156
911579797
355383240
402632718
624988188
697862734
380833151
559048627
649854041
95456708
583933766
869385536
985607256
932712464
771029580
806589519
457619941
91832021
309463996
197659528
984268981
711637489
910547612
252552828
482121939
842760492
659261499
935830549
947682254
11282257
286112065
1981833
569916228
119191665
137469099
405014204
344511912
353784825
674162536
902047849
434707989
476287681
204157743
114900888
335653324
939161916
420513589
178724219
803780455
870048919
252612242
965686342
98003162
695705949
980487103
31887219
136636342
380478868
442673049
250578819
76933106
947226094
485775469
89431329
677748850
212447993
746785561
110915365
639649422
872409725
351354355
468125626
346206983
475286002
634422074
455677544
167170053
427120896
134161061
63681434
79954285
673776235
185867641
253367680
233243992
659227244
269774482
272461789
593869839
100296060
386425980
970162856
812464506
372435295
576402834
388054364
713172956
864291962
804846644
634073725
597527361
256980063
504784988
694157629
428578196
732989036
121449126
106316634
844107678
780082691
58765351
513948215
182127522
796277394
754194290
580507994
818656034
13519028
84265466
457154027
808138009
844779736
757004956
2541859
901198835
797940836
950296660
350339730
411056780
495132788
402559602
86369304
619329137
81343733
762602267
497050134
841655593
706743162
852643201
865232880
842126945
948095617
907417094
166955629
660173666
459639763
478622206
417476835
338333159
740248586
924870890
514555933
154488895
998168786
352313273
512822308
194713044
914976047
736814614
4250818
855074515
591160788
6499428
607229644
391407521
579477605
210529546
549372944
20479554
20068147
31231946
555985486
726500710
570824071
102120392
695825282
842994542
789354781
531185669
452972021
909793546
17993208
666686228
116773099
287753141
546492349
172449450
381043173
682868657
539702607
272838196
424165137
191037709
94984518
358767670
870291036
715376149
286814085
718708279
717125366
957031185
131159810
44135079
466641095
900234037
452440854
49174052
82657238
961362612
750817642
313207676
459937161
380891254
35013499
596660277
527841986
571783636
412738872
441417285
927056129
359344547
865921272
472162749
468254925
967162435
53134896
821234432
235410455
3852363
829965066
454233775
981193072
205756808
689169707
622740491
904167328
409120716
928869103
441071835
542959278
703837846
810198884
802958633
133693511
927858200
261323779
980375665
947315231
618634487
385028579
452297606
866351555
788150243
404088055
211462861
475711843
656645473
234992694
273043970
203346383
582678315
428816253
84576370
59666089
371540262
132309223
745540562
379450668
683249689
927184557
961614436
934467704
832362060
304817952
791289970
636121608
708681531
991173266
95638707
215478099
110874005
934650450
1388516
899951978
524555624
977821472
186907086
604880205
847081381
845386405
139263248
415536274
308459109
219043338
78389310
49163855
52835002
647088850
950994496
76106398
791750438
28096002
478733079
225774154
771178900
868309648
172403492
478846242
455340002
50598634
505006520
590925590
753063569
997828242
901511292
443715594
98799147
260917130
928748950
442164449
429777810
419655198
679638451
935715807
145398822
996058610
936316260
392675130
61937565
731530380
778876923
59106275
609397543
631235013
534101151
590540643
287006960
543744819
616748590
388650627
301731307
662630315
609599260
652929037
714874538
393817700
860850111
107080343
132196479
185835882
795092410
877418802
203856026
147500909
93646145
640075396
744948070
328423259
508285676
716573601
424738951
727846449
915280781
130250648
279273052
813100392
346057230
773325508
542207699
180171412
796653005
188359053
954703348
258747909
905225346
742643533
56688672
489149276
874502004
36974487
279549172
738897487
743295379
220546848
874664294
288787983
224243236
490421630
374234802
818743799
753076450
696307971
128601799
384424508
181987371
557536812
908236275
681294797
733981793
865907994
677437567
383561782
30449673
838038478
168762717
794383143
984378803
584584497
907149448
548454331
341652982
562484548
901540832
311733049
209895286
195565131
710200923
172831158
893384363
959756952
523409106
202707579
691336531
719715360
204971936
189638759
457852509
697635819
205760033
704394003
378811869
459597851
371239760
353666929
166416952
763677643
68724828
22063011
956889037
277879772
441779985
363528955
286486176
296791247
949830734
447334255
978794761
582138445
507613722
186452226
902639774
17755960
872684878
749725370
771897004
135785407
237274969
808191347
679938021
226145343
907941545
83902189
726856581
325860784
861981525
675140632
947160901
496075874
261898101
746151132
983330427
526545076
662359672
849288689
15583207
79956415
495648460
814180448
360972833
331380515
307147103
968249041
294205446
228228450
148908207
178244348
173121257
473178540
191341340
19656378
463942133
798513310
467995903
571535155
559358650
198938382
859120679
664373886
891744190
701502567
589727697
873983875
921554988
195707623
592935165
230190217
184838152
582099370
259358075
523520438
384429488
919952846
961710390
605288153
137222511
940941358
939317137
609409357
350117980
76186159
786539871
133901114
432203596
139255114
966866984
763119296
355004646
566297995
459124432
986666276
669704828
947718212
353658757
909957754
308922337
928133954
214890718
765534635
534022455
360196711
172109987
443870196
894395870
86417252
376342955
224908340
738188644
209126170
172209534
368673726
827665983
400835673
793159224
344633659
758336640
894674155
59301443
327155034
164657788
223019519
455497129
644747757
588182216
214506232
840885209
397661242
908705726
394809565
443562200
963901418
117595941
416629654
476583029
626278930
829086687
406195602
746803945
76263643
785015281
362796260
38012474
61346419
464686945
624660359
925886989
417526249
357151836
522681215
254632808
937705039
721516277
729434597
436316106
714792467
839733462
515818820
310042123
503093919
618705733
638820554
237114669
170190653
149564548
700382273
937067175
69296922
804685693
219276287
819881543
303605261
724881346
819519584
917200282
812083030
414111012
678976387
605115806
357519177
564993154
425387277
471291299
809700863
587134766
86675529
314322712
811019825
682728875
867912696
672110467
425122148
491778199
860154730
847317485
32356576
439872627
121732552
242225916
927936459
944596468
180336323
309319814
631199329
59138417
326888632
145866674
780191394
253780495
842970955
477478
707542375
239232603
509908669
432067763
779831055
304809302
47750769
52098529
30404311
133329325
723893245
103859020
614136935
518969474
381165046
78076518
852722166
490835779
772472091
166563123
455246020
421556047
437472972
490181701
233577695
12492507
305564569
58731332
178399373
729859875
715746005
966156524
360342041
418417658
527722695
755559224
277221370
662345544
902645015
254325725
949191478
187364983
444932906
39012875
425972251
662099096
355872399
816024316
740247722
69738074
160387222
840225997
963813064
735721192
90345210
127742607
326337835
969385087
345196216
985322912
208977373
219957707
376698135
207785197
129808786
988735253
134141981
963490118
634885207
976659597
683535243
155729033
693622555
12331101
131203697
357170897
90677796
572132523
78838725
978365485
212382372
311637042
730211341
996264985
526989185
819304397
468942426
124911483
66374222
283994368
684551341
808715374
934613658
790129765
108948349
270051693
720516365
484674844
844569595
258512204
973248002
842501151
897310211
962657740
52197289
842070524
551228924
1826175
935030490
487424604
195916756
239073238
413669203
479374227
686504880
72205079
325155001
49523965
321609088
708345377
872223402
184401562
322486862
109947601
211150126
100548666
370665676
976551750
738576094
617537382
282785033
386485087
233702595
828152068
91113996
502483056
195797581
488071912
846848941
421388101
796509473
236922029
338677402
44695247
527834828
85028520
986637919
697289393
110266445
222178397
456100102
37638187
56089164
209493708
887556758
824156840
739066275
51275550
593311587
210943256
276096011
125901776
46704983
779783062
311071964
186100073
80909156
695699715
9116518
438764497
90580461
817784995
479793548
981757632
56595448
711521127
822434939
666506875
261887901
175595291
53833696
210131263
455978181
933646313
942014608
278082515
806063003
928924308
293960767
935993713
1686014
39273212
295315164
117840754
765414810
836614253
924823296
450383205
874992320
72433566
919854985
14154740
139295416
788799093
778039639
262913556
525343902
367196684
308045510
602046054
653533141
999642715
92054842
906346040
683735359
107698752
629617213
993218318
50687674
521155507
857678877
319861108
985180689
177343098
437263451
46808187
871912143
236096515
130575337
724911770
731318432
852791030
443433688
152825875
526653133
568522484
209654531
568277243
592487133
249247907
424286402
800084603
310811008
469612662
4078537
39509566
987103425
788423250
104758318
711463422
444404556
160617063
645497039
162309788
839744632
731146782
597991582
116859322
975954427
897056751
208075911
731244338
136683545
174006987
248103671
755681480
325200808
559450284
789234607
655160170
500032139
895208414
668891012
694206803
964904411
863851450
997761021
693121504
355894372
583320565
514509543
27150856
375689987
95658343
118947120
703740551
631490152
433466175
562056975
436736845
533981684
842537825
481270951
378197593
849022251
377141389
953667430
692296379
748991124
971825601
251886382
672704078
492200819
865911721
931858668
631495020
885195037
19117523
948585954
276462999
658168975
21173104
350415958
746151384
426424796
405984485
925247685
91729736
777743717
846482699
427403841
751311430
288466714
825098930
629131447
492079775
815148234
858846042
815527793
24815496
473114811
606576596
741477341
273715888
502548057
914626540
28154103
427379418
798164415
292832309
543821461
392385417
96944810
53405303
645510792
259133644
870472416
593860423
150333783
55507052
20167957
41954589
21125077
728476462
379386375
411798690
859122713
597682665
746392692
879131106
191326621
227234715
888794763
251310212
601623599
835765325
693494223
72053950
491984020
304577070
477151859
305498217
304891349
925127103
370522294
693464266
656989486
383244404
436838559
872944455
154586726
53633287
264543495
165814476
204788011
561087906
792279993
510530452
158804640
446434093
576349956
942226574
552908351
33864689
859062678
532625781
297570921
805589175
752338397
388812669
483166880
4347814
582980200
531421092
979536323
267117510
823129053
188398609
681291595
553708459
225773914
499589472
108883200
209585203
826882910
371475946
850163471
201035537
156696297
661153054
274304317
923175227
492883964
531451521
138027086
245688846
437513995
702850487
898721528
515927155
323311866
291623776
553402294
433330792
117958066
421092595
231129689
885692848
621996914
411186687
278266261
287254451
523226466
450376898
669566899
275712810
58301481
435285569
551235026
543776472
101536444
164906181
808095637
745142969
21975188
588518737
403025171
66801610
271941534
27735964
570880419
832190854
411659185
634819628
892151113
227367257
444003479
777079845
566344626
366531938
622702639
795248712
493329810
34382600
465147079
470458612
672034088
356656966
878796594
17606159
602633684
916925319
953502361
858098065
344250940
323210567
743450472
381713516
385191566
477574184
59242169
822005005
199310949
449030020
755811476
576674960
1367056
215257889
874215348
288439677
372806158
311239019
413705462
727886693
503757743
518173367
439245132
18826234
542385724
723943646
85279728
437019391
47569129
99688294
928084016
914559510
875393295
396960598
850797435
606099538
25239119
932175595
9267069
389504999
84574993
213714821
797277829
46966619
377736385
83567014
443631632
244365971
321781359
456157064
845770965
850874167
260441940
332940037
698867702
533012531
56482836
17524934
304879698
862509356
366883690
935691336
987065509
455083410
401759076
687265328
607764323
9819587
558642971
501609444
637913832
696056646
507905421
557143750
466775425
112726519
151820383
790575504
404236626
261756621
537535060
374174413
532172851
856587339
30222112
238921755
40594903
684324444
768039321
399231895
650394619
517925442
299410062
901738303
126016028
641955468
382164438
479731402
249888445
459870507
786239265
896765369
129779607
654715271
681892861
157421117
155006695
57610929
955113729
948350661
506526790
368097268
275498119
337151251
621379579
665501878
933474141
272343120
775202779
836210494
854147736
841503346
820811886
256586349
949210968
617947514
442264307
505349958
592861784
498359687
323782045
238914258
829363627
306779546
966242927
254416509
969155825
898181586
302418843
55744727
738545960
694597519
815018252
521970599
911627360
349147071
886796
594125213
775596539
354655915
336925188
404221312
598551162
729356336
60948542
165820441
449390310
853886947
318421924
753580469
555275963
785662734
198404517
376915054
427083876
175370626
992277701
914007507
80520248
365714106
510889050
619264786
650350414
935770073
711125967
983461385
755786010
560682882
882068539
162492149
225535749
165338029
180985413
959551436
931976640
697213851
445483042
873754208
552380656
865473679
242521197
823618141
69421372
177042210
839093109
305241967
623031923
666847764
654264942
894120740
617711243
316150376
749022050
556871646
1134387
527910659
246023294
715943885
697739473
104017481
29115561
817206415
775198481
512779969
74605499
630943814
249228009
23263516
94820019
641970643
990783794
5626670
146598305
944697668
574410375
826091860
514777619
658606353
520676034
828455397
184443656
330476505
738753730
189492947
327442951
895813871
451554592
897154720
3212322
965366726
344468456
725760022
863159303
931479848
261389295
390018559
159063153
199163405
231970955
586480243
534541644
187234790
164155253
168153866
332597418
169215046
561244406
137911069
29389175
534254576
753871205
234538113
621335357
840943690
508408608
488416075
386788022
730124633
334481321
259034511
707788770
891892456
510419576
177154947
699111326
343210319
851889288
667156495
809427260
100324620
561152052
489860050
191240694
959746763
799353560
696828058
755114327
922383064
432540293
982785522
17768696
41417643
564233269
756041460
301472015
992424080
575775678
74104681
449656913
771776584
457470686
860699804
621779749
678611317
3699465
861630776
771503852
559471460
549696934
719359961
427951100
882056632
282206294
756744908
35858902
669498680
497802693
681099106
640304913
408996354
559468132
395776136
581214004
511186575
190442791
907438918
285548059
626101995
607884828
414883644
502326627
140044314
508990449
669226742
125017365
211382022
970708971
940608176
583857117
635695619
44910249
159193624
468817768
447708572
644534587
366751080
981028851
327587811
210313043
993328782
190219373
965614636
219825117
630385745
840103740
576035026
250836196
708121166
223014320
316969543
861457961
483812651
637220515
923642459
697072428
562561795
922623282
709825699
451105726
474412463
274348896
449526480
209565206
65006520
793244681
284092042
845575455
251292052
20188595
427029961
764114414
251705470
320788750
147642565
657827200
924952277
584807797
147024301
156741591
667144649
215969963
919247209
799223636
313354861
339760957
27184649
197027793
631305748
254341343
308229001
155225613
576296685
918213627
454205466
843508932
404099044
178234589
458464710
520588816
738343501
756322755
859662556
2428064
243706465
347501016
156255588
200569785
559798169
662081598
480288855
574526529
321831490
543182923
293312396
381756328
93592334
172190073
858370282
418243361
889432789
421976058
812597663
921387451
341691487
471072998
651784657
856441502
898506568
972695898
520144509
191629007
740783521
156258462
357264938
348344054
480569025
832097136
783820800
891350896
195860111
367082157
69534954
223611175
529699372
959049558
398817070
793596762
62762110
873259576
231576113
503223973
109713699
979945017
451424828
233540178
652267254
594578122
229081521
885841549
856622735
3196558
292548361
387053882
96611582
497328026
901501619
76166266
735629174
278403693
846649327
325609519
740602304
997105234
773411733
61067659
9441022
168530568
732127541
654284850
828825745
282208309
175692067
859536586
995383861
254637965
22515529
291059129
447246425
542744558
19412609
469844756
862783293
96323178
643188714
824831141
7519473
766674052
116049134
473084871
497309773
738620891
716148032
591025595
745801624
146257436
99782431
287991878
5906829
521072906
486856372
244494182
666763190
620377968
307030807
141018975
913737633
482861841
626694238
403723225
583086591
996605364
984068474
839041591
414849427
938270546
220128899
154730062
528406099
438622999
605783150
447946953
540683651
778267010
705207764
29296881
17209213
2167304
990250783
584258791
934180950
258859859
395455520
882362606
615855415
238700573
278107736
152409792
544673438
380085803
632562018
617516416
877833654
404875856
470562423
622760358
81964238
407822850
468987962
19655940
435025689
66373877
179509473
435026060
565393915
893975003
559627784
356351911
499661246
728535956
795454117
244089166
110219708
798886121
737448594
554051638
646475473
227691547
978817750
779916874
976381099
495107751
890800524
940560975
191493911
721041622
117602681
409659599
630011001
225005764
788589640
13286951
517567511
852194606
123322213
638149375
359514936
18682910
74847566
503721462
515097608
551087218
504305844
983868947
777875304
382197837
313488433
223669424
691929462
267913360
380053829
415655878
706975153
340839320
126755397
162905740
980302723
377984750
231409675
75983533
760743146
509456360
836934085
364221620
470213377
471444382
547132574
857476340
834049543
707716532
658384168
144740324
814632257
618867815
310667659
414504745
629583362
630824435
344232084
870594019
60881041
853150349
817222940
101472741
971806105
665695723
712582348
265075655
556347168
733104546
428218770
482781039
809769
242126479
742550284
892142013
788267572
870788670
826711384
748070002
81069656
451372631
277632140
286360409
454098451
400326585
485145090
334545084
846514668
586422127
167320642
58343427
563537153
942636220
986119228
745893172
208339463
178042726
466569824
430130973
387806016
27260908
89872867
623731383
256216778
708998012
511197127
380044596
235455534
205982040
348508915
194760873
241617048
644430951
332659102
661804865
773501915
444979475
316983320
792687250
453110678
852192620
859422537
582969984
821413073
971545911
750817920
84346708
436238981
928669774
701340710
37571102
93292683
449230801
894149459
244500779
738822102
965493804
786485029
364172087
817670272
426750981
755546843
203270230
791306418
557446401
963838719
366442907
137739316
448943713
337974812
497297642
172097945
520300890
899739686
69936964
745585708
89088683
694781000
821900450
716912713
489524433
305101485
328926404
519531178
573381092
546851959
416449301
244084944
163320401
854761193
610928361
874491967
860244933
382553262
215720158
446746133
63623523
653678921
464870318
447341481
513783099
175664651
429699707
655758379
602789139
978330158
603816179
205344861
729594708
22943607
891917603
679457067
968806965
516273183
868359840
855402135
385066984
967668321
787657475
732949201
701540885
669147111
991466489
878708645
24572815
240848644
514750871
929555203
193632515
286652590
542439959
625307141
331383964
445223827
482278571
326324583
430253887
559502786
184709030
994611748
614337842
726585223
336548133
343724551
813374498
153979118
151062208
717750190
687201878
235573486
576102410
614836299
855513965
210441761
574034800
756580003
721078756
422029281
636442864
261733932
382637092
702558484
226147317
500954701
724468511
185837465
44112525
989334343
158827642
99654558
930542779
505309216
110221150
637793928
10433126
503832154
924021335
42764799
637790549
773510967
36916776
928414023
174059877
397077803
506926434
48800541
334678703
278087449
742450257
192909439
226775192
718948820
609523509
354169270
419606543
13695520
248174524
830924734
116353153
139441056
784751173
181279569
793689161
706450069
126418942
849468240
243036758
756170390
952324943
620761248
349745553
764535487
51851651
67291683
392703269
446842770
118148537
621798811
226882603
738852274
410220140
977195667
371577554
525738367
85796841
157756926
1260835
621504430
308120043
423801607
363800568
191781705
352852250
959746617
763919043
221278699
484977713
58131602
417392770
163509452
932658294
765539634
116613643
155306720
543434354
980331224
238288571
245634744
203336863
489258636
390598115
25107997
178121132
684981811
147805381
998314660
439578313
449533164
965075203
90385794
71788500
700182377
993908381
798690809
529431900
266289811
178467769
739033317
702973102
385297011
396801799
109122761
959411089
256778780
869809245
48248855
314681547
913495555
835288351
894901853
64639734
827131008
954565758
479162229
607027282
752871625
624087464
119674565
398920447
220367822
429387515
959521292
155769477
953600397
762378458
251856359
717999375
602025176
265266355
518426212
759413986
948518465
557665977
328713252
386211404
939609831
111804079
933467259
675005871
195431186
155573024
562956400
39716101
555925401
644181222
212754674
842655622
157527793
439511118
492826996
299127687
267753005
384693362
670764327
743708332
331670415
746858644
697464155
274969173
233122283
490044089
662964243
552465953
108922935
952103288
821351448
440691460
224686639
791733372
581776748
175029734
943035053
145408077
315833537
823466312
527684601
467285123
603388400
402398979
20112768
104097401
846160721
170572654
134051709
948867806
164656298
625494536
965169072
120385430
773774646
509868918
502562441
481184446
602953091
114544555
481578953
399070990
899232930
450964706
230339707
20864444
459678232
815217400
942650246
945746730
875660575
946496914
56492821
548490335
771796345
959357335
741002680
395225379
166737325
896246606
687339511
430452415
30503015
49068293
120302558
788776494
400266020
714873176
238784413
123020043
383411221
57358537
244686487
751531336
53882318
779312909
728230313
709749283
656257363
836874930
793439079
444721445
293070889
283757334
238761801
330011426
349992744
951911274
193853461
247232763
372327336
777078997
676966742
893552055
992924105
428472656
70070647
429169753
124615558
307108959
776736910
577956318
319267867
874979335
569481325
188942058
615223957
37796752
291989239
708268811
128998715
650128875
243052831
832078141
228012163
904811127
571367348
884196996
536840381
389724686
630318904
917709464
971521159
149652585
230131535
501496515
602252726
745899449
972121003
272173252
795870175
429614921
166980782
103676204
233096731
491677807
526315501
719175818
805640464
862773581
549930325
592511149
755411401
112690280
638144467
164239773
73445219
456035000
948373783
637478501
965960054
611132942
910982987
769230546
718786756
940270383
368555732
581434389
418406455
172255589
313194530
10671644
102486089
933819806
802096886
874981621
38787180
751216922
221335083
93950189
663507725
285086247
569622782
31326511
267065755
897323688
203173605
890886989
505898516
587649202
357407728
788709452
886811541
144208182
624686746
482720362
617452189
129355196
235420531
596942527
19624579
633698512
434145211
585821471
199691655
529597521
357560208
214187682
306566871
612808201
654231520
44331665
636297333
885302969
272210789
883723668
649974595
409845129
633832760
846817309
833602738
465628397
981318483
870956454
653709079
596471687
633377064
328326710
900154730
87036445
275836758
612895760
747446887
289420942
536798100
918207278
815524067
245423419
561899108
578188321
248031342
513308504
343316578
446960642
844488066
851829875
27909855
18911934
529788444
475182760
756996434
849798553
322029802
746147558
80971370
952448491
74420047
670544511
215827493
428253583
694123028
518132234
968578970
13549281
488502448
585967885
118419449
670661305
408994795
870725425
945655301
940435890
212928430
591492770
701822368
789366288
334321348
47501077
116645928
17593267
536064760
288175077
606040170
149638789
404769363
984963842
712822260
158852162
817964945
837926926
686910750
643666146
536621733
922228644
34977086
194401086
863911538
242264565
808426355
418631552
156265387
636357878
393883089
566702438
722084516
115983775
522608166
287815027
843352305
992083636
503870457
577121184
926111352
205754862
312801828
828998768
718514564
962934447
473818503
601320387
599629473
443243632
23996175
147018483
255033251
880859895
103775743
581620699
210585978
971159084
182650026
262111787
818866811
895798127
863221822
176804606
843549920
245966067
675008046
573438123
982826647
687042912
898418666
706072706
615324013
62802782
488609495
176668582
936933631
968910349
942790872
441800233
306407433
966162547
211723730
331651496
879217082
974320118
174632831
246486491
741708511
952278661
734730518
38840287
402591484
35061486
461144388
560493720
983958266
703962413
143646707
601528263
336392289
866490018
646790238
506415201
826256302
364259401
942395534
166438797
644244344
141973934
572432412
473284914
780722443
603643163
20608538
571379766
214076333
406526147
652381242
83483611
29831875
46769777
174045587
977790618
169331287
731312640
414136626
511077209
1375301
552777888
110588161
599828394
846427804
397857298
750522967
61290710
981887183
271980881
21047985
377488548
277036558
906458430
267772107
785433275
167071866
245338107
991297975
956541293
526405674
652478235
641596793
863709363
864103985
140687388
467620900
970225566
510541001
763228879
156308275
956478068
633965863
665116378
214565374
682651843
371513391
897659144
140140187
51803679
358139824
109063161
156272996
965972789
820173311
769803902
63318123
362726587
255242597
467922008
90241349
749800097
594902337
310582149
471693911
789832891
20610364
346893047
345598840
814037100
910650762
837337890
245183229
312969791
664536540
454357858
99267733
696446509
659504253
579406511
320477307
96543582
797329559
301810366
746472792
140410136
414193750
944471842
654685145
962695247
438774520
742611332
479524335
299817670
181558940
741316902
597220707
677711380
891969478
547731164
160847899
775894433
588734107
363703164
384144757
811010308
528538211
140284088
185570710
831161695
613285977
889361396
932599101
361331273
645293668
241879276
672142190
284161272
196128981
183255400
141676969
92673023
368105905
701727903
862562412
253322355
974411339
908817815
99744153
320900838
329403259
407352335
476086422
261098908
128328482
878819695
672727634
685922131
927781430
511190784
518929619
342056958
340483088
438805970
23086168
111137648
397942895
443595086
433765914
776267443
571303577
939801587
951683745
570581849
587954197
679737085
39716415
655177367
220485963
930123833
390797321
271809467
48934162
376038527
138836544
426665823
179046908
444502006
448196177
515294317
158416808
256123633
996545903
900666421
697207883
598537867
758946401
449636174
160425228
401849091
196854777
632191924
630395879
831982772
77550248
708429539
274257337
187351266
714920904
531663233
186454914
398294216
332600260
196758779
396203468
997267818
712824498
457099331
737910567
499833080
428937367
870729890
396198186
579213850
433777941
60228520
116669497
558198631
287631097
206338355
866363508
304607166
316382283
550589419
970833526
697913271
105303005
669476875
229904817
919221556
300211690
479135316
13044882
584237879
307673729
534246628
517287092
122508848
388835499
195398608
91402504
495694171
135536846
229771519
262989339
881946180
281953889
682663324
616706900
506779221
732193630
463097969
83034327
738665010
992303899
498068867
704295595
960589896
303219574
146344292
429356907
647645629
150976525
989791492
771671573
750407703
843876950
902194384
897591977
946600969
749763700
158059371
37885552
604742410
202477774
434802413
692864932
124535552
778118698
64424329
270096963
689298260
512768884
777484490
91522139
825649980
300219069
710046578
185745507
824423135
615525588
549857380
98710470
594893656
221009167
781080373
403563222
518352411
381873182
59072558
423404435
852416956
679493212
252733210
880664884
80216528
606551937
356585229
578651221
265860454
638327944
545874880
26823953
442808215
419945788
854944415
881868052
335426447
581149513
248824043
874813178
909700657
396931663
632962588
391568167
235784641
288430619
732828221
468941653
447491258
529123517
288479948
892063804
527264070
765995752
996083036
173349751
760006024
800720205
73932725
907777952
16821635
303651960
603043402
40533275
171622456
119925228
8797047
681844659
205835711
493455992
139451826
945252117
5880299
623876267
238602660
406663409
669770308
6786325
127390349
124294685
50451632
411154629
275430717
765211327
538945775
556139071
357596130
787169597
3920668
275153104
559703140
587768446
801186078
574556037
534697304
499663591
157588949
507207687
102732598
575518161
439835954
499264505
914698841
650188785
306178412
954029370
469586298
610828845
148547166
974731514
544227677
285324061
534674488
94838472
773046316
757308625
177088663
729620012
863074042
618490336
442267727
2892307
932751534
929933300
932337333
480303203
322445916
229263626
539570268
901926414
874476760
538671981
780829900
210583186
305583374
16764311
423537365
102622128
500245763
581519986
786010913
768700852
67956176
948975241
4590385
962656132
723075202
15176940
104912925
790276284
691358973
456203272
204619462
736039625
640518071
336721135
995628296
197152575
345811743
159791040
862762921
118429646
501903808
551051530
276598153
530872496
169798558
295332806
324030309
932108943
656059438
162381975
854964075
612362741
289415685
139611859
118463957
965862127
515506143
338624902
609632145
431977093
5365013
132770680
907267509
509041956
200343112
738650000
335764306
584816866
87749875
186318818
58002956
465006982
243017623
212793586
815735546
932401533
417674566
835032325
218950060
277507245
222304665
289316329
343346778
920802079
785964981
455624447
904673906
805780577
476072288
905126105
662833518
581974633
183579966
837598833
436160664
815675773
417011959
159087295
741301508
662540530
473631876
374617840
411224560
976808732
235013237
735505717
323551008
362925034
870283334
48385284
576032380
448387466
163475238
721884089
640972153
479123492
829738795
969650622
815070213
78977675
877818875
472052517
475062559
348928870
300139157
211672680
936423485
97003608
558166036
836037043
696655093
796659298
781363048
159156379
43148477
83402105
20311853
76350805
46383731
983664445
609840168
353896915
885001840
885572587
397574798
221047199
21910139
380920570
974567005
199532464
871003910
143678352
607271331
75251182
449390844
447912755
401469953
740912718
684539295
590001681
5273375
779166458
727963252
595890784
731644160
347346773
798518256
863757852
400687739
319151799
767600541
814176142
900566587
409890219
167092861
496235583
281318598
674943243
732577998
424438568
577211428
746148032
729711394
248045387
644322307
578624710
755857307
464973264
171835873
221070482
244526509
865641627
168138020
445516520
673667682
295662845
273002984
196959107
438918310
662011470
472617305
717504544
656842718
810054908
192515333
572889852
174378702
978944126
361732858
462764500
49144797
214261937
127743265
685768064
112280326
138124197
372021263
549108972
837008058
283167153
773763637
413403785
619019829
974245944
347368098
193646987
841911925
183849491
446165172
661711688
346578191
783163538
342850910
695879353
333892891
300936521
756562826
103420826
568891109
612089161
406267744
801650885
118783091
510101795
856938964
463059183
538789611
499587054
187602679
584130492
63752810
595165167
246701775
431962297
650646949
181074929
188855069
136791160
588326831
33111915
81925996
184025005
707870594
145295355
399480130
590036951
163342956
546987276
161932920
776294541
214625526
729045259
984624273
322498945
477078753
679141683
773985450
170439434
368831623
189703904
985484111
953801352
679147428
590956542
336345613
95981027
26548755
896825717
516794935
616099582
398110823
435096113
465742986
166801493
762841570
455972454
666631762
839444298
507451174
996375270
846975584
588021079
567625849
678018270
121499400
923897957
288680533
173003932
837340818
851635695
80351386
87875517
107231712
219883717
278903953
64666448
81422485
56182784
613801396
529801856
540201869
319012802
319115922
271962615
272959745
486777952
988775903
469043115
27201119
187021441
120949161
718660545
540992378
172000991
694688631
798020198
923359662
535619349
722596310
921153885
167904024
126310959
955859010
384830240
326713231
528463072
648223141
570962695
508943710
662420258
64091092
984818768
125670574
775412866
639533122
154931470
95445624
566375031
286227532
262773703
982986978
585149633
65041510
127025013
641676110
423690665
182975110
974524617
594196053
201791485
394101574
343642019
927014557
682199489
848747033
435197428
375763347
587821216
863462152
707796907
952702231
42127160
752899533
284230320
611040262
847632794
218520316
907034014
771851094
203034390
322571946
271476172
749772422
574973920
952441736
958619827
703957955
924345345
976873230
67399409
945861866
893511322
324581061
340177393
517813767
601217325
746706495
187879178
575282305
752923863
165485988
727514030
955499900
410470955
507334294
787325225
329633505
411902135
871165256
914312707
176801614
15728156
91146438
68781480
820082307
305288953
109030865
250616115
87543868
541372811
46466310
514857043
583594108
542078698
674576331
274500707
955552359
3276828
739536370
369186786
674708877
449884866
901484314
239068697
400815179
329727255
271881264
758648467
760732467
68702010
391186611
508854928
955120423
822681561
655519523
994532525
911431922
537584408
497179868
162394848
544421391
596204188
358265932
927424444
407514116
478016838
529762799
424358201
733403243
831934428
463940509
339528975
698073556
66408378
966015409
500955279
628646955
132693946
328106705
75901846
516321250
323287985
25970700
761497033
545733022
481373843
213938563
975170470
271971527
359175301
327337475
650332274
324309620
779206497
197597517
545417823
722478754
705082238
369212069
682841649
940853086
815875813
740996595
496043545
631610396
306195221
320739533
540167482
376649503
906876952
931470767
984496083
364022540
958376614
486673377
720126427
855768295
214491297
170821233
457838468
443250108
847872197
331242817
30715303
989220452
64136868
676274212
593727220
951266582
297782188
238155241
233247026
41377188
292821372
858232922
612965208
955605239
437736984
216276953
311332833
331076754
144899761
940546209
905433684
712825073
898595883
45599478
269790639
186830700
720271647
302947737
294964881
319092078
773622101
397290888
341648923
636678947
821221451
293400593
358703143
720096325
121250649
186066587
287043547
825737526
202227074
339239651
982642504
4079068
514410461
515986381
863775144
132850258
871553857
995497514
47598925
475527165
102121725
561450844
951606943
204502242
454811107
892522735
617600868
560728098
803797220
11874000
353624204
257375738
859898348
616864852
403190013
660744242
681521326
116336070
614024219
927941440
101659459
123607876
341637506
539575129
918459193
143653258
184469524
801513516
100805164
267118428
776897139
815826748
784415676
613723730
7084928
600718105
757154557
860889654
761224212
4773048
468282765
590964322
681361195
530465978
686836657
312133461
91012563
659664939
337962535
755118058
652870019
224164443
192779595
765047983
639029521
894078808
617359149
653219641
522018827
794378865
649370581
414453242
240384682
13535638
420383731
387093505
908434810
888210969
190515395
679073539
179073498
785309507
523516238
944740288
307810507
784777100
822334218
653072337
962435950
735435871
985180620
608869275
918751500
483976081
152951917
794926293
721828978
105843619
606170712
57060304
127240289
267524970
824865981
992253466
367944263
667941940
781040620
52924041
558442079
436490013
593614453
653326006
505800709
307343150
771076763
444000890
837312636
719107053
572801289
299043246
278533985
906909714
808908623
50967167
335308263
967418259
249820753
21788471
527098711
401917583
791757450
789676586
282827152
442415917
571289877
803761101
823263503
268547902
570424131
2554558
381126442
880480383
294995987
492777996
264468117
371057979
94826895
420142493
106675950
449269829
925825
567849884
825082026
655812025
891232656
445085805
163926409
449388784
910407493
665869989
445951273
859620506
953704915
211903359
36862739
803307221
189422766
925367081
738629068
936928034
798900287
273942927
25987178
667957651
400571645
125035488
190045625
521523499
470156857
883430618
606741501
591216833
611741634
29238079
74659768
864894800
699806834
339236814
607913787
19186787
375428069
184939595
170454655
179854407
394125630
292909872
440073222
750604900
457705746
347499807
107367831
120318015
388417214
864206794
343946817
261082691
714873497
523315464
229792633
568024636
43678895
183422765
643808098
625799838
739845493
102695959
917864591
632605685
91314302
887793451
265930334
352402456
728381807
564413460
143207367
214228386
542717445
247934200
720715964
921630926
94337388
79330500
59851758
344688443
612247073
294935987
379372239
992951773
592441619
353338443
291919341
521425042
856895653
643346732
153612472
188869748
771104204
433903792
577433761
902107898
940199315
15356690
113733782
808302378
922269458
67618812
172743808
962897048
507930290
448497318
715302606
967680
607124797
457617326
900318644
4468092
4034390
528144591
678024789
907616053
271559296
568184921
693658729
902708678
91089109
802340012
278481471
218658807
65074040
505182589
476224732
486940757
372339863
688590217
149098014
363987414
478542772
758256033
718692679
871813043
67867623
920134523
339875635
1961681
151552643
459389528
136183884
182640709
262947230
344218450
404639512
835320703
827714888
635165057
855163009
144354879
382505483
548905009
759741523
724430921
728994305
755484089
231858305
668122000
271716972
400882953
418534227
476110540
540706947
812313863
493287638
379184194
687988579
935190467
797934596
930594613
966978007
16015170
800690959
684936034
162314183
302064046
472055639
881529771
475414049
139876556
23378583
349789330
215365532
959374251
767748459
72808847
349100824
186614887
384580605
176196222
41437059
640730114
723492046
18055373
301602978
140003752
996670671
664314468
682940497
973094981
710732006
246541030
471743724
712012447
233131395
724299246
439928904
892227258
482755963
406256704
252469798
759222857
990576084
521542226
660020421
206400452
517776071
892975762
623331283
998850291
670504657
562240792
566861476
296776267
187674985
937331412
663240129
96930610
547257809
626965024
437362185
321320590
801967523
982696314
487450184
401238832
797286084
610940818
217778679
500986984
636898147
355020356
922295453
251038881
152201582
271735332
234714700
911180879
812302185
443712792
305449403
412499208
50848767
831894861
77036057
668470533
891100191
896706052
867787575
835885013
280014631
182876655
426307984
297779559
748135434
29201526
295467923
989696573
84267757
944030384
138111892
591349527
687255016
55837226
937622921
345612726
102280212
497430451
993449745
659512350
690018466
423025984
601599174
196720785
749841438
523266284
53502601
578685537
882293565
269941407
818150107
169787736
395466203
565070504
232122707
186131321
336849624
736394218
883578658
54879176
473757897
802141721
546554025
387622208
151795456
259283303
258652542
718481926
726171881
573232441
418614689
407942443
686457414
887005671
62213310
13420896
438009518
191834991
299623919
468716449
854539940
517250916
972678586
459792962
674672182
13198646
780848839
137242924
736321125
815814744
536064610
927594225
998335118
705042744
418867051
746828381
411695147
595897125
374390262
269118435
669435765
103654511
109167686
739482133
87375923
271800556
991901836
652468716
648004841
739682424
80684082
349333371
858269447
639032675
629902273
243570467
266165618
504607539
579369785
731866785
819806491
184618112
145622692
625994471
407561557
536169606
896067269
140968843
72689036
168627316
551490078
294531110
521697344
47505111
859075851
486973423
18768064
317531567
658862451
146127014
974198277
573002775
590459824
280404385
913752328
88135779
948232856
543067737
604677740
433682542
723551363
146604470
906547795
471449337
384617946
366447517
515178633
520645527
783871393
909636905
339660008
84985042
611109028
821715057
127766999
41435235
376249549
727147879
551334537
705323767
909860684
793199567
369092519
734434122
961679363
396455846
609372326
105558986
716428869
811279601
588799233
831716639
929500055
631904519
210043973
919446667
786580391
912630151
111531528
809817224
759658719
47287889
2955425
517891997
630255706
855077275
20880891
75044729
962941268
852179878
95607653
875028489
129145582
162914112
131388275
332195034
563001586
186174678
160761373
323862443
229483254
249432498
17368195
470266782
582345891
198286883
774441903
579232151
486195038
404423277
215503301
89382077
829805032
408999051
178112040
948710458
928805850
832315753
795768390
940671131
232974474
523501884
755229690
850184342
423659244
301666922
864866789
347374680
185813572
955107729
364677033
969971452
332618104
110937915
377567456
31417873
596208031
534925503
71008120
961153353
975875644
884230684
399359519
281584957
295265468
367886791
229973701
75604887
692270093
201627523
2780100
167406236
49159988
931861832
418000325
904726329
643333881
787862912
183331333
140965547
132995275
941984554
220445287
413015463
263753763
460815909
810507736
809095201
148479497
593469401
938851643
554162942
482146659
255177425
964772679
635068486
63250622
863638031
945486227
473327593
675418424
77020416
451484692
773983087
761929142
730434564
156631224
264251764
771880930
662693724
577013255
575139757
148434758
567331174
610716807
125207491
595402746
655923497
836687112
371229287
326990671
267538980
627539800
42237539
911883171
150086897
183077915
630377083
778322165
481108827
661399988
594803813
777768757
22335606
110935571
126199368
949339527
125105391
553963443
234373536
269860246
779752199
729229922
196979384
83628005
104824153
796391457
803755614
150065969
423477265
778708391
254190717
615990488
961049060
113454668
843598302
996802990
691360969
599631906
981619448
845695448
985823251
306399695
964956727
815737859
960876275
369160801
114948087
480994840
81635044
648867570
341121165
254400895
826350264
52167586
334387080
99695190
132918625
801197271
738959745
772830038
393621013
140670230
784980218
444604712
501376599
858451397
210329089
91858401
586478811
209700179
68563604
875305138
261426912
146465348
581201781
665999651
57131079
340319863
954050930
412399480
118250167
289522901
722051575
864415327
9450515
972653992
514784070
123501889
593422462
826363653
594484483
425921912
21196237
778404628
815761992
690945510
788508666
504301792
199122630
786114137
472857542
985167494
379457345
731867968
9384602
584006188
157126376
573113741
126525007
76620159
811937915
49891120
75906153
464696397
505255581
38746947
744567280
640621769
69409426
584781159
871773553
37135962
440384360
112985837
671762926
276995325
14292217
220236961
600042211
492156131
310125032
117931092
809279084
283101030
171261472
848487377
494532910
405618483
732002905
878268700
340361027
295384340
867260705
650216703
286712490
463990764
35699882
702649812
323449052
881449329
267324784
291784382
929229860
130652957
862969943
284902404
260646474
37672667
723772484
352766093
671126512
562681480
607393115
798280961
102434819
959842937
3472079
668665155
264415055
96691445
583391017
901183448
264428746
681208449
31956470
950923845
513342073
372562624
896743440
870668135
640655885
712008261
239666549
880866773
277090101
963165813
782804290
745540811
479119578
865662933
30776575
196931251
687235908
578571203
335717974
843263509
333383732
348647408
889394847
964209707
72671645
726814203
650393173
135714647
870376165
430205971
19385329
707038422
277220801
895328822
58003615
952660419
434963028
540739578
998470204
41549679
761171655
954156217
818968859
693784485
455812081
280787728
283872770
194610176
597721285
498678765
102382600
980311708
96637565
281609686
372816484
512794514
151880949
432474354
123091498
561351487
302782197
616714516
339981684
215633948
363037898
713613724
336216840
648799005
685805934
229973595
97927169
169677868
928861896
164682516
808432345
769292123
860505671
704516458
118445376
558063376
31523104
548582129
743632292
482425717
100781557
384858610
146668164
423079132
455666418
597869829
698231652
648273884
87078935
424902902
310824534
668537093
846014121
756740986
773728969
148202558
29858243
115820755
383606628
620358550
887896717
686241753
840799975
40736587
335467053
869942703
599785039
533322773
800614733
146913636
413637384
764877952
437258073
705621576
892450553
977366171
175756755
348465205
782055149
944462668
943423082
739277573
748663422
370970114
147520964
841643356
187722393
164727057
955172029
974407226
111038415
221571422
522776864
397818565
416521368
147269912
159412683
181250167
272348122
674932185
925809451
283652520
218862196
209021306
389087180
427262025
670202415
485284080
169715649
115166792
280167286
512173922
263408533
797475512
184232232
60663824
848122216
439031687
765254812
681489282
567465896
222946900
883576981
954965601
72600162
542408608
489697073
721076866
449425637
429858631
46040703
870976630
424683220
348938944
224654157
686664107
275856456
732954234
636867852
248179712
810260147
838020558
457520149
29886776
381335841
697863170
40216348
883784223
89393828
672240574
432328415
875614646
449741429
464995441
79868478
210407283
753489486
130014648
738532648
78066313
768647866
201148032
211762254
615946009
474343646
589418348
351744503
435916855
456944745
609139421
469814
155601011
920593455
653738647
970002575
246770450
735654059
506194576
400964961
603013646
128620267
330793653
423187660
887857143
974784500
443444306
667283811
964764958
244111376
409774666
953811695
945870615
611393508
475315918
159635751
266467133
797146176
160801216
937013465
825133791
278338870
865643099
963967128
580224364
893944392
450019652
193234038
878811558
327763091
717335596
169214075
581236637
679162169
19265452
70260929
157317471
141056117
10287141
949205367
883627266
998032812
519079964
45731842
69366631
482402225
377797791
973467701
803726903
138017132
991123434
409117666
552389172
76341015
584895041
908064314
873125455
699427847
40273966
642462035
340637683
330859678
764574174
232234094
294028163
994431061
448023492
861257906
916006889
29394114
158768733
27115223
73750013
540143115
954132551
380683951
594371141
958255222
780779824
334646351
404234609
658511731
300900757
629692996
814253593
113597261
578994601
321178613
303278741
183473543
700648212
850377506
713768874
870131689
734466410
533615924
774141508
942613355
818792320
411214056
430904724
259076683
275970468
649382261
550427557
366575271
268938342
3968995
919733261
889063995
270783850
519922930
826023624
418319872
464886682
605573300
876861740
371618939
183504330
913338303
363182721
258037375
170004729
709823244
851415028
806975343
469969954
9452589
135409589
141129039
852686295
111696228
731307360
380532735
737975900
990929578
55835458
349500724
305949967
672797895
442064023
43346145
373145761
782281923
808354925
165565647
828721773
954055020
693356838
442854642
152599880
437331819
52760020
410475944
704745940
872156394
612341151
414272107
899403477
34993693
12170063
509174768
792209991
54836820
254017700
440632634
924470092
221314374
789642353
827472822
106691871
813594705
990614945
723586693
536300907
657116714
393651802
981804984
637527764
496957283
316680966
661409830
110403852
269365662
327937032
520676278
734072453
544733144
284668226
724953752
377226262
709136178
513777752
272459159
307169030
570967647
681979330
437142734
644798719
959252233
709768167
198390844
285317911
59538808
14472137
680478432
375190734
444328520
645529679
163975402
962874208
883318302
419883321
26781602
238201577
863676105
851295538
501726012
245589343
453719901
357583734
290044935
330895426
884798064
964060045
438803700
601724599
772587240
34619192
297072060
932389563
944439282
834392497
657208556
347340500
731258848
692448416
500072329
319662310
373711877
750513633
92981229
88026367
956243483
649456611
907649559
515387243
589403102
790993940
135825879
530005907
271241925
570601588
629921063
201454515
344632670
695017440
136436415
39711472
691236671
192032686
277787057
484011259
491757367
72559540
763000393
2998061
79515484
224159878
93754866
662202789
736658949
615751237
27486675
699536787
791734224
542111142
650188494
979657242
943426718
108108317
876761029
917520336
737239116
887916028
863453351
775238353
169317442
940162342
703796919
384496330
179936190
551901175
779566008
318820411
491329629
337941247
492569457
666426813
529188854
239961728
185275552
17618413
104912662
371344625
825429491
901577082
615555840
145718947
998518386
580019155
918985140
642789070
786271687
178416714
658384083
217780064
644854791
685920581
4843932
833439398
455727450
126689641
134648395
907053981
413387003
464267882
484150053
363409720
945654630
921166287
821586858
849508568
4669906
956518813
553541504
261891283
75704682
860293510
114270133
439539195
310496703
185351159
431724132
752862344
970023847
268543671
4931333
506431294
757607826
842973007
947511109
766823206
732201319
736267279
275942005
544473659
74415742
256473417
806461297
768606404
129930568
605229938
797205573
398245797
219565865
948245605
914946154
244808316
140155524
997553490
697446352
888270175
1948271
479285426
985031616
38602869
259815570
115200839
265329997
475260007
474582672
869216760
409040572
322445236
868618195
446095345
723713938
315717335
678655661
158768642
762599804
402771813
12999424
148602329
136439264
711459534
877107762
880573254
937204771
462487931
535180793
233534304
45331402
93650092
997262083
999813562
963951061
952116052
646424896
18139556
457003868
920526047
224435720
884567099
749599500
429057191
429719784
666538425
297160843
696938608
656045981
410086456
270216643
311446093
212661260
411479412
644313521
401869209
327722407
807226229
848983850
82744589
462294152
728350690
288795621
664835217
557938017
182490482
358382635
284715853
867742217
918063251
578025924
798555305
287918495
180066487
949872290
865004557
271605629
269863066
670024608
755241354
848256572
75963661
574054248
520045121
568342359
760852468
185702268
963294383
44163515
63962509
219487181
174419154
195956784
171175807
706655553
604331727
215671069
665239698
849338469
34431474
142915148
598060707
938567031
610339939
549885884
746706790
192943199
28332204
917380316
569524871
941472623
150181115
816678083
286381801
306430120
74793147
529486089
109130721
169012292
732369909
578197327
101480556
490410094
831690658
994025820
302012158
110233480
384462657
133325211
53694133
38433925
395537217
144552435
91863323
677157548
574133505
468377790
238583206
564775283
81203621
456870085
953688372
521081958
187706139
110877034
810850716
519513154
797808436
412168854
280642305
198052994
670774646
391709103
98046644
492992348
306621220
622557755
21693420
290160777
62728275
695045132
827859551
812711198
139972831
35291024
383183853
315802775
484063194
281093046
912707911
140580528
351586467
825229566
441709969
752113063
140810151
412936159
549059680
190259871
638964633
272915211
238223704
218719161
381195192
171724806
118635746
830662918
384469691
201494444
352601672
544124490
379212891
543905127
391782007
59854490
875519497
96565112
258344631
84380304
519037310
949829652
480409678
246877134
146365515
363335452
734521305
174342321
801887587
28895732
862013831
518731646
574077626
984485979
718611136
978313520
460398897
148050280
85181762
640992001
93712507
834056977
627720058
668908835
66886463
732984623
658878558
390844064
651756917
267617790
188565144
642732766
843342855
138067688
379968886
318625504
38920989
564673614
556129415
582454773
333129695
39873536
284028891
463481404
828797409
798058307
466867777
53352370
670649810
453620460
905147367
810980286
275617699
736153335
701441063
675530779
647553642
973087547
737563833
470004661
608520003
616073934
154757731
824213909
218439716
250826936
107264488
533179543
70060033
81792078
260654014
259026760
839223331
470951902
509843022
509307358
957374777
91710264
34302978
315063197
448840081
946951857
577014726
682718227
160911940
82910298
284002197
676084137
956792169
413905280
667370693
665287495
935605054
837606831
560495883
558865155
289813792
220402476
483617587
991407775
215595819
442435213
790412033
264434179
298407553
501488653
693294413
602027770
557981593
116950524
687201831
691298901
265822257
957188634
493633129
568880496
251933363
931209587
688369068
393497919
777448086
11497325
702701195
494309987
826749565
824343359
270425941
690308126
661354060
327461984
132476919
460738199
576150306
393294377
304004322
896303455
85137500
240243089
715207184
891177325
563298411
959412909
245931099
187307573
612861099
697064740
546180050
688619838
811284484
849519105
923075134
483631201
542852999
895400682
427175781
960958127
438688668
486994423
382279552
588826903
494063947
596925406
30807383
646971830
694057501
420070059
776222702
372263312
248273618
987679362
386114280
111894680
558152984
978818714
705863045
797404990
686318210
696414971
900065506
958512629
91565030
607423249
410560024
577864675
251917480
733955996
370972853
94568648
227006287
834192550
787156575
429749110
810475306
239946129
56838755
642552599
178656014
853632696
679682972
283307065
644036452
876812781
815449659
723972853
9763125
886403016
17597791
334032175
233933261
522518964
550242700
18501036
287817610
738931107
342065877
132830226
476172386
247328342
973658011
402182479
584007969
95557596
210739795
892174273
301920722
594405432
987507951
870871280
372114286
4681827
856935529
37431222
922219982
674746947
981559366
980295578
523251376
687732041
970175359
412163134
242632669
55839769
767152720
345940638
552827358
249860850
628481476
799491163
175740061
964887812
974240301
809853248
887446127
352615003
10842307
446851797
940411613
798465571
467218132
218261683
473932959
183016471
212087373
888134733
646924181
518506205
471630258
345655185
75100611
772606126
349022380
444489433
575668377
727915010
180548989
771008064
492249188
576498128
543953345
621947505
73588791
224665042
809540429
453100824
933909719
808162860
72890306
57528355
708460929
250197170
377943088
770739488
424756983
607716171
756370050
69956953
790352595
311642757
129238644
193079169
730384121
560038691
945707811
833383344
116916119
861554607
875040993
134658911
52148230
318110647
684754085
542738419
918145619
788760314
480114041
262766908
834816406
793204249
214171411
629610679
709986472
711736112
288236718
845578757
93805723
698964948
739079597
340762374
892823955
184173686
964899260
49397215
546653843
247443167
466861795
634053482
847022323
482429102
985105865
539346254
178405675
542324464
864846940
48679551
254620029
687596317
661674932
294143547
961314232
273585020
889861691
146106568
745609278
687404968
315200208
985916060
129884940
935723502
505963584
945124620
189748027
409006483
135085639
983954101
452248066
208799232
836449535
24004157
987427504
614752810
841218745
267523344
960590951
728496774
466130537
114288681
434301349
896772167
75234255
212664796
99996353
571102678
213493864
390986874
663771042
106413102
998254016
911485016
764426816
38349766
993044475
346940887
608981276
665868381
232636580
288216171
563562684
76865744
18958999
872753454
755885980
866593394
817885308
937989862
915555545
434289622
687481730
699502331
29228534
299580569
412731419
927530286
950506224
82508344
442046024
294619474
266326755
716797638
276173641
165877263
686674967
435174443
282733022
597803955
920904483
520450689
566343606
823283357
562867219
880080274
403538750
209375992
370651146
503067860
679128777
530172758
242502043
373956941
393212641
621588573
598740871
799306254
460163671
641249588
549528719
237926989
809178757
973877616
737895204
93311299
988758407
20365927
876358154
781591145
624072891
403487433
664041146
183011466
182457142
953061441
921804315
196113096
291634683
108182049
633701382
643828754
83500870
898494818
635609480
385885231
958415140
83823426
799036241
310909140
476792384
335633581
536130906
734594610
979582595
587748880
167503844
583031171
814040891
331592929
213046785
94632915
635042368
47941194
59657292
901159191
35660037
330084860
953517438
307370417
907532932
428398443
656859870
974272868
662602344
898592994
425187254
10822146
640926735
706123931
931502888
624106083
660638709
759697704
189864684
755639792
758309443
762509422
664422845
136226523
927486535
508565140
21957718
151757092
451541523
417393099
587139794
626498604
256095567
382505927
677868046
591657597
921601714
663684724
422438680
136968423
268710653
835410042
842702270
393626465
480420035
74825951
328240608
108005235
155861918
646758065
206637636
956374081
240490457
247425893
504236169
981917394
483974654
860846821
833451491
367072972
494999927
203976764
226420526
654642710
414010933
61889674
987795016
37309084
296155937
297622448
969121751
300662252
691589324
838742425
180636320
12611814
106118317
23742178
47169942
560215736
561025679
307418906
249913356
570897848
264534905
492271173
86090790
181106211
706962408
934012985
760257823
418467607
111219019
500592853
644403335
639699816
629438632
830640869
150581284
543440553
291619496
86245429
145128025
936012375
837709902
314268206
390797538
754879251
842895212
332562227
400926305
908364461
771484826
24590520
105185923
402790963
869309016
782121248
586472413
352060608
678485314
685257156
800730103
725097849
922046982
892175100
147341069
352716889
123543687
805778971
431461227
944513916
677540390
912109720
313003506
691725655
688422838
716750546
815140273
608296858
18473033
488397417
591115271
498643575
619470214
229607432
452058380
702487184
205542490
129835128
335861256
409601687
817887665
262206198
790816020
77324996
216849922
570602339
209253976
682754163
608260750
912962718
306538175
878455104
9875342
32483005
316464681
609092611
430438228
265053740
521096675
621994347
187690214
325469625
666764410
596454330
490060901
993803443
879391933
658741033
501554557
234967247
881480610
779413480
499075639
467162084
808799222
956195708
473552241
265905525
409413317
70591152
927019768
412847717
131593257
627270224
381759659
548250110
612719486
182285353
537180409
79596528
232499878
699943513
797757562
66124397
371907218
80190921
625315835
911115883
133305491
42110724
584541300
965770143
541266002
608221283
83849124
483957005
412700694
79975215
532627139
739799495
459216105
411677003
240512631
21363260
616636318
57654467
326266324
992671449
38295545
891574232
349772341
133308702
543602204
230460290
166849511
376053012
366322658
281290739
686474649
331913218
451146667
183378646
313776109
771327243
877761880
522869397
36658757
819348452
770924501
20292611
304898549
354013385
26909454
608590508
54881884
854916542
992410088
126601527
221786190
762237660
208457563
816376751
272508092
472289455
775512882
734713359
498023561
347489282
927549205
458843223
867031058
622034245
900439204
535555716
657199395
609696651
629792163
960324983
55354151
615529770
32060964
522213587
210258459
982190341
752539639
469195268
801983785
20636784
94610438
858430885
63808339
22612305
858586186
794215754
318272786
488300315
488465786
179448885
235319741
690933405
215364244
758382147
829234345
897044152
570433590
913083087
957188807
249758478
457807502
75254153
723894102
365205543
305450365
854116175
636666961
25497981
462114494
210540548
233687247
277573385
680790250
329264584
712687634
750622493
537014278
907447497
831652158
33014989
717711999
63774973
391998532
5874805
763685022
424243953
781802660
582329743
199595100
642807104
427971464
790555396
421728854
853417577
7296182
491186070
453127474
530580243
929718894
41064562
486835680
277541797
790189625
862497424
821493446
451204331
926398003
888418514
184874931
262348105
908085579
537891889
491299267
472961621
646460882
43774126
193175863
297268906
188459031
969828000
657952797
946034925
448390722
561124964
541970804
117816541
397475809
959051482
733456755
611568637
164062011
281432002
319324807
677643246
973982695
374437996
539561173
286615428
529618995
306620528
841241172
974179662
207204086
587392149
980403098
389262526
660384442
26404572
750431492
93721827
514117144
458992740
669154126
590251648
111520955
801733908
708761121
970539710
909624794
908428079
947818816
826375607
35228235
702954880
109784896
310634761
771681634
876784082
311076799
770008330
617849137
991430853
622558973
759781250
1309643
324826951
153485453
209620953
955069835
280739689
776093770
257026355
860309896
517558328
638195050
756829887
528658612
362863168
25042678
247567569
923141790
311455043
347612685
911115348
663077963
613734961
461628622
862758617
691532920
349979511
274166522
219149007
175233518
250104003
183425579
621355813
611022239
51675723
407503000
613686886
801120577
831861046
227361942
264714500
706574710
143794377
920945021
528468208
258010819
612118139
726713750
433114191
904728449
158061950
873948440
291097195
453953875
788716773
297468169
188985500
135177461
907366565
738344067
484666558
822931413
47142504
289045522
913508476
834264784
194955360
653844601
774598276
728114011
608396535
595486173
762098335
441082973
635425385
245121580
188117277
12991496
726792922
418322362
108533436
134728696
412172785
313906018
769082788
350343629
613462770
518178753
177036289
674491406
928986350
938856377
884897448
323352472
410804667
292159326
924478247
108122106
314421071
218620001
462599273
462078439
886546882
978042466
304238945
886038318
441943781
217217189
302954260
601741030
449149858
761451463
382046709
725108142
700156667
179283976
90947018
91919863
314182207
661095209
356986022
492567401
183529124
178252594
203003342
571667050
801957715
627327058
513124810
800158210
830988743
68570827
651597475
652446591
283291515
747640374
489094170
724684606
296028848
681309795
861898945
363715060
667138967
598195016
388569466
293403278
28990673
774063939
809797326
425893726
579402796
696564101
692298523
267528768
49818860
337900216
104421003
320651899
209782363
274299817
423247248
463711113
107242684
644130458
400775926
188851600
631824736
468195014
991295117
181651528
239712
836502306
493514452
438047774
947301418
262629710
310312269
136951319
674696248
477198302
830297914
559798017
481812473
728084440
740731320
181807782
458114134
271827078
889612639
142864704
954254927
857417216
746186002
922410733
450836247
354661316
32414665
400773457
966287820
164304681
113636812
279067588
53863248
447420240
901639025
430200191
543440400
669076306
448922894
829368241
868078631
150070120
942730054
612016893
313673496
556499082
957196137
41641996
735668126
735188541
738987509
468068936
876008994
131601050
866788527
540703226
26295653
704745156
518159188
642314146
580816964
861353337
271384130
285188064
186284896
551865017
762250957
504959813
492469958
622078964
48771379
402159747
896278218
595949496
215846431
132880802
567753454
800091362
257405395
813135484
449231048
891543087
596997132
9400453
331318636
948316862
436052662
561834991
729797109
756633981
804364631
587196852
542877815
58261550
764346285
165578163
57539640
317361783
9812394
731978425
521841622
796704291
950881068
469358187
950874405
262631658
60515252
811773444
996577448
820603514
82872881
276562449
990212836
861666464
893003948
932636863
152714462
280303520
837373018
805048960
755566318
861002750
452709312
559048336
708184877
388791267
701093096
126330429
833886702
311510310
200323304
111315723
688228874
999843103
915968873
52066031
328496281
60700012
732191497
945040580
956987021
153175218
411131468
525751792
812362483
151940212
588368658
861547606
302360555
843041317
299610400
439982186
411238757
383411771
834103834
879109243
473902451
15099694
941647073
918840863
28372393
91367814
422067117
289660953
989984458
333348058
315150305
221491187
954961201
144783614
365053582
725494204
259557413
455616480
304983898
787474671
758394437
962040651
956568124
729040441
654861711
517606215
997482045
108782877
646340508
349600969
317842574
874738707
178597963
591324979
577822285
878191700
663983480
36727214
928354523
489509440
320548656
271472919
899677059
787730091
361211526
986011262
721585244
307946250
797240661
421475665
32503479
626807338
302352381
498907698
22836687
704270092
522822905
526630406
659516850
341355540
759766618
187066514
749592600
320414266
647615128
860662302
278118298
217821271
366567365
309329353
382827370
54714267
972363830
821426410
835631
92501782
231331177
85884754
853279010
5688133
553725558
57640587
326023163
532271215
656364481
546600494
430173654
863560537
19149103
470184986
388665206
139439351
55313006
729127408
118218897
254052672
534028386
712474197
492438396
202464815
370556277
880007440
168445797
534510502
175517627
147706454
822954687
732113524
186370068
666838143
653746306
6916562
513568846
914480946
829779795
874607404
665361954
550486918
52068726
732713245
746606383
328234927
272195961
808613836
951341479
731305873
105072317
734959784
602745899
153065215
526643027
10223862
849263389
477790302
378862933
130563498
319534538
368367366
550718765
54572632
738629432
691597131
537351597
709320137
332336210
499530683
171722623
569299300
802907255
813593213
129026232
991683011
374949770
45380169
657368538
873221238
886345138
104767249
707284025
496207829
637603021
135266268
136257028
738869137
207616586
657582250
132463353
593270830
462464342
925967029
60941
459672858
910470259
253823489
689108745
152813460
476928441
171992574
548225492
267488653
351447839
526283364
210893773
760308168
575456029
45738057
745068612
945074286
144676355
186347208
688423867
784184281
299596699
372800704
815811842
356406402
280391374
363634563
90181929
472844329
883670150
881897019
645417320
694891422
255585359
836167877
116611632
637012797
352310480
428650655
120457766
134358809
951319884
927381269
704620116
871903332
308324185
183112703
481184607
928689366
395318817
677184378
992839012
394097035
549174806
992716276
213326068
930080615
721377432
231511551
81728154
19693340
449991091
358075139
640618504
536120924
708829765
73424719
733580506
243135397
455112363
7079361
242582476
909902334
466131767
451767267
725260787
701459942
228424752
172268454
319317161
361213700
973185636
672761502
685912858
978402908
218754408
659718523
616190127
259957385
641866057
390874406
764061386
182977569
976217893
286541317
883421291
644355861
61046372
586104519
530345222
760305425
402550074
252422389
479523452
869608951
242654471
529911031
334145866
49247036
712991547
265439127
150469730
661048426
198850217
451704407
905055987
360231051
470573385
585625085
624817473
451074646
374836466
847422624
202830470
553795911
661562952
956571927
385684716
911932391
239045137
912198319
973772471
19776323
800657805
405341214
503046207
661784443
819532643
208058149
653912033
162602158
613761748
733987338
432160122
129082795
610313562
501142225
271468281
892666992
858176389
813994319
283024258
561344339
151347221
65853632
975878725
681127514
320949074
214609474
548159519
854795376
845633838
674124916
35431764
90581282
172269795
288319814
732313713
488813276
383584863
946765189
304645858
994659864
29757686
889817992
622275256
331512870
763012210
336094889
17869735
711392595
139608678
64610335
854440286
223254403
87819119
958833184
623191020
880727134
74575746
538517465
357592217
634184415
529671156
410790883
354804730
381028931
447165964
468534442
354440882
368656663
439248039
659150474
723510934
514697320
931552199
559947664
68031463
118223686
796341302
577042274
959026460
926280235
477657736
8258311
49904234
103556419
341453042
777928431
437391066
9008716
472543774
808254111
583941337
435014203
372079075
278603797
422239558
721716734
568040660
471835148
311430315
449343585
76782437
241523767
670065757
312921392
683029968
588519945
974718246
799734737
43071685
921206229
121605266
973762047
218640867
912136936
2351535
511689651
148699328
339841698
917128915
243965637
48270889
68158609
165339002
208492853
647410793
867647302
898536802
410287485
23723464
609895343
201676085
867910433
464173563
679050725
742614913
339497610
231195946
457804454
159234467
846341787
571091692
131060665
350141036
645600282
965517436
808095209
347434813
885230573
426892214
72966242
288587791
894051649
302728645
741312417
674013896
8068994
578046956
253474212
71495313
870252187
278568377
324213441
456604739
573874002
192223943
93727394
597727882
625491681
36890959
699835983
223487640
553584905
290873778
702156630
690385245
777891756
630780612
969141582
144326547
274823353
344582668
732400457
893393974
19963694
713005542
95766853
842789622
10008692
288787023
639406394
780733263
75292153
482718488
179851776
58028797
100998500
930695405
782252385
87999168
455750351
241090786
917068951
941498901
852516265
361216713
572224785
932530774
107289562
892447153
976759386
870208296
843406574
825856687
390591403
337232766
865282037
994477650
489940141
217595775
869172168
324010061
227036459
210924216
184799807
845112138
710500899
178702851
382947183
899981190
797915398
513372333
270653989
18431365
215798505
864141067
447478232
861479962
140880885
332847417
37653170
542018725
715517037
248695371
702721590
463578665
419003005
876697881
596631338
911886166
416942392
266443022
679847386
368173130
982343601
756704099
918032161
643630339
134216021
732322692
212848525
313267321
518371623
427949354
753983359
245296753
699962731
482944023
261706963
656264839
772145869
907559489
541042500
398434037
466654644
132204573
91360615
877679173
469496787
602100931
185686987
786639508
651435164
619635123
276880263
851619217
578201345
227996223
29080333
429209021
659531726
3166544
318398292
282067583
49429625
73313953
659757452
807996020
975798765
16208790
714579987
392381429
311441880
270888949
731475355
759945635
169306473
924653692
534278308
912784122
321644096
67968101
199022002
805785900
533598740
486491247
574536370
111587573
167691967
422168685
460964876
527951882
193335911
20031016
692244644
787198094
693376027
5563257
569961187
899883780
928809934
394230514
820923335
177703664
692983214
344639247
505332664
211393813
331311056
16164928
988099686
604675932
861089446
187539673
960221491
140011804
111628601
3136941
586434471
531325643
625421700
111473280
212619050
920445128
74251657
716840276
997682737
579776009
806847463
313301049
994113547
578097790
135036377
781659415
368730084
244050702
795819009
620679387
389288934
774429539
485638400
302875479
418376431
699634322
480086683
192848766
938057569
486904387
541779346
263181271
87584413
978314777
447732114
501366932
735246742
69292205
356801373
853633799
396220075
406200473
641039110
588282078
125297422
472295344
605467622
590952501
694908292
204920475
962992512
784752226
138854345
798049935
605937138
507518304
554812701
657566969
746415432
643659163
343331823
929817193
874871799
932422406
636209251
245695308
746960130
730721687
998586297
535063180
310889360
380200682
891217311
168535472
683459090
598896497
951157456
936000535
981334778
370582870
680139184
790494568
28742471
176837859
44055437
276465834
832639004
297122215
527547367
36049486
184538238
938760667
544919107
446311603
270788267
581687051
602196238
732513990
710952082
652828676
56275182
872621912
611882645
767704332
189024863
958983672
298751973
302727735
803696348
379789482
9206143
749972669
246367765
833013744
31777949
805461622
521668529
302763378
881929456
297799313
725993195
348433605
410031330
857358725
350652016
938441678
865363158
529694676
149546650
563769108
798125761
923013374
222330090
560320077
327825244
932347382
61291271
805538736
752150879
207113576
513023840
983381520
757091771
664040130
720290289
467778118
754758359
417827969
779762317
890855543
280610371
281831329
758300362
87318423
162748706
79771386
101263541
402418878
827422260
526262639
683932640
922875287
669319278
976957121
351898754
698299793
895946119
631640550
241548957
750615908
82002629
256822593
712505365
916181482
461173817
738927510
306910015
5844078
764859836
683609488
601818641
636659829
379378421
930873085
254790327
942524938
773559208
331084958
180944406
775138064
636141648
121788163
181812041
339047988
114357821
639920058
442389421
521212440
758483318
50516240
184171607
211615321
447555364
226540032
157513543
551171038
923667325
330533246
763017360
802569006
913806495
248680568
45505822
254842228
397513263
329300021
799026398
629274603
468920114
63281186
244630176
472452307
281280533
541440955
227756570
82913765
711158904
541153890
12415634
37911513
181708209
363533377
34785065
832682494
757164121
936935362
661087317
413517464
397068292
573768501
259594986
164456646
953846882
658007136
82559160
968344536
110535790
907389823
805231604
288506121
185195545
53991832
962041680
855179141
474094015
56831783
102491855
998325545
458692554
502659153
51836885
932671350
743367411
90999719
984438734
214795074
149665512
305276626
201976948
233636464
345989994
284368096
973557377
213717949
21447768
554801059
464746746
57992371
721366341
495505333
774751988
82900479
293952818
779836366
98239874
312904977
470000035
842315908
901568027
565586472
49392868
260271178
732890926
816203303
314751282
133602180
965527758
80507798
964851345
667756414
464105030
293769664
392370860
455595095
447031256
356968771
654952587
626922175
677938361
633906951
121815394
265709481
884711820
78985859
577924514
368908044
354159027
318186522
747066843
797387400
889582156
526989703
558149991
407109800
209711096
699267828
379615343
833881325
408538715
624734159
782213133
924665607
273809676
292355311
638230403
865731922
495710473
500533638
784657669
319881298
442086529
206084509
539170352
481380624
700239597
287516686
420654180
669754860
580946299
861299503
387162571
658142364
92186091
525462341
817046253
244331735
337484609
744155912
204288181
680480825
528224118
193553820
880834815
148713738
453205909
954311727
302086457
765036038
477662429
756773798
196679313
550428960
7021738
814614397
457192947
425868474
647633925
358042458
606597059
815291417
356880888
254927512
510510436
871063488
823848647
959225542
826776828
64335230
780309015
103115773
847577412
204541818
283774837
490775598
516274029
950153246
952789334
440909597
646003599
123369908
674940576
333878799
148323933
86070341
489265000
729059404
440118295
218868393
134374493
171101343
495625938
163251284
37178222
348193516
708611845
981218773
59379188
300159785
455513343
912358096
439991297
367043793
26808761
258419239
682567058
855055548
985934649
457844662
930737231
683255864
890873864
351239945
958416940
708355476
417716843
482947890
934410407
467030998
613587611
540247221
60194857
925562035
214889636
49347091
765121471
614843409
289748637
642060561
946670558
248226728
558366310
999126983
634261368
105052102
430455535
974526074
758457454
876898459
519200797
247398803
243182057
559098169
59723214
754263185
648555014
780771615
266496376
284871853
868185616
952181918
952016171
381074119
900229986
632451960
438658309
283111824
907075544
78273390
183094481
822821921
137439262
736351817
525895723
222956725
722642776
820946759
336032302
734844417
7939660
615456942
604312070
139869288
576333357
615517926
415080991
667219281
295545215
653292315
691579750
541859144
147277591
376131943
890018828
753902882
170053086
403031862
762588703
536229778
817396576
170679059
203087182
987400134
869091192
717874270
224322668
421904080
514936620
300418693
278152171
168227697
809456841
239916846
236844121
853637276
480732589
471795767
153898665
700886683
219918476
472854399
626818890
391045561
613329989
404406539
573969789
934126938
355225364
587028272
366115354
328260152
965026343
312899851
444525987
604765331
462151214
723639812
807303253
350886768
371800711
243840703
752687871
449417188
453037582
645786798
727222882
793630002
800342619
917787102
311885749
165025932
615934649
554630685
106323512
633596062
374401087
766176586
208889356
981630606
162732427
191724237
306998376
282529649
862614333
812389413
284178389
724009528
453601811
471393679
978139979
491892469
83291056
30900696
29998331
192017318
875736670
306331191
42970669
891367614
974333771
102419447
429000040
498659272
464810815
299005181
168407760
696192413
971789672
488605501
72239324
212745720
741858359
534523917
182177571
451641192
24831932
553669683
911737136
249615923
491801791
147823869
396412906
74463300
494758074
646365861
817746129
352585036
735954282
911288273
765225802
322715614
845929646
295924941
936670186
933036915
701278483
704140845
516598208
327767055
162711316
210213986
397795806
330404231
344514020
744960075
926601436
196475921
317602118
921675671
538710608
614331792
642832011
879908964
694169768
914467299
502421605
992979708
213012576
34279867
69374370
444455700
868413097
968473994
572879199
420501499
615979119
409002190
450318590
300719035
31133653
578306249
349399028
786153836
977849352
275141327
99287879
604395106
756220405
778846206
565059692
354952493
259079918
173889642
216321654
833295152
312813949
728391725
819210583
385596997
876817165
175016669
437342217
375408541
954471496
817528912
372835526
704258043
837816535
774698002
276306869
400439052
579445885
280167123
845325918
565759948
219813153
918837554
777154767
215864954
658541787
590726270
811831314
541792011
861760986
796299621
888335493
830883225
294959413
308116118
318643406
676077533
542580309
180893268
330072814
822136677
964363721
747835527
134570217
438881615
248041753
497422929
889315681
57758082
457836976
720285902
327621601
889213417
536912505
544718455
733603360
359266047
829609570
100328987
810454325
75998886
253667961
903671935
219114648
842341924
673847850
124916556
676577319
306434245
690229981
911894981
45077772
744501519
579076262
218164913
885858712
877230722
819916103
841828459
710964032
12831886
10418025
882900293
623380356
607071816
907452444
235944479
424201471
397777042
50034599
362979581
88228186
764577798
817674500
71086173
976382602
819568126
218091371
825522347
664615176
557564476
464997438
226001572
815399723
164941203
738410165
740162155
194312331
838450997
579771239
935501483
647959564
627260689
343798249
553615106
385166509
295094698
639881919
254507567
575649162
613691981
705975382
849902322
352464613
443427231
246469221
168304654
202732322
680440314
156137549
647381317
491047980
660355460
446760440
718849231
433897074
811193257
771702277
559578712
804731964
490129241
202833242
146119152
32416077
829296311
899355646
277659898
986640661
424063227
621205177
210304971
325336096
486756586
642627732
657080510
987316906
992896417
207863414
152244715
887412730
120594765
778045578
328895404
330577512
943186832
204408496
981787108
452541420
518602079
48012907
111872039
742943505
149919881
484892240
589087381
140830090
216046928
674342664
980516759
566486695
16004776
848199737
636703695
360199613
518190897
115790066
88111795
44435468
993770309
532169217
632656173
842969983
853082186
813975215
518181139
11490714
771680655
921633027
147903482
184875437
987288627
165412245
771488063
981295898
166587200
650200579
687388023
280156152
378646780
284351927
788500071
407040938
635637831
350787779
416059443
980026233
610304165
74770886
10945897
604207298
766638227
994393892
354032359
759688128
206112697
395631408
912240888
338999177
275158258
406175304
609064423
516300493
954162589
571032730
860484123
530761707
135232180
787296183
8726397
870641922
981153878
64786029
831379476
242422453
953959053
398724306
559036993
30299977
905431396
611019639
816285751
323746930
428234961
835480651
517977697
12852094
812675235
676301764
936436069
518665131
912388054
986949978
945867842
806253499
920363695
530678713
582847662
374671746
560093488
10247136
394579639
964518641
600569611
788970834
685257102
103626424
324935746
443882432
199693126
983847069
515582108
975311214
668098988
731980667
94328895
442122825
204480285
530267598
511582348
463860145
836652997
202122775
815469886
507734102
966455259
908112629
161249412
57233466
317786693
569523367
597756405
817848817
878668397
973349871
159273288
842696315
611107073
793871477
97048975
625800110
402475996
851440846
17668012
719276243
130520990
52313777
129685819
804509681
598325542
114649922
635940178
532407873
961743439
769809326
163445629
866665684
129390813
514509846
899032527
499327155
803383165
977271665
735206450
879957192
897873256
501419597
19471555
164087435
823651248
908246217
726537736
688979782
834593891
972916500
322631835
809257824
324644211
743259849
769329704
841981208
156115015
496298568
302937476
902461544
973372650
84103514
589993668
45118622
244846763
777813419
342547976
411021218
91694407
292642892
548149763
387541742
223867718
640533602
332000778
142794448
188700922
433378536
45516415
43552582
611389646
389512541
261171296
501517870
122910050
285007230
359725966
579091110
853467577
652664922
816251186
777299646
149053089
856554006
228764370
503119903
248349035
220598699
721851154
661216391
347911335
489501109
96508027
218043709
533790549
865455617
883289030
547242817
998089211
362191167
852843058
629041196
642702083
416062821
986357625
342156084
275108775
6026918
581369512
694540313
486636184
766069054
106795640
581840452
576376967
739376674
924545663
775163445
825114336
72853122
18159327
567254616
88737303
697679858
89609603
943969911
335972962
443476098
149396498
184470903
297181950
213068879
478791789
696447308
759989208
945892129
35250147
207373718
697226484
123773089
445133649
365727474
619521450
211561202
373677550
664096745
26740974
938500301
79590768
476264550
658434746
535423052
87655038
123034235
907962501
631428319
226581810
275354333
280549677
662462110
674564729
697439913
329249540
291692784
50723420
224944908
693691120
459215758
18593482
167052100
269192501
615578994
541100326
12337194
346218127
670729211
983315294
320828419
955144649
157351069
786938739
924887471
182792674
711514264
850285191
811873465
312519662
374368772
263265819
743336358
394932034
683361155
744676332
485458027
580455940
250337594
150931967
918421857
628272663
995152961
270961208
322254689
656262305
819386273
471003205
360665322
545206330
651276458
468985361
648436872
718152852
975343414
678068940
718429955
72447957
844361568
214720613
843453117
613987685
975839597
890375468
507975694
134476733
48971969
842162296
660527174
995202820
667598797
829421146
134251073
325860491
133363071
304841508
426121387
901131274
245548895
446285925
795695198
433118641
164447511
509950204
737819621
74266362
942872372
338670143
858317093
971856590
107089715
691664845
741542539
37531197
971055838
684405941
710969743
779722546
243517065
180096627
865082624
615288369
295731012
323993868
375240543
333999283
509516485
645850835
311909667
219800085
326626978
277481005
612298383
148098681
553790599
360311121
399122458
507954477
326594593
622484262
304003401
567775479
335564823
264037519
680883906
856566760
851838977
610406841
439835849
649129156
432083341
434038280
814902586
641942227
732274131
295863073
935852741
482476114
526577381
238277837
75114853
244846273
392835494
688717950
266911274
322707036
674524835
999371784
389207857
334841557
161682000
423370249
869574624
17384247
831765032
805511993
922248779
39778890
740748468
398143781
330777585
828764438
473817075
216638996
887894750
820874872
965532276
345109227
514725032
511641278
274853366
52342631
975785197
664992113
723123936
478384328
403023574
251637173
210985768
391772011
669020606
675895314
278812582
430603160
792039193
367970398
429372485
674081975
425380271
296766260
289323662
471680542
83151462
376719319
681988114
444158700
216958732
289806298
38694976
270387527
745448048
662257174
962245888
379192745
341224164
571103760
991401349
566740987
385989171
738277876
747949174
125773127
535440363
971611291
418738057
291628074
37259015
713009127
664808828
125493748
36263162
945321709
517617668
785882465
614389383
81924668
632461680
74442448
526380433
967312924
136454334
601664587
377255066
151420640
62567203
379800157
510588021
172892158
294623617
178181721
638148934
77691778
352144941
911317707
740906096
872663373
815253253
608514348
967709876
376570177
930894121
483665370
926014734
505529642
831870626
907603853
38859223
457922952
683745101
146232095
903376987
555894926
555155730
873003222
111479100
306021580
421381480
408960986
8418030
620927511
743273643
869427255
172335615
846528951
49496587
609711440
868173427
159606442
259733375
294956297
265804880
663393736
251741490
537793297
430948187
489668130
254165210
592710485
27445535
200298596
907913813
359559127
713662429
924463167
991056072
928753378
345222831
596650185
788111976
266656121
802551335
164594932
289639685
552849338
167030013
57966229
946008966
194231127
241180560
776475707
318245011
801053053
356951222
303966151
501351053
526083346
890802006
329922327
298153281
234324946
215364531
161063302
745014469
372649083
174991535
891126725
32628092
436815026
592545029
133096927
702452172
270138197
954464758
356107924
314084077
35198559
261714842
885692943
46568697
423964343
839120875
877553641
137371418
635416283
51719880
515546505
521938858
960130920
680311026
162743276
611107085
396857498
214105495
61574366
91456731
314720881
792518385
427731085
860427283
771336033
911296642
631459564
834451333
636778547
350225857
208990299
482847099
790730686
190949520
39463458
248978036
501443533
318617039
495245035
318376108
755771761
227877516
853583011
309669194
753188554
702027141
236695147
89210514
57316192
702378454
524710754
174201528
511158756
617875659
419684039
386442763
562120680
658195639
644458749
498794817
941163838
167062786
961546082
824305729
511976354
350497587
404834445
675217771
33308685
513736633
969360970
411269034
647587904
988329915
973323506
94610108
749150402
630914612
54728252
790819816
875869112
137975039
696653487
93661010
962537771
784366757
617520302
656145686
473827667
771350143
645015591
576881523
965134387
729191431
224527032
91728079
838943226
294807327
202897384
458415192
497018744
511047767
742405494
879467405
508587134
112826084
74203587
94356771
211212445
336969017
335092809
760372485
761427089
229729422
655815398
437539682
407849565
525716845
563286879
400413561
525891480
820946656
474581739
831262162
217172083
18436048
777942453
55688289
971864915
811817803
238323382
294770562
349885903
973628284
545799239
882582149
920696183
870960824
174347676
327624377
721023693
534229678
511292666
247543971
16199021
115690275
835037240
132626791
172204999
746004826
715879013
135481833
695829186
958304934
404660876
531176258
568963389
566116573
670980789
182667572
387337596
5182955
544877674
402044656
553820394
875123823
98594321
611137387
218097983
385683500
502218532
168511100
475398686
255999201
958366300
14842065
130253722
61096085
764961329
153915972
199506027
651724115
18540739
195823827
933379350
851910712
177674036
281480572
835784742
695324624
753829702
383484912
472224263
777532341
884837196
131132374
674085234
160264921
72614083
884455464
465963425
438784774
719160321
925759359
265241487
398526804
475575051
744054510
907149891
708337237
899566278
342197495
685252295
185286307
419462247
932863714
102755538
669162172
732702421
302241217
133468646
35822665
841751764
413241355
902431705
3104488
746218526
949849175
455938008
253840519
482083530
452656326
703725636
508005835
81398212
894493396
859406350
628707681
183809899
45253444
360781682
246472999
179402918
284778961
959720989
174509248
528234076
130248101
823314649
841577801
646304275
745869536
642075582
689181259
716750846
587249886
976442790
819624046
20658915
389238953
258598991
721452471
709707495
953382252
270757065
662491758
505021594
893004086
764851420
318495621
391971914
731750711
598533330
626403010
43578372
226060029
929325981
827576590
275865502
56567221
772065041
919993426
163064891
989928212
892818696
650543117
175990335
463843184
662039132
662410343
312600011
185236707
207544993
29772836
129864082
908533966
846588986
355192161
419774984
633477891
359298529
559831289
715058813
513551906
911209428
52495096
530276568
65929983
851629179
289502767
640940905
404835248
349336394
200477137
193762064
316764632
238590109
652892967
615467939
824119968
338312966
911671352
677168606
394605939
942605964
754376007
498976794
274164675
869699633
252140795
82245958
474797416
766460086
150134329
192223799
569303146
939420485
647612070
486791314
177369858
450312971
481573910
787539639
658612005
493391527
298401955
627414118
839054830
686771908
645085665
852572276
714111166
907373099
406048350
431567863
663902057
294940918
1517913
412604500
103373642
842865455
629790692
156615614
139384773
151464977
866124768
274683992
800983045
206603740
195250514
526176238
242338851
548072929
329103415
335005792
798544524
683735708
526063182
709154974
563586807
511103689
837337867
646256632
432686952
593509765
361097366
228196487
440789326
263197619
531571846
292625047
783991196
308902451
87766084
447703143
675047224
909230731
806905337
317889208
746941667
62894647
33944947
968739553
405946677
332843623
983908684
508287816
423339830
194627891
953748062
475758634
352151481
513290820
694756726
448495734
455512544
132503150
516987562
388085538
917579843
196315983
886439886
522066491
724133339
340510682
113342689
78311379
537212697
920205924
483068335
332371888
523359831
714875779
627471981
184758186
617706595
106141627
896253303
632340653
425870293
547945035
887159139
614694519
546174822
895787899
829051259
1387754
883292090
698070606
950511828
526807163
606341391
252366770
292200237
359282378
739878708
690865955
369874297
629953880
681571662
923248448
328934130
735548128
494781364
348001750
126714590
460156534
90458306
882627150
983937284
574196583
757995177
381662924
699565130
411584631
734884744
634608360
748883119
120313582
931825576
477419729
689395066
794611262
983168109
48423900
534712896
66812750
90892741
598277327
499447533
135155285
700238838
888573373
404087319
528464752
12322562
255873090
554492570
441848487
180393020
395068810
19135215
65346397
921626992
759939525
730158682
281559239
186479233
984576720
15744693
419564465
994392623
772333201
51922061
191504997
640350554
722763323
412843584
498098795
228259019
832114958
36287265
366507728
376829703
128287779
908063370
319260052
938631147
4369186
963838205
250255090
593951962
622285840
689691745
291968484
980833354
838370215
463777427
895699161
960960144
123444827
991845843
819797052
643515873
513869120
963901353
218427865
873577285
165596273
236517093
214809829
371292166
856251762
942712356
721608310
723806382
426079762
645219309
914443007
161524023
208154025
512980989
437175873
909468879
984975609
671893107
802326938
589177410
823163062
869205482
155825783
576723980
840457681
891463811
748662029
624678298
202011091
368690488
139244122
458842429
314627070
596815592
923330165
962355829
398132213
282131463
279303025
240335787
639665144
353050306
169950188
514780478
321509537
681593781
411790352
581027258
620130559
148539891
971640395
467145240
304424823
410590584
238182132
843814351
191230200
849714099
945809204
721468038
770478129
323963039
146234723
868690347
843166703
54145311
83191951
720246572
340635090
559132023
40648127
637056605
57821866
890138229
603454626
907254299
268901518
889436061
506122074
203952325
846204144
620541548
628755888
371457312
92144395
335436137
737779418
944689802
489381481
465154665
219128602
727861298
782913655
745348173
7221456
280798600
108945953
863344822
205595547
253116046
935050061
886371721
815397365
344387585
669273171
762231543
861402905
662237057
948187302
157617468
873286755
941002353
504497435
983671035
227163763
699556524
920639545
848825160
355060456
992135455
875867298
830131908
420103282
693531060
945600905
127202577
297769586
572107468
963596270
713463099
720249900
695042905
201962978
191933647
64124809
464170190
730204800
870576490
791023885
910574582
564667288
55280506
457305898
32938841
360515216
174401382
434449531
995631012
172805806
144587343
476036528
971335862
53447726
40609226
576277393
849070738
614502315
771010883
32945684
900552995
928260643
325109153
727074021
775101177
292527048
356190702
451575919
956922283
854927775
926791371
933344266
120881128
59953702
515505964
658293009
708010752
33239597
591896243
83757400
836483538
273412937
283531838
266401897
576203657
705138901
226131969
343636852
367105470
636991219
591961109
513860030
212784313
791424543
731924241
512398197
924627142
26084878
394188457
650350627
193354257
159068962
800863211
173970015
396969624
774789113
132112795
663694480
291336353
809171896
211111706
766463579
890719403
414501562
38664622
44026976
728059635
616892512
148064278
509809872
876767488
711866393
458026684
105185765
662282138
775947007
824855053
173706620
231603540
763300562
997053456
1082428
990784286
950267677
871117113
589170790
812584816
991552303
594143565
214621323
284502903
280619409
770269385
589285068
158739066
682073137
894131717
711075632
980077254
809239531
469341550
810160725
992307285
272178647
351318624
954284690
430133518
678104229
486893182
967636057
822316292
669899872
30139149
123754025
285169656
768006445
565469106
355436928
916618281
809589471
777845089
904457009
372089326
984327385
173944028
950497865
533728810
68202182
306236989
889132821
499072267
35790225
655902082
990365363
636863422
802311859
825949705
137790562
345785316
891168680
674393663
816956186
235675154
584293879
963220648
837465019
879359221
988983592
570356669
989443706
612545319
55114405
186047046
726799333
678846410
645564741
312840254
966769509
558059587
286130501
596990977
167918558
42009816
446594587
586575735
636878660
329781590
680567237
867721195
739786249
483103
104341409
53750966
809308885
378021395
245639371
701565672
978326779
762559562
361689973
403607277
900296139
167611467
946891121
822457676
753858991
335351422
230485745
202107159
420176351
317831038
668801468
123303585
232836058
125999107
185899005
511984671
669225139
567079079
674589389
389390522
998425308
248504346
518959249
420454730
160899937
819159292
12642350
931301794
555125886
748473410
905939784
112534652
599566772
854997258
763514810
551602531
556420900
555951044
671354862
789303637
468054021
543460061
166264315
976190293
944388900
16601801
421285675
783257532
823422883
683553171
478051944
262906214
659172989
902164985
588416483
294099287
668463180
371239796
760209812
888528663
16800672
378571928
586081879
